Kongrou 0.0551 123 13 782 487
Kongrou 0.0143 87 -104 948 654
Kongrou 0.0043 345 -373 787 2
Kongrou 0.0027 393 -867 756 512
Kongrou 0.0018 113 -686 1075 263
Kongrou 0.0016 194 -433 1023 72
Kongrou 0.0013 253 457 971 907
Kongrou 0.0012 428 -538 789 174
Kongrou 0.0010 698 109 899 411
Rouzaofun 0.0049 123 13 782 487
Rouzaofun 0.0038 87 -104 948 654
Rouzaofun 0.0028 345 -373 787 2
Rouzaofun 0.0021 393 -867 756 512
Rouzaofun 0.0019 113 -686 1075 263
Rouzaofun 0.0017 253 457 971 907
Rouzaofun 0.0014 194 -433 1023 72
Rouzaofun 0.0012 336 581 590 729
Rouzaofun 0.0010 698 109 899 411
Rouzaofun 0.0010 234 567 493 743
Rice_with_Shredded_Chicken 0.0152 164 35 818 542
Rice_with_Shredded_Chicken 0.0022 262 -591 866 223
Rice_with_Shredded_Chicken 0.0021 393 -867 756 512
Rice_with_Shredded_Chicken 0.0018 345 -373 787 2
Rice_with_Shredded_Chicken 0.0011 38 -151 999 549
migao 0.0177 123 13 782 487
migao 0.0086 87 -104 948 654
migao 0.0049 345 -373 787 2
migao 0.0023 393 -867 756 512
migao 0.0022 253 457 971 907
migao 0.0018 262 -591 866 223
migao 0.0011 336 581 590 729
wagui 0.0045 161 2 822 498
wagui 0.0028 345 -373 787 2
wagui 0.0024 393 -867 756 512
wagui 0.0022 113 -686 1075 263
wagui 0.0019 336 581 590 729
