Kongrou 0.0262 -3 -5 279 187
Kongrou 0.0072 72 13 245 171
Kongrou 0.0029 72 34 155 111
Kongrou 0.0024 97 -75 227 13
Kongrou 0.0023 112 -154 215 96
Kongrou 0.0022 84 121 278 272
Kongrou 0.0021 73 -164 284 92
Kongrou 0.0016 62 65 296 331
Kongrou 0.0015 -69 -87 79 28
Rouzaofun 0.0201 -3 -5 279 187
Rouzaofun 0.0046 72 13 245 171
Rouzaofun 0.0038 54 24 172 111
Rouzaofun 0.0021 32 -158 328 89
Rouzaofun 0.0020 62 100 295 291
Rouzaofun 0.0019 97 -75 227 13
Rouzaofun 0.0017 112 -154 215 96
Rouzaofun 0.0012 -69 -87 79 28
Rice_with_Shredded_Chicken 0.0202 -3 -5 279 187
Rice_with_Shredded_Chicken 0.0038 72 13 245 171
Rice_with_Shredded_Chicken 0.0022 73 -164 284 92
Rice_with_Shredded_Chicken 0.0020 62 100 295 291
Rice_with_Shredded_Chicken 0.0020 54 24 172 111
Rice_with_Shredded_Chicken 0.0018 112 -154 215 96
Rice_with_Shredded_Chicken 0.0015 97 -75 227 13
Rice_with_Shredded_Chicken 0.0014 -69 -87 79 28
migao 0.0212 -3 -5 279 187
migao 0.0059 72 13 245 171
migao 0.0032 97 -75 227 13
migao 0.0024 62 100 295 291
migao 0.0024 72 34 155 111
migao 0.0021 112 -154 215 96
migao 0.0021 73 -164 284 92
migao 0.0013 -69 -87 79 28
migao 0.0011 246 138 276 176
wagui 0.0660 -3 -5 279 187
wagui 0.0066 72 13 245 171
wagui 0.0031 246 138 276 176
wagui 0.0024 54 24 172 111
wagui 0.0024 32 -158 328 89
wagui 0.0021 112 -154 215 96
wagui 0.0018 97 -75 227 13
wagui 0.0017 133 -4 168 12
wagui 0.0017 62 100 295 291
wagui 0.0015 48 9 238 100
wagui 0.0013 -69 -87 79 28
wagui 0.0011 207 -2 284 33
