Kongrou 0.0109 318 158 673 433
Kongrou 0.0104 235 98 811 515
Kongrou 0.0049 503 24 758 139
Kongrou 0.0044 83 -6 938 584
Kongrou 0.0032 361 -567 971 218
Kongrou 0.0022 140 468 757 841
Kongrou 0.0022 372 -340 823 14
Kongrou 0.0019 426 -685 780 372
Kongrou 0.0015 262 342 913 1006
Kongrou 0.0014 205 299 513 564
Kongrou 0.0010 135 201 677 568
Kongrou 0.0010 -408 -400 525 82
Rouzaofun 0.0154 271 144 755 449
Rouzaofun 0.0063 503 24 758 139
Rouzaofun 0.0031 148 -620 1180 267
Rouzaofun 0.0027 155 4 850 580
Rouzaofun 0.0018 250 465 954 919
Rouzaofun 0.0018 205 299 513 564
Rouzaofun 0.0015 372 -340 823 14
Rouzaofun 0.0013 426 -685 780 372
Rouzaofun 0.0012 222 219 952 1131
Rouzaofun 0.0010 332 521 781 861
Rouzaofun 0.0010 326 99 625 376
Rice_with_Shredded_Chicken 0.0083 271 144 755 449
Rice_with_Shredded_Chicken 0.0065 83 -6 938 584
Rice_with_Shredded_Chicken 0.0053 503 24 758 139
Rice_with_Shredded_Chicken 0.0030 298 -643 1016 280
Rice_with_Shredded_Chicken 0.0014 426 -685 780 372
Rice_with_Shredded_Chicken 0.0013 183 320 981 1034
Rice_with_Shredded_Chicken 0.0012 372 -340 823 14
migao 0.0103 318 158 673 433
migao 0.0059 503 24 758 139
migao 0.0051 83 -6 938 584
migao 0.0045 235 98 811 515
migao 0.0029 298 -643 1016 280
migao 0.0027 372 -340 823 14
migao 0.0023 250 465 954 919
migao 0.0020 332 521 781 861
migao 0.0016 426 -685 780 372
migao 0.0010 205 299 513 564
wagui 0.0100 503 24 758 139
wagui 0.0099 271 144 755 449
wagui 0.0036 148 -620 1180 267
wagui 0.0019 83 -6 938 584
wagui 0.0017 140 468 757 841
wagui 0.0017 426 -685 780 372
wagui 0.0014 372 -340 823 14
wagui 0.0012 222 219 952 1131
wagui 0.0012 365 -141 430 -44
wagui 0.0012 139 -3 345 89
wagui 0.0011 422 -136 527 -10
wagui 0.0010 349 599 521 731
