Kongrou 0.0170 196 85 696 419
Kongrou 0.0094 331 87 577 337
Kongrou 0.0046 34 1 775 539
Kongrou 0.0017 258 283 917 863
Kongrou 0.0015 148 -475 781 263
Kongrou 0.0012 748 142 804 251
Rouzaofun 0.0132 284 71 621 354
Rouzaofun 0.0022 748 142 804 251
Rouzaofun 0.0018 148 -475 781 263
Rouzaofun 0.0015 34 1 775 539
Rouzaofun 0.0013 269 285 1027 867
Rouzaofun 0.0010 203 99 689 466
Rice_with_Shredded_Chicken 0.0072 284 71 621 354
Rice_with_Shredded_Chicken 0.0033 203 99 689 466
Rice_with_Shredded_Chicken 0.0032 34 1 775 539
Rice_with_Shredded_Chicken 0.0023 748 142 804 251
Rice_with_Shredded_Chicken 0.0016 148 -475 781 263
Rice_with_Shredded_Chicken 0.0013 269 285 1027 867
migao 0.0086 284 71 621 354
migao 0.0040 203 99 689 466
migao 0.0026 34 1 775 539
migao 0.0023 748 142 804 251
migao 0.0015 148 -475 781 263
migao 0.0012 258 283 917 863
migao 0.0010 222 418 729 757
wagui 0.0088 284 71 621 354
wagui 0.0072 748 142 804 251
wagui 0.0021 227 121 726 504
wagui 0.0020 148 -475 781 263
wagui 0.0012 258 283 917 863
wagui 0.0012 34 1 775 539
