Kongrou 0.0338 139 132 627 498
Kongrou 0.0040 50 48 756 565
Kongrou 0.0011 154 355 642 975
Kongrou 0.0011 292 432 1001 910
Kongrou 0.0010 265 450 623 862
Kongrou 0.0010 241 111 709 398
Rouzaofun 0.0022 139 132 627 498
Rouzaofun 0.0014 216 119 596 342
Rouzaofun 0.0011 154 355 642 975
Rouzaofun 0.0010 261 334 1021 1001
Rice_with_Shredded_Chicken 0.0126 139 132 627 498
Rice_with_Shredded_Chicken 0.0017 50 48 756 565
Rice_with_Shredded_Chicken 0.0011 233 388 1072 946
Rice_with_Shredded_Chicken 0.0010 265 450 623 862
migao 0.0120 139 132 627 498
migao 0.0024 50 48 756 565
migao 0.0012 233 388 1072 946
wagui 0.0025 139 132 627 498
wagui 0.0016 755 3 829 87
wagui 0.0011 306 550 445 617
wagui 0.0011 154 355 642 975
wagui 0.0010 261 334 1021 1001
