Kongrou 0.0174 55 48 251 144
Kongrou 0.0118 -1 4 69 77
Kongrou 0.0047 16 4 260 181
Kongrou 0.0021 86 54 183 122
Kongrou 0.0012 66 91 299 303
Kongrou 0.0011 77 20 250 110
Rouzaofun 0.0164 -1 4 69 77
Rouzaofun 0.0043 45 42 240 129
Rouzaofun 0.0026 86 54 183 122
Rouzaofun 0.0017 82 18 246 175
Rouzaofun 0.0012 218 -53 325 84
Rouzaofun 0.0010 232 -22 312 52
Rice_with_Shredded_Chicken 0.0088 -1 4 69 77
Rice_with_Shredded_Chicken 0.0054 55 48 251 144
Rice_with_Shredded_Chicken 0.0023 16 4 260 181
Rice_with_Shredded_Chicken 0.0012 86 54 183 122
Rice_with_Shredded_Chicken 0.0011 218 -53 325 84
migao 0.0128 -1 4 69 77
migao 0.0081 59 37 247 134
migao 0.0021 16 4 260 181
migao 0.0016 86 54 183 122
migao 0.0010 218 -53 325 84
migao 0.0010 66 91 299 303
wagui 0.0203 55 48 251 144
wagui 0.0114 -1 4 69 77
wagui 0.0016 86 54 183 122
wagui 0.0015 16 4 260 181
wagui 0.0012 20 -171 297 95
wagui 0.0011 149 201 173 240
wagui 0.0010 83 153 121 182
wagui 0.0010 218 -53 325 84
