Kongrou 0.0439 124 63 749 483
Kongrou 0.0050 9 20 974 653
Kongrou 0.0038 156 -556 1143 305
Kongrou 0.0014 239 237 865 612
Kongrou 0.0012 334 -292 838 68
Kongrou 0.0011 -254 -334 288 121
Kongrou 0.0011 398 -667 787 461
Rouzaofun 0.0043 156 -556 1143 305
Rouzaofun 0.0033 124 63 749 483
Rouzaofun 0.0014 170 199 610 520
Rouzaofun 0.0012 9 20 974 653
Rouzaofun 0.0010 432 302 882 607
Rouzaofun 0.0010 -254 -334 288 121
Rouzaofun 0.0010 341 122 631 442
Rice_with_Shredded_Chicken 0.0115 124 63 749 483
Rice_with_Shredded_Chicken 0.0045 9 20 974 653
Rice_with_Shredded_Chicken 0.0042 156 -556 1143 305
Rice_with_Shredded_Chicken 0.0024 241 307 862 619
Rice_with_Shredded_Chicken 0.0011 -254 -334 288 121
Rice_with_Shredded_Chicken 0.0011 533 736 630 860
migao 0.0166 124 63 749 483
migao 0.0035 156 -556 1143 305
migao 0.0031 9 20 974 653
migao 0.0016 334 -292 838 68
migao 0.0011 -337 -334 383 106
migao 0.0010 398 -667 787 461
migao 0.0010 533 736 630 860
wagui 0.0049 156 -556 1143 305
wagui 0.0049 124 63 749 483
wagui 0.0016 533 736 630 860
wagui 0.0012 9 20 974 653
wagui 0.0011 334 -292 838 68
wagui 0.0010 398 -667 787 461
