Kongrou 0.0446 324 72 524 275
Kongrou 0.0340 20 145 213 300
Kongrou 0.0162 103 8 302 166
Kongrou 0.0136 11 296 198 346
Kongrou 0.0050 233 58 579 325
Kongrou 0.0042 358 158 465 236
Kongrou 0.0036 190 315 516 560
Kongrou 0.0034 358 102 490 219
Kongrou 0.0028 234 -215 523 5
Kongrou 0.0021 1 264 205 379
Kongrou 0.0021 270 -407 494 206
Kongrou 0.0020 235 114 479 769
Kongrou 0.0015 182 -387 648 152
Kongrou 0.0014 127 27 253 146
Kongrou 0.0012 62 161 220 260
Kongrou 0.0011 -64 37 76 260
Kongrou 0.0010 293 131 506 314
Rouzaofun 0.0659 324 72 524 275
Rouzaofun 0.0573 20 145 213 300
Rouzaofun 0.0260 11 296 198 346
Rouzaofun 0.0216 103 8 302 166
Rouzaofun 0.0058 253 96 545 325
Rouzaofun 0.0036 1 264 205 379
Rouzaofun 0.0033 358 102 490 219
Rouzaofun 0.0033 358 158 465 236
Rouzaofun 0.0028 190 315 516 560
Rouzaofun 0.0020 234 -215 523 5
Rouzaofun 0.0019 -107 15 119 282
Rouzaofun 0.0018 19 -18 286 194
Rouzaofun 0.0015 235 114 479 769
Rouzaofun 0.0015 270 -407 494 206
Rouzaofun 0.0014 62 161 220 260
Rouzaofun 0.0014 69 -386 774 163
Rouzaofun 0.0013 127 27 253 146
Rouzaofun 0.0011 -51 48 87 250
Rouzaofun 0.0011 404 -6 640 109
Rouzaofun 0.0011 154 -291 601 87
Rouzaofun 0.0010 215 -309 826 380
Rouzaofun 0.0010 288 208 771 470
Rice_with_Shredded_Chicken 0.0299 11 296 198 346
Rice_with_Shredded_Chicken 0.0267 324 72 524 275
Rice_with_Shredded_Chicken 0.0260 20 145 213 300
Rice_with_Shredded_Chicken 0.0101 103 8 302 166
Rice_with_Shredded_Chicken 0.0037 233 58 579 325
Rice_with_Shredded_Chicken 0.0027 1 264 205 379
Rice_with_Shredded_Chicken 0.0021 358 102 490 219
Rice_with_Shredded_Chicken 0.0020 358 158 465 236
Rice_with_Shredded_Chicken 0.0017 235 114 479 769
Rice_with_Shredded_Chicken 0.0016 182 -387 648 152
Rice_with_Shredded_Chicken 0.0015 270 -407 494 206
Rice_with_Shredded_Chicken 0.0015 234 -215 523 5
Rice_with_Shredded_Chicken 0.0015 190 315 516 560
Rice_with_Shredded_Chicken 0.0013 -107 15 119 282
Rice_with_Shredded_Chicken 0.0013 215 -309 826 380
Rice_with_Shredded_Chicken 0.0011 1 1 365 188
Rice_with_Shredded_Chicken 0.0010 -51 48 87 250
migao 0.0528 324 72 524 275
migao 0.0422 20 145 213 300
migao 0.0270 11 296 198 346
migao 0.0151 103 8 302 166
migao 0.0047 190 315 516 560
migao 0.0037 233 58 579 325
migao 0.0034 234 -215 523 5
migao 0.0031 358 158 465 236
migao 0.0025 1 264 205 379
migao 0.0025 358 102 490 219
migao 0.0018 235 114 479 769
migao 0.0018 270 -407 494 206
migao 0.0016 182 -387 648 152
migao 0.0012 215 -309 826 380
migao 0.0010 -64 37 76 260
migao 0.0010 62 161 220 260
migao 0.0010 127 27 253 146
wagui 0.0594 11 296 198 346
wagui 0.0363 282 60 540 288
wagui 0.0321 20 145 213 300
wagui 0.0115 103 8 302 166
wagui 0.0036 1 264 205 379
wagui 0.0027 358 158 465 236
wagui 0.0024 190 315 516 560
wagui 0.0019 358 102 490 219
wagui 0.0018 234 -215 523 5
wagui 0.0018 270 -407 494 206
wagui 0.0017 56 -412 682 164
wagui 0.0017 235 114 479 769
wagui 0.0012 215 -309 826 380
wagui 0.0012 425 14 620 86
wagui 0.0012 327 129 521 316
wagui 0.0011 -3 45 64 178
wagui 0.0011 -37 -319 484 89
wagui 0.0010 -107 15 119 282
