Kongrou 0.0338 47 1 556 453
Kongrou 0.0202 108 90 419 383
Kongrou 0.0038 201 58 509 367
Kongrou 0.0026 275 71 451 251
Kongrou 0.0024 185 184 356 368
Kongrou 0.0023 206 -153 554 70
Kongrou 0.0018 278 -269 482 191
Kongrou 0.0018 138 155 311 352
Rouzaofun 0.0077 47 1 556 453
Rouzaofun 0.0041 248 68 500 302
Rouzaofun 0.0036 95 128 354 380
Rouzaofun 0.0028 185 184 356 368
Rouzaofun 0.0021 155 77 508 394
Rouzaofun 0.0020 206 -153 554 70
Rouzaofun 0.0014 278 -269 482 191
Rouzaofun 0.0010 153 -337 635 230
Rice_with_Shredded_Chicken 0.0152 47 1 556 453
Rice_with_Shredded_Chicken 0.0062 108 90 419 383
Rice_with_Shredded_Chicken 0.0020 248 68 500 302
Rice_with_Shredded_Chicken 0.0016 206 -153 554 70
Rice_with_Shredded_Chicken 0.0015 278 -269 482 191
Rice_with_Shredded_Chicken 0.0013 185 184 356 368
Rice_with_Shredded_Chicken 0.0011 138 155 311 352
Rice_with_Shredded_Chicken 0.0010 476 392 596 437
migao 0.0251 47 1 556 453
migao 0.0063 108 90 419 383
migao 0.0030 206 -153 554 70
migao 0.0024 201 58 509 367
migao 0.0024 275 71 451 251
migao 0.0018 185 184 356 368
migao 0.0017 278 -269 482 191
migao 0.0015 138 155 311 352
migao 0.0012 476 392 596 437
migao 0.0010 212 295 946 696
wagui 0.0046 47 1 556 453
wagui 0.0025 239 54 485 292
wagui 0.0021 104 85 469 386
wagui 0.0019 476 392 596 437
wagui 0.0014 159 166 405 388
wagui 0.0014 206 -153 554 70
wagui 0.0014 278 -269 482 191
wagui 0.0011 153 -337 635 230
wagui 0.0011 138 155 311 352
wagui 0.0010 326 474 378 541
