Kongrou 0.0235 -35 106 1232 1007
Kongrou 0.0115 311 285 1026 667
Kongrou 0.0085 273 431 972 803
Kongrou 0.0036 182 328 1023 955
Kongrou 0.0031 392 80 977 820
Kongrou 0.0020 499 317 908 613
Kongrou 0.0019 286 625 887 908
Kongrou 0.0017 -291 -263 336 388
Kongrou 0.0010 -156 149 479 618
Rouzaofun 0.0129 -35 106 1232 1007
Rouzaofun 0.0033 286 625 887 908
Rouzaofun 0.0032 424 299 980 632
Rouzaofun 0.0026 369 455 943 801
Rouzaofun 0.0017 -338 -204 385 321
Rouzaofun 0.0013 182 328 1023 955
Rouzaofun 0.0012 220 762 937 1300
Rouzaofun 0.0010 15 836 771 1407
Rice_with_Shredded_Chicken 0.0586 -35 106 1232 1007
Rice_with_Shredded_Chicken 0.0039 273 431 972 803
Rice_with_Shredded_Chicken 0.0036 311 285 1026 667
Rice_with_Shredded_Chicken 0.0018 286 625 887 908
Rice_with_Shredded_Chicken 0.0016 -291 -263 336 388
Rice_with_Shredded_Chicken 0.0012 182 328 1023 955
Rice_with_Shredded_Chicken 0.0012 499 317 908 613
Rice_with_Shredded_Chicken 0.0012 220 762 937 1300
migao 0.0263 -35 106 1232 1007
migao 0.0031 311 285 1026 667
migao 0.0022 273 431 972 803
migao 0.0020 182 328 1023 955
migao 0.0017 -338 -204 385 321
migao 0.0016 499 317 908 613
migao 0.0016 286 625 887 908
migao 0.0012 392 80 977 820
migao 0.0010 220 762 937 1300
wagui 0.0130 -35 106 1232 1007
wagui 0.0022 424 299 980 632
wagui 0.0018 286 625 887 908
wagui 0.0016 369 455 943 801
wagui 0.0015 -338 -204 385 321
wagui 0.0010 204 359 1046 879
wagui 0.0010 220 762 937 1300
