Kongrou 0.0443 56 62 213 142
Kongrou 0.0239 212 28 260 100
Kongrou 0.0036 99 65 194 123
Kongrou 0.0024 74 18 194 165
Kongrou 0.0018 187 33 275 105
Kongrou 0.0013 -2 22 47 96
Kongrou 0.0012 69 69 164 129
Kongrou 0.0012 -57 106 157 325
Rouzaofun 0.0330 212 28 260 100
Rouzaofun 0.0057 56 62 213 142
Rouzaofun 0.0046 99 65 194 123
Rouzaofun 0.0035 187 33 275 105
Rouzaofun 0.0019 74 18 194 165
Rouzaofun 0.0014 -2 22 47 96
Rouzaofun 0.0014 69 69 164 129
Rice_with_Shredded_Chicken 0.0153 212 28 260 100
Rice_with_Shredded_Chicken 0.0142 55 61 213 162
Rice_with_Shredded_Chicken 0.0021 94 65 189 123
Rice_with_Shredded_Chicken 0.0016 187 33 275 105
migao 0.0289 212 28 260 100
migao 0.0149 55 61 213 162
migao 0.0026 99 65 194 123
migao 0.0021 187 33 275 105
migao 0.0013 -57 106 157 325
migao 0.0010 -2 22 47 96
wagui 0.0202 212 28 260 100
wagui 0.0134 55 61 213 162
wagui 0.0024 99 65 194 123
wagui 0.0022 187 33 275 105
wagui 0.0012 135 204 158 233
wagui 0.0011 45 -7 182 53
wagui 0.0011 49 66 174 132
wagui 0.0010 -2 22 47 96
