Kongrou 0.0190 121 53 912 635
Kongrou 0.0147 181 53 753 447
Kongrou 0.0021 319 -480 863 337
Kongrou 0.0021 302 497 699 980
Kongrou 0.0011 94 55 562 584
Kongrou 0.0011 318 -245 745 119
Kongrou 0.0010 377 -659 701 550
Kongrou 0.0010 275 197 792 649
Kongrou 0.0010 449 690 571 797
Rouzaofun 0.0026 170 68 763 502
Rouzaofun 0.0021 214 -481 970 325
Rouzaofun 0.0015 189 519 806 960
Rouzaofun 0.0011 457 709 563 813
Rouzaofun 0.0010 477 688 611 800
Rice_with_Shredded_Chicken 0.0034 170 68 763 502
Rice_with_Shredded_Chicken 0.0024 251 -548 915 390
Rice_with_Shredded_Chicken 0.0021 302 497 699 980
Rice_with_Shredded_Chicken 0.0013 457 709 563 813
Rice_with_Shredded_Chicken 0.0010 477 688 611 800
migao 0.0068 29 80 880 614
migao 0.0040 181 53 753 447
migao 0.0021 251 -548 915 390
migao 0.0018 302 497 699 980
migao 0.0014 318 -245 745 119
migao 0.0014 449 690 571 797
migao 0.0011 454 705 532 817
migao 0.0010 377 -659 701 550
migao 0.0010 -93 -357 858 206
wagui 0.0033 181 53 753 447
wagui 0.0024 214 -481 970 325
wagui 0.0017 29 80 880 614
wagui 0.0017 457 709 563 813
wagui 0.0015 302 497 699 980
wagui 0.0013 477 688 611 800
wagui 0.0011 723 505 850 637
wagui 0.0010 -93 -357 858 206
wagui 0.0010 377 -659 701 550
