Kongrou 0.0400 243 176 437 349
Kongrou 0.0122 54 90 256 227
Kongrou 0.0103 318 35 524 168
Kongrou 0.0053 291 194 482 378
Kongrou 0.0052 178 158 539 357
Kongrou 0.0051 89 109 245 186
Kongrou 0.0023 272 205 408 320
Kongrou 0.0017 94 -368 600 206
Kongrou 0.0013 215 -276 571 124
Kongrou 0.0011 347 31 495 125
Rouzaofun 0.0568 243 176 437 349
Rouzaofun 0.0211 54 90 256 227
Rouzaofun 0.0181 338 24 526 155
Rouzaofun 0.0098 189 172 526 388
Rouzaofun 0.0074 291 194 482 378
Rouzaofun 0.0072 89 109 245 186
Rouzaofun 0.0021 257 30 537 197
Rouzaofun 0.0020 94 -368 600 206
Rouzaofun 0.0020 272 205 408 320
Rouzaofun 0.0010 -114 -94 126 137
Rouzaofun 0.0010 215 -276 571 124
Rice_with_Shredded_Chicken 0.0228 243 176 437 349
Rice_with_Shredded_Chicken 0.0114 189 172 526 388
Rice_with_Shredded_Chicken 0.0084 54 90 256 227
Rice_with_Shredded_Chicken 0.0076 322 28 520 152
Rice_with_Shredded_Chicken 0.0047 89 109 245 186
Rice_with_Shredded_Chicken 0.0030 291 194 482 378
Rice_with_Shredded_Chicken 0.0019 94 -368 600 206
Rice_with_Shredded_Chicken 0.0013 276 195 404 306
Rice_with_Shredded_Chicken 0.0012 311 445 369 520
Rice_with_Shredded_Chicken 0.0010 -6 -16 610 418
Rice_with_Shredded_Chicken 0.0010 215 -276 571 124
Rice_with_Shredded_Chicken 0.0010 -114 -94 126 137
migao 0.0394 243 176 437 349
migao 0.0149 54 90 256 227
migao 0.0121 318 35 524 168
migao 0.0093 189 172 526 388
migao 0.0057 89 109 245 186
migao 0.0048 318 198 500 374
migao 0.0017 94 -368 600 206
migao 0.0016 272 205 408 320
migao 0.0010 347 31 495 125
migao 0.0010 311 445 369 520
wagui 0.0269 243 176 437 349
wagui 0.0143 54 90 256 227
wagui 0.0110 89 109 245 186
wagui 0.0092 338 24 526 155
wagui 0.0050 189 172 526 388
wagui 0.0036 318 198 500 374
wagui 0.0022 94 -368 600 206
wagui 0.0017 311 445 369 520
wagui 0.0012 -17 68 316 262
wagui 0.0011 276 195 404 306
wagui 0.0011 175 2 343 62
wagui 0.0010 257 30 537 197
