Kongrou 0.0495 16 11 630 410
Kongrou 0.0071 104 133 512 404
Kongrou 0.0021 75 -387 672 197
Kongrou 0.0019 209 329 551 603
Kongrou 0.0016 183 209 563 705
Kongrou 0.0015 212 -187 553 29
Kongrou 0.0012 276 -313 490 163
Kongrou 0.0011 15 77 404 364
Kongrou 0.0011 267 61 644 379
Rouzaofun 0.0205 16 11 630 410
Rouzaofun 0.0022 75 -387 672 197
Rouzaofun 0.0021 304 62 657 379
Rouzaofun 0.0015 212 -187 553 29
Rouzaofun 0.0015 209 329 551 603
Rouzaofun 0.0012 183 209 563 705
Rice_with_Shredded_Chicken 0.1114 16 11 630 410
Rice_with_Shredded_Chicken 0.0023 75 -387 672 197
Rice_with_Shredded_Chicken 0.0022 104 133 512 404
Rice_with_Shredded_Chicken 0.0016 304 62 657 379
Rice_with_Shredded_Chicken 0.0014 158 207 585 701
Rice_with_Shredded_Chicken 0.0012 212 -187 553 29
Rice_with_Shredded_Chicken 0.0010 209 329 551 603
Rice_with_Shredded_Chicken 0.0010 276 -313 490 163
migao 0.0679 16 11 630 410
migao 0.0026 209 329 551 603
migao 0.0022 104 133 512 404
migao 0.0022 212 -187 553 29
migao 0.0020 119 -425 618 239
migao 0.0014 158 207 585 701
migao 0.0011 276 -313 490 163
migao 0.0010 304 62 657 379
wagui 0.0165 16 11 630 410
wagui 0.0027 75 -387 672 197
wagui 0.0014 545 337 655 411
wagui 0.0014 209 329 551 603
wagui 0.0013 162 159 585 742
wagui 0.0011 212 -187 553 29
wagui 0.0010 276 -313 490 163
wagui 0.0010 104 133 512 404
