Kongrou 0.0238 401 77 2639 2228
Kongrou 0.0134 878 495 2489 1890
Kongrou 0.0081 960 401 2347 1345
Kongrou 0.0063 869 1132 1630 1894
Kongrou 0.0017 1344 527 2203 1564
Kongrou 0.0013 671 949 1823 1959
Kongrou 0.0011 142 324 1828 1592
Kongrou 0.0010 -476 -583 1151 1969
Kongrou 0.0010 -342 -3 402 942
Kongrou 0.0010 1492 869 2288 1802
Rouzaofun 0.0132 417 260 2611 2051
Rouzaofun 0.0105 960 401 2347 1345
Rouzaofun 0.0070 869 1132 1630 1894
Rouzaofun 0.0022 1344 527 2203 1564
Rouzaofun 0.0020 671 949 1823 1959
Rouzaofun 0.0015 1230 629 2432 1933
Rouzaofun 0.0012 1492 869 2288 1802
Rouzaofun 0.0012 -328 -712 1001 1647
Rouzaofun 0.0011 -342 -3 402 942
Rouzaofun 0.0010 -1205 -760 1954 1603
Rice_with_Shredded_Chicken 0.0325 401 77 2639 2228
Rice_with_Shredded_Chicken 0.0058 960 401 2347 1345
Rice_with_Shredded_Chicken 0.0039 878 495 2489 1890
Rice_with_Shredded_Chicken 0.0035 869 1132 1630 1894
Rice_with_Shredded_Chicken 0.0011 142 324 1828 1592
Rice_with_Shredded_Chicken 0.0011 -342 -3 402 942
Rice_with_Shredded_Chicken 0.0010 -520 -755 1221 1221
Rice_with_Shredded_Chicken 0.0010 671 949 1823 1959
migao 0.0266 401 77 2639 2228
migao 0.0068 960 401 2347 1345
migao 0.0051 869 1132 1630 1894
migao 0.0035 878 495 2489 1890
migao 0.0014 1344 527 2203 1564
migao 0.0010 -1151 -995 1900 1396
migao 0.0010 671 949 1823 1959
wagui 0.0171 401 77 2639 2228
wagui 0.0074 960 401 2347 1345
wagui 0.0038 869 1132 1630 1894
wagui 0.0020 878 495 2489 1890
wagui 0.0011 671 949 1823 1959
wagui 0.0011 -476 -583 1151 1969
wagui 0.0010 1344 527 2203 1564
