Kongrou 0.0299 0 376 618 912
Kongrou 0.0148 -50 229 787 1024
Kongrou 0.0026 494 235 1124 637
Kongrou 0.0025 282 517 838 936
Kongrou 0.0020 679 223 1003 585
Kongrou 0.0012 -307 -222 349 431
Rouzaofun 0.0082 3 372 698 915
Rouzaofun 0.0055 494 235 1124 637
Rouzaofun 0.0024 679 223 1003 585
Rouzaofun 0.0016 45 42 1043 1056
Rouzaofun 0.0014 282 517 838 936
Rouzaofun 0.0012 -161 639 447 1057
Rouzaofun 0.0010 -16 443 451 824
Rice_with_Shredded_Chicken 0.0189 3 372 698 915
Rice_with_Shredded_Chicken 0.0045 494 235 1124 637
Rice_with_Shredded_Chicken 0.0033 45 42 1043 1056
Rice_with_Shredded_Chicken 0.0026 282 517 838 936
Rice_with_Shredded_Chicken 0.0012 -307 -222 349 431
Rice_with_Shredded_Chicken 0.0011 679 223 1003 585
migao 0.0155 -50 229 787 1024
migao 0.0135 0 376 618 912
migao 0.0027 494 235 1124 637
migao 0.0015 679 223 1003 585
migao 0.0015 282 517 838 936
migao 0.0010 -516 -152 562 359
wagui 0.0023 3 372 698 915
wagui 0.0019 625 187 1096 665
wagui 0.0011 1000 -1 1099 104
wagui 0.0010 739 -134 1380 264
