Kongrou 0.0131 76 109 452 362
Kongrou 0.0084 11 53 588 399
Kongrou 0.0032 138 30 464 512
Kongrou 0.0014 201 332 467 651
Kongrou 0.0011 369 39 564 168
Kongrou 0.0010 311 457 391 535
Rouzaofun 0.0253 86 106 487 365
Rouzaofun 0.0053 138 30 464 512
Rouzaofun 0.0014 369 39 564 168
Rouzaofun 0.0012 311 457 391 535
Rouzaofun 0.0011 285 18 610 178
Rouzaofun 0.0010 184 163 529 400
Rice_with_Shredded_Chicken 0.0245 11 53 588 399
Rice_with_Shredded_Chicken 0.0075 76 109 452 362
Rice_with_Shredded_Chicken 0.0033 138 30 464 512
Rice_with_Shredded_Chicken 0.0015 201 332 467 651
Rice_with_Shredded_Chicken 0.0012 311 457 391 535
migao 0.0211 11 53 588 399
migao 0.0112 82 99 445 326
migao 0.0050 138 30 464 512
migao 0.0022 145 134 520 382
migao 0.0014 311 457 391 535
migao 0.0012 201 332 467 651
wagui 0.0034 128 18 469 429
wagui 0.0016 301 459 379 533
wagui 0.0014 322 442 403 526
wagui 0.0014 103 340 471 502
wagui 0.0012 201 332 467 651
wagui 0.0010 313 -27 368 27
wagui 0.0010 296 -13 362 36
