Kongrou 0.0529 191 77 843 555
Kongrou 0.0018 104 175 897 729
Kongrou 0.0015 637 -8 958 201
Kongrou 0.0014 294 556 818 1087
Kongrou 0.0011 -313 -342 358 200
Kongrou 0.0010 93 565 636 1147
Rouzaofun 0.0054 140 77 818 555
Rouzaofun 0.0020 637 -8 958 201
Rouzaofun 0.0012 875 204 1026 564
Rouzaofun 0.0011 -313 -342 358 200
Rouzaofun 0.0010 151 455 844 1209
Rouzaofun 0.0010 -133 675 872 1036
Rouzaofun 0.0010 274 605 833 948
Rice_with_Shredded_Chicken 0.0139 140 77 818 555
Rice_with_Shredded_Chicken 0.0014 294 556 818 1087
Rice_with_Shredded_Chicken 0.0011 93 565 636 1147
Rice_with_Shredded_Chicken 0.0010 274 335 1186 1194
migao 0.0177 140 77 818 555
migao 0.0017 274 605 833 948
migao 0.0013 637 -8 958 201
migao 0.0011 -313 -342 358 200
migao 0.0010 274 335 1186 1194
migao 0.0010 -133 675 872 1036
wagui 0.0072 191 77 843 555
wagui 0.0018 927 20 1015 131
wagui 0.0015 279 681 429 779
wagui 0.0013 910 272 991 496
wagui 0.0013 637 -8 958 201
wagui 0.0011 294 556 818 1087
wagui 0.0010 386 705 513 794
