Kongrou 0.0213 455 31 594 187
Kongrou 0.0119 120 107 455 400
Kongrou 0.0047 190 5 397 75
Kongrou 0.0033 -23 81 525 452
Kongrou 0.0017 397 25 628 217
Kongrou 0.0015 97 3 419 529
Kongrou 0.0014 159 146 314 349
Kongrou 0.0012 156 -14 430 95
Kongrou 0.0010 205 128 383 321
Rouzaofun 0.0328 455 31 594 187
Rouzaofun 0.0064 -13 26 616 420
Rouzaofun 0.0061 182 -8 404 90
Rouzaofun 0.0036 397 25 628 217
Rouzaofun 0.0025 129 -41 468 480
Rouzaofun 0.0019 171 137 493 416
Rouzaofun 0.0018 117 115 354 381
Rouzaofun 0.0016 159 146 314 349
Rouzaofun 0.0013 142 253 476 485
Rouzaofun 0.0012 205 128 383 321
Rouzaofun 0.0011 81 264 517 726
Rouzaofun 0.0011 289 464 390 541
Rice_with_Shredded_Chicken 0.0157 455 31 594 187
Rice_with_Shredded_Chicken 0.0134 -13 26 616 420
Rice_with_Shredded_Chicken 0.0039 190 5 397 75
Rice_with_Shredded_Chicken 0.0038 80 110 449 396
Rice_with_Shredded_Chicken 0.0018 136 -2 470 535
Rice_with_Shredded_Chicken 0.0017 397 25 628 217
Rice_with_Shredded_Chicken 0.0013 156 -14 430 95
Rice_with_Shredded_Chicken 0.0011 289 464 390 541
migao 0.0244 455 31 594 187
migao 0.0081 2 97 592 435
migao 0.0043 190 5 397 75
migao 0.0042 120 107 455 400
migao 0.0020 397 25 628 217
migao 0.0016 97 3 419 529
migao 0.0013 156 -14 430 95
migao 0.0011 289 464 390 541
migao 0.0010 159 146 314 349
wagui 0.0186 455 31 594 187
wagui 0.0059 190 5 397 75
wagui 0.0022 397 25 628 217
wagui 0.0017 80 110 449 396
wagui 0.0016 289 464 390 541
wagui 0.0015 136 -2 470 535
wagui 0.0015 -13 26 616 420
wagui 0.0013 156 -14 430 95
wagui 0.0011 479 -4 571 38
