Kongrou 0.0300 179 60 386 210
Kongrou 0.0063 202 -336 589 189
Kongrou 0.0054 63 144 468 368
Kongrou 0.0041 228 -161 479 25
Kongrou 0.0034 248 -465 470 340
Kongrou 0.0026 401 45 578 179
Kongrou 0.0020 82 44 449 287
Kongrou 0.0019 181 -233 533 52
Kongrou 0.0017 78 211 616 653
Kongrou 0.0015 228 207 488 680
Kongrou 0.0013 202 312 508 566
Kongrou 0.0012 210 75 354 171
Kongrou 0.0012 286 -243 472 112
Rouzaofun 0.0376 179 60 386 210
Rouzaofun 0.0068 58 -334 728 177
Rouzaofun 0.0035 401 45 578 179
Rouzaofun 0.0032 228 -161 479 25
Rouzaofun 0.0025 248 -465 470 340
Rouzaofun 0.0017 107 172 579 682
Rouzaofun 0.0015 181 -233 533 52
Rouzaofun 0.0013 204 392 289 454
Rouzaofun 0.0013 202 312 508 566
Rouzaofun 0.0013 38 149 446 364
Rouzaofun 0.0011 357 49 622 222
Rouzaofun 0.0011 210 75 354 171
Rice_with_Shredded_Chicken 0.0175 179 60 386 210
Rice_with_Shredded_Chicken 0.0067 154 -359 628 201
Rice_with_Shredded_Chicken 0.0028 248 -465 470 340
Rice_with_Shredded_Chicken 0.0023 78 211 616 653
Rice_with_Shredded_Chicken 0.0020 63 144 468 368
Rice_with_Shredded_Chicken 0.0018 228 -161 479 25
Rice_with_Shredded_Chicken 0.0017 401 45 578 179
Rice_with_Shredded_Chicken 0.0014 181 -233 533 52
Rice_with_Shredded_Chicken 0.0013 228 207 488 680
Rice_with_Shredded_Chicken 0.0011 202 312 508 566
Rice_with_Shredded_Chicken 0.0010 286 -243 472 112
Rice_with_Shredded_Chicken 0.0010 204 392 289 454
migao 0.0312 179 60 386 210
migao 0.0061 154 -359 628 201
migao 0.0053 228 -161 479 25
migao 0.0031 248 -465 470 340
migao 0.0026 63 144 468 368
migao 0.0021 401 45 578 179
migao 0.0020 78 211 616 653
migao 0.0020 181 -233 533 52
migao 0.0019 202 312 508 566
migao 0.0014 204 392 289 454
migao 0.0013 228 207 488 680
wagui 0.0240 179 60 386 210
wagui 0.0080 58 -334 728 177
wagui 0.0033 248 -465 470 340
wagui 0.0032 228 -161 479 25
wagui 0.0029 204 392 289 454
wagui 0.0019 401 45 578 179
wagui 0.0017 107 172 579 682
wagui 0.0016 98 184 477 372
wagui 0.0014 123 -219 452 38
wagui 0.0011 202 312 508 566
wagui 0.0011 286 -243 472 112
