Kongrou 0.0554 46 19 758 590
Kongrou 0.0209 73 182 571 511
Kongrou 0.0072 177 0 648 265
Kongrou 0.0032 420 627 517 728
Kongrou 0.0021 291 429 663 885
Kongrou 0.0015 76 -38 817 307
Kongrou 0.0014 343 4 563 245
Kongrou 0.0013 436 613 562 712
Kongrou 0.0013 300 4 606 153
Kongrou 0.0011 345 153 788 541
Rouzaofun 0.0084 46 19 758 590
Rouzaofun 0.0038 420 627 517 728
Rouzaofun 0.0024 292 -10 613 261
Rouzaofun 0.0020 73 182 571 511
Rouzaofun 0.0017 436 613 562 712
Rouzaofun 0.0014 210 411 737 902
Rouzaofun 0.0013 251 -16 654 144
Rouzaofun 0.0012 290 561 493 641
Rouzaofun 0.0011 393 569 543 786
Rouzaofun 0.0011 275 202 631 508
Rouzaofun 0.0010 -164 495 261 871
Rice_with_Shredded_Chicken 0.0265 46 19 758 590
Rice_with_Shredded_Chicken 0.0062 73 182 571 511
Rice_with_Shredded_Chicken 0.0045 420 627 517 728
Rice_with_Shredded_Chicken 0.0028 177 0 648 265
Rice_with_Shredded_Chicken 0.0021 291 429 663 885
Rice_with_Shredded_Chicken 0.0019 436 613 562 712
Rice_with_Shredded_Chicken 0.0013 393 569 543 786
Rice_with_Shredded_Chicken 0.0012 290 561 493 641
Rice_with_Shredded_Chicken 0.0010 -308 -187 503 294
migao 0.0311 46 19 758 590
migao 0.0052 73 182 571 511
migao 0.0048 420 627 517 728
migao 0.0026 177 0 648 265
migao 0.0020 436 613 562 712
migao 0.0017 291 429 663 885
migao 0.0014 290 561 493 641
migao 0.0011 343 4 563 245
migao 0.0010 393 569 543 786
migao 0.0010 -308 -187 503 294
wagui 0.0069 46 19 758 590
wagui 0.0058 420 627 517 728
wagui 0.0036 73 182 571 511
wagui 0.0024 436 613 562 712
wagui 0.0023 290 561 493 641
wagui 0.0018 291 429 663 885
wagui 0.0012 292 -10 613 261
wagui 0.0012 393 569 543 786
