Kongrou 0.0231 19 28 580 426
Kongrou 0.0064 -6 0 133 184
Kongrou 0.0063 81 92 448 380
Kongrou 0.0026 178 329 487 655
Kongrou 0.0020 206 140 554 423
Kongrou 0.0019 -45 -12 217 174
Kongrou 0.0016 307 470 372 544
Kongrou 0.0014 55 288 549 717
Kongrou 0.0010 178 64 534 317
Rouzaofun 0.0075 -6 0 133 184
Rouzaofun 0.0051 19 28 580 426
Rouzaofun 0.0030 -45 -12 217 174
Rouzaofun 0.0022 107 280 495 721
Rouzaofun 0.0017 307 470 372 544
Rouzaofun 0.0017 64 109 416 408
Rouzaofun 0.0014 181 361 486 618
Rice_with_Shredded_Chicken 0.0170 19 28 580 426
Rice_with_Shredded_Chicken 0.0037 -6 0 133 184
Rice_with_Shredded_Chicken 0.0027 178 329 487 655
Rice_with_Shredded_Chicken 0.0024 55 103 380 415
Rice_with_Shredded_Chicken 0.0019 307 470 372 544
Rice_with_Shredded_Chicken 0.0015 -45 -12 217 174
Rice_with_Shredded_Chicken 0.0014 106 82 515 344
Rice_with_Shredded_Chicken 0.0013 -55 278 659 723
migao 0.0106 19 28 580 426
migao 0.0058 -6 0 133 184
migao 0.0021 178 329 487 655
migao 0.0020 307 470 372 544
migao 0.0017 81 92 448 380
migao 0.0016 -45 -12 217 174
migao 0.0015 -55 278 659 723
wagui 0.0049 -6 0 133 184
wagui 0.0039 19 28 580 426
wagui 0.0024 307 470 372 544
wagui 0.0021 178 329 487 655
wagui 0.0019 -45 -12 217 174
wagui 0.0013 137 78 530 348
wagui 0.0013 -55 278 659 723
wagui 0.0010 240 -94 299 -45
