Kongrou 0.0210 293 138 929 479
Kongrou 0.0039 348 -367 865 31
Kongrou 0.0027 154 117 494 320
Kongrou 0.0027 307 523 825 875
Kongrou 0.0025 411 -629 808 309
Kongrou 0.0020 198 255 981 1112
Kongrou 0.0020 110 -606 1074 214
Kongrou 0.0016 354 168 689 464
Kongrou 0.0016 383 192 759 1218
Kongrou 0.0012 183 584 506 758
Rouzaofun 0.0044 154 117 494 320
Rouzaofun 0.0029 295 143 746 492
Rouzaofun 0.0029 348 -367 865 31
Rouzaofun 0.0022 110 -606 1074 214
Rouzaofun 0.0022 307 523 825 875
Rouzaofun 0.0019 411 -629 808 309
Rouzaofun 0.0016 258 272 936 1091
Rouzaofun 0.0013 201 584 526 758
Rouzaofun 0.0012 383 192 759 1218
Rice_with_Shredded_Chicken 0.0106 302 173 921 518
Rice_with_Shredded_Chicken 0.0022 110 -606 1074 214
Rice_with_Shredded_Chicken 0.0022 348 -367 865 31
Rice_with_Shredded_Chicken 0.0021 411 -629 808 309
Rice_with_Shredded_Chicken 0.0019 198 255 981 1112
Rice_with_Shredded_Chicken 0.0016 154 117 494 320
Rice_with_Shredded_Chicken 0.0013 383 192 759 1218
Rice_with_Shredded_Chicken 0.0010 307 523 825 875
migao 0.0097 293 138 929 479
migao 0.0046 348 -367 865 31
migao 0.0037 307 523 825 875
migao 0.0029 154 117 494 320
migao 0.0021 110 -606 1074 214
migao 0.0021 411 -629 808 309
migao 0.0020 198 255 981 1112
migao 0.0014 383 192 759 1218
migao 0.0013 354 168 689 464
wagui 0.0027 110 -606 1074 214
wagui 0.0025 154 117 494 320
wagui 0.0024 348 -367 865 31
wagui 0.0023 411 -629 808 309
wagui 0.0021 268 163 877 526
wagui 0.0019 307 523 825 875
wagui 0.0014 198 255 981 1112
wagui 0.0013 383 192 759 1218
