Kongrou 0.0329 61 96 559 503
Kongrou 0.0038 112 44 860 519
Kongrou 0.0031 485 178 740 436
Kongrou 0.0026 153 -511 834 286
Kongrou 0.0025 141 307 842 914
Kongrou 0.0023 370 151 835 510
Kongrou 0.0021 246 21 520 168
Kongrou 0.0018 364 -269 1005 324
Kongrou 0.0012 275 454 728 795
Kongrou 0.0011 440 -128 899 204
Rouzaofun 0.0076 61 96 559 503
Rouzaofun 0.0041 435 158 789 457
Rouzaofun 0.0029 153 -511 834 286
Rouzaofun 0.0026 246 21 520 168
Rouzaofun 0.0023 116 -9 726 565
Rouzaofun 0.0018 141 307 842 914
Rouzaofun 0.0017 476 221 716 491
Rouzaofun 0.0013 275 454 728 795
Rouzaofun 0.0011 364 -269 1005 324
Rice_with_Shredded_Chicken 0.0132 61 27 793 540
Rice_with_Shredded_Chicken 0.0037 35 96 521 503
Rice_with_Shredded_Chicken 0.0028 153 -511 834 286
Rice_with_Shredded_Chicken 0.0021 435 158 789 457
Rice_with_Shredded_Chicken 0.0020 203 281 778 944
Rice_with_Shredded_Chicken 0.0013 364 -269 1005 324
Rice_with_Shredded_Chicken 0.0012 246 21 520 168
migao 0.0167 61 27 793 540
migao 0.0048 35 96 521 503
migao 0.0026 435 158 789 457
migao 0.0024 180 -550 799 322
migao 0.0021 203 281 778 944
migao 0.0020 275 454 728 795
migao 0.0019 246 21 520 168
migao 0.0013 364 -269 1005 324
migao 0.0010 476 221 716 491
migao 0.0010 440 -128 899 204
wagui 0.0145 61 96 559 503
wagui 0.0032 153 -511 834 286
wagui 0.0029 435 158 789 457
wagui 0.0025 264 37 502 151
wagui 0.0020 141 307 842 914
wagui 0.0016 112 44 860 519
wagui 0.0012 324 -227 1051 270
wagui 0.0012 24 437 185 571
wagui 0.0011 463 636 535 733
