Kongrou 0.0597 174 89 636 423
Kongrou 0.0102 -6 286 47 379
Kongrou 0.0037 259 -206 601 41
Kongrou 0.0031 290 -452 577 299
Kongrou 0.0029 8 34 229 211
Kongrou 0.0023 135 -422 823 241
Kongrou 0.0021 401 18 592 115
Kongrou 0.0019 194 232 758 816
Kongrou 0.0017 -162 -280 662 97
Kongrou 0.0012 88 39 232 123
Kongrou 0.0011 12 -21 308 185
Rouzaofun 0.0232 -6 286 47 379
Rouzaofun 0.0057 149 87 605 425
Rouzaofun 0.0042 8 34 229 211
Rouzaofun 0.0028 135 -422 823 241
Rouzaofun 0.0028 259 -206 601 41
Rouzaofun 0.0022 383 -2 610 137
Rouzaofun 0.0022 290 -452 577 299
Rouzaofun 0.0021 12 -21 308 185
Rouzaofun 0.0021 -36 -362 542 183
Rouzaofun 0.0019 -10 256 52 354
Rouzaofun 0.0016 -53 244 94 423
Rouzaofun 0.0016 215 165 736 888
Rouzaofun 0.0014 -17 298 30 395
Rouzaofun 0.0013 88 39 232 123
Rouzaofun 0.0013 -21 268 35 370
Rouzaofun 0.0012 276 260 900 670
Rouzaofun 0.0011 192 -297 665 139
Rouzaofun 0.0010 292 154 505 399
Rice_with_Shredded_Chicken 0.0266 -6 286 47 379
Rice_with_Shredded_Chicken 0.0178 149 87 605 425
Rice_with_Shredded_Chicken 0.0028 209 -457 736 269
Rice_with_Shredded_Chicken 0.0022 -36 -362 542 183
Rice_with_Shredded_Chicken 0.0022 -44 26 280 220
Rice_with_Shredded_Chicken 0.0019 259 -206 601 41
Rice_with_Shredded_Chicken 0.0019 194 232 758 816
Rice_with_Shredded_Chicken 0.0018 -10 256 52 354
Rice_with_Shredded_Chicken 0.0012 -53 244 94 423
Rice_with_Shredded_Chicken 0.0012 -17 298 30 395
Rice_with_Shredded_Chicken 0.0011 383 -2 610 137
Rice_with_Shredded_Chicken 0.0010 -21 268 35 370
Rice_with_Shredded_Chicken 0.0010 88 39 232 123
migao 0.0267 -6 286 47 379
migao 0.0190 174 89 636 423
migao 0.0046 259 -206 601 41
migao 0.0030 8 34 229 211
migao 0.0028 290 -452 577 299
migao 0.0020 135 -422 823 241
migao 0.0020 194 232 758 816
migao 0.0019 -49 -340 549 157
migao 0.0018 383 -2 610 137
migao 0.0017 -10 256 52 354
migao 0.0015 192 -297 665 139
migao 0.0013 215 395 646 674
migao 0.0013 -17 298 30 395
migao 0.0011 12 -21 308 185
migao 0.0010 -21 268 35 370
migao 0.0010 -53 244 94 423
wagui 0.0686 -6 286 47 379
wagui 0.0053 -10 256 52 354
wagui 0.0046 149 87 605 425
wagui 0.0030 135 -422 823 241
wagui 0.0029 -44 26 280 220
wagui 0.0028 290 -452 577 299
wagui 0.0026 -49 -340 549 157
wagui 0.0026 -17 298 30 395
wagui 0.0025 259 -206 601 41
wagui 0.0024 -21 268 35 370
wagui 0.0022 401 18 592 115
wagui 0.0015 215 165 736 888
wagui 0.0014 88 39 232 123
wagui 0.0013 -53 244 94 423
wagui 0.0013 305 -59 672 177
wagui 0.0013 121 -271 521 54
wagui 0.0011 393 541 460 630
