Kongrou 0.0346 217 299 987 655
Kongrou 0.0257 154 361 1076 1050
Kongrou 0.0117 49 105 387 412
Kongrou 0.0106 521 15 828 296
Kongrou 0.0027 315 562 1050 972
Kongrou 0.0025 681 47 1000 346
Kongrou 0.0022 447 317 819 616
Kongrou 0.0019 362 175 930 776
Kongrou 0.0014 124 425 745 947
Kongrou 0.0012 387 425 896 1108
Kongrou 0.0010 614 -57 1065 370
Kongrou 0.0010 449 43 939 352
Rouzaofun 0.0173 49 105 387 412
Rouzaofun 0.0140 521 15 828 296
Rouzaofun 0.0080 154 361 1076 1050
Rouzaofun 0.0042 217 299 987 655
Rouzaofun 0.0034 596 30 1083 365
Rouzaofun 0.0030 50 -192 652 230
Rouzaofun 0.0028 447 317 819 616
Rouzaofun 0.0018 315 562 1050 972
Rouzaofun 0.0015 721 -25 1002 336
Rouzaofun 0.0013 -29 170 463 474
Rouzaofun 0.0013 -23 40 457 355
Rouzaofun 0.0012 362 175 930 776
Rouzaofun 0.0012 387 425 896 1108
Rouzaofun 0.0010 124 425 745 947
Rice_with_Shredded_Chicken 0.0220 154 361 1076 1050
Rice_with_Shredded_Chicken 0.0092 -24 95 457 426
Rice_with_Shredded_Chicken 0.0082 217 299 987 655
Rice_with_Shredded_Chicken 0.0064 475 0 1062 374
Rice_with_Shredded_Chicken 0.0062 521 15 828 296
Rice_with_Shredded_Chicken 0.0015 50 -192 652 230
Rice_with_Shredded_Chicken 0.0015 315 562 1050 972
Rice_with_Shredded_Chicken 0.0014 681 47 1000 346
Rice_with_Shredded_Chicken 0.0012 447 317 819 616
Rice_with_Shredded_Chicken 0.0010 124 425 745 947
Rice_with_Shredded_Chicken 0.0010 362 175 930 776
migao 0.0283 154 361 1076 1050
migao 0.0112 521 15 828 296
migao 0.0110 49 105 387 412
migao 0.0093 217 299 987 655
migao 0.0023 475 0 1062 374
migao 0.0020 714 7 1009 344
migao 0.0018 447 317 819 616
migao 0.0013 362 175 930 776
migao 0.0010 50 -192 652 230
migao 0.0010 315 562 1050 972
wagui 0.0102 -24 95 457 426
wagui 0.0094 521 15 828 296
wagui 0.0049 475 0 1062 374
wagui 0.0048 154 361 1076 1050
wagui 0.0043 217 299 987 655
wagui 0.0014 681 47 1000 346
wagui 0.0013 447 317 819 616
wagui 0.0012 281 -36 443 56
wagui 0.0010 362 175 930 776
wagui 0.0010 51 865 259 1023
