Kongrou 0.0219 22 15 575 438
Kongrou 0.0119 21 123 370 347
Kongrou 0.0059 267 -2 629 197
Kongrou 0.0056 255 82 595 342
Kongrou 0.0035 313 459 412 532
Kongrou 0.0019 304 470 376 544
Kongrou 0.0018 162 119 505 352
Kongrou 0.0017 189 326 481 658
Kongrou 0.0016 297 416 428 575
Kongrou 0.0013 217 -43 731 289
Kongrou 0.0013 335 445 438 524
Kongrou 0.0011 -131 302 368 701
Kongrou 0.0011 259 390 490 601
Kongrou 0.0010 146 255 542 748
Rouzaofun 0.0054 22 15 575 438
Rouzaofun 0.0043 313 459 412 532
Rouzaofun 0.0023 304 470 376 544
Rouzaofun 0.0020 37 129 400 342
Rouzaofun 0.0019 297 416 428 575
Rouzaofun 0.0018 -177 239 406 763
Rouzaofun 0.0015 345 458 450 534
Rouzaofun 0.0014 246 384 480 607
Rouzaofun 0.0014 205 421 313 478
Rouzaofun 0.0012 309 151 555 356
Rouzaofun 0.0012 78 264 517 737
Rouzaofun 0.0012 96 336 479 547
Rouzaofun 0.0010 196 147 437 359
Rouzaofun 0.0010 131 -7 536 202
Rice_with_Shredded_Chicken 0.0092 22 15 575 438
Rice_with_Shredded_Chicken 0.0049 21 123 370 347
Rice_with_Shredded_Chicken 0.0048 313 459 412 532
Rice_with_Shredded_Chicken 0.0027 304 470 376 544
Rice_with_Shredded_Chicken 0.0024 255 82 595 342
Rice_with_Shredded_Chicken 0.0021 267 -2 629 197
Rice_with_Shredded_Chicken 0.0019 -170 292 400 709
Rice_with_Shredded_Chicken 0.0019 297 416 428 575
Rice_with_Shredded_Chicken 0.0019 189 326 481 658
Rice_with_Shredded_Chicken 0.0016 335 445 438 524
Rice_with_Shredded_Chicken 0.0013 259 390 490 601
Rice_with_Shredded_Chicken 0.0011 205 421 313 478
Rice_with_Shredded_Chicken 0.0011 95 313 481 527
Rice_with_Shredded_Chicken 0.0010 -235 -108 369 185
migao 0.0099 22 15 575 438
migao 0.0053 313 459 412 532
migao 0.0032 21 123 370 347
migao 0.0027 304 470 376 544
migao 0.0017 335 445 438 524
migao 0.0017 267 -2 629 197
migao 0.0017 255 82 595 342
migao 0.0016 297 416 428 575
migao 0.0016 -170 292 400 709
migao 0.0015 189 326 481 658
migao 0.0014 205 421 313 478
migao 0.0011 259 390 490 601
migao 0.0011 64 335 465 549
wagui 0.0059 313 459 412 532
wagui 0.0035 304 470 376 544
wagui 0.0025 205 421 313 478
wagui 0.0024 22 15 575 438
wagui 0.0022 345 458 450 534
wagui 0.0018 297 416 428 575
wagui 0.0018 -30 102 470 373
wagui 0.0015 189 326 481 658
wagui 0.0015 -170 292 400 709
wagui 0.0013 226 409 338 468
wagui 0.0013 193 416 279 459
wagui 0.0011 259 390 490 601
