Kongrou 0.1218 26 -16 351 246
Kongrou 0.0230 43 0 292 155
Kongrou 0.0040 103 20 348 192
Kongrou 0.0023 139 -127 344 17
Kongrou 0.0017 177 -175 303 70
Kongrou 0.0016 129 -225 370 107
Kongrou 0.0014 66 -151 269 14
Kongrou 0.0014 157 -325 298 223
Kongrou 0.0010 121 150 383 368
Rouzaofun 0.0180 26 -16 351 246
Rouzaofun 0.0077 43 0 292 155
Rouzaofun 0.0042 103 20 348 192
Rouzaofun 0.0022 139 -127 344 17
Rouzaofun 0.0015 49 -209 448 84
Rouzaofun 0.0012 177 -175 303 70
Rouzaofun 0.0011 66 -151 269 14
Rouzaofun 0.0010 157 -325 298 223
Rice_with_Shredded_Chicken 0.0134 26 -16 351 246
Rice_with_Shredded_Chicken 0.0038 43 0 292 155
Rice_with_Shredded_Chicken 0.0016 139 -127 344 17
Rice_with_Shredded_Chicken 0.0016 49 -209 448 84
Rice_with_Shredded_Chicken 0.0014 177 -175 303 70
Rice_with_Shredded_Chicken 0.0010 157 -325 298 223
Rice_with_Shredded_Chicken 0.0010 80 -219 253 82
Rice_with_Shredded_Chicken 0.0010 103 20 348 192
Rice_with_Shredded_Chicken 0.0010 76 112 363 408
Rice_with_Shredded_Chicken 0.0010 43 -160 289 26
migao 0.0710 26 -16 351 246
migao 0.0090 43 0 292 155
migao 0.0029 139 -127 344 17
migao 0.0019 103 20 348 192
migao 0.0015 66 -151 269 14
migao 0.0014 177 -175 303 70
migao 0.0013 49 -209 448 84
migao 0.0013 157 -325 298 223
migao 0.0012 117 192 332 340
migao 0.0011 76 112 363 408
wagui 0.0228 26 -16 351 246
wagui 0.0044 43 0 292 155
wagui 0.0020 66 -151 269 14
wagui 0.0020 49 -209 448 84
wagui 0.0014 139 -127 344 17
wagui 0.0014 103 20 348 192
wagui 0.0013 177 -175 303 70
wagui 0.0012 157 -325 298 223
wagui 0.0011 -39 -169 305 50
wagui 0.0010 85 91 354 423
