Kongrou 0.1196 31 70 472 436
Kongrou 0.0226 60 193 419 364
Kongrou 0.0063 260 120 526 322
Kongrou 0.0045 25 217 337 416
Kongrou 0.0043 80 431 140 500
Kongrou 0.0041 39 399 181 532
Kongrou 0.0039 98 82 420 323
Kongrou 0.0038 177 97 612 347
Kongrou 0.0036 9 362 211 571
Kongrou 0.0023 143 141 375 414
Kongrou 0.0017 124 66 433 222
Kongrou 0.0016 350 143 485 308
Kongrou 0.0012 253 328 708 624
Kongrou 0.0012 9 131 135 301
Kongrou 0.0012 103 434 155 497
Kongrou 0.0012 9 117 315 364
Kongrou 0.0011 -135 247 248 564
Rouzaofun 0.0161 31 70 472 436
Rouzaofun 0.0044 39 399 181 532
Rouzaofun 0.0043 35 193 404 364
Rouzaofun 0.0041 80 431 140 500
Rouzaofun 0.0038 9 362 211 571
Rouzaofun 0.0024 316 124 519 327
Rouzaofun 0.0020 70 150 294 443
Rouzaofun 0.0016 -25 117 169 315
Rouzaofun 0.0013 143 141 375 414
Rouzaofun 0.0013 103 434 155 497
Rouzaofun 0.0012 253 328 708 624
Rouzaofun 0.0010 110 57 341 240
Rouzaofun 0.0010 116 88 440 316
Rice_with_Shredded_Chicken 0.0249 31 70 472 436
Rice_with_Shredded_Chicken 0.0055 60 193 419 364
Rice_with_Shredded_Chicken 0.0044 39 399 181 532
Rice_with_Shredded_Chicken 0.0044 80 431 140 500
Rice_with_Shredded_Chicken 0.0041 9 362 211 571
Rice_with_Shredded_Chicken 0.0018 70 150 294 443
Rice_with_Shredded_Chicken 0.0018 260 120 526 322
Rice_with_Shredded_Chicken 0.0013 103 434 155 497
Rice_with_Shredded_Chicken 0.0013 98 82 420 323
Rice_with_Shredded_Chicken 0.0012 177 97 612 347
Rice_with_Shredded_Chicken 0.0012 143 141 375 414
Rice_with_Shredded_Chicken 0.0010 253 328 708 624
migao 0.0445 31 70 472 436
migao 0.0053 62 206 416 388
migao 0.0044 80 431 140 500
migao 0.0036 39 399 181 532
migao 0.0035 9 362 211 571
migao 0.0020 70 150 294 443
migao 0.0015 316 124 519 327
migao 0.0014 253 328 708 624
migao 0.0013 143 141 375 414
migao 0.0013 103 434 155 497
migao 0.0012 177 97 612 347
migao 0.0010 -25 117 169 315
wagui 0.0151 31 70 472 436
wagui 0.0050 80 431 140 500
wagui 0.0040 9 362 211 571
wagui 0.0037 60 193 419 364
wagui 0.0035 39 399 181 532
wagui 0.0018 177 97 612 347
wagui 0.0017 103 434 155 497
wagui 0.0016 303 124 513 327
wagui 0.0014 102 138 340 417
wagui 0.0013 253 328 708 624
wagui 0.0011 116 88 440 316
wagui 0.0011 -25 117 169 315
wagui 0.0010 100 65 419 222
wagui 0.0010 49 425 133 487
wagui 0.0010 233 459 276 511
