Kongrou 0.0437 495 256 794 466
Kongrou 0.0125 135 44 459 293
Kongrou 0.0079 347 -274 838 52
Kongrou 0.0066 403 -566 789 355
Kongrou 0.0038 276 -399 902 182
Kongrou 0.0035 345 265 926 591
Kongrou 0.0033 171 94 422 243
Kongrou 0.0027 168 -571 1142 321
Kongrou 0.0014 153 376 1011 1053
Kongrou 0.0012 367 314 536 446
Kongrou 0.0010 195 246 1073 760
Kongrou 0.0010 590 279 774 442
Rouzaofun 0.0579 495 256 794 466
Rouzaofun 0.0212 135 44 459 293
Rouzaofun 0.0062 347 -274 838 52
Rouzaofun 0.0050 457 228 867 571
Rouzaofun 0.0048 403 -566 789 355
Rouzaofun 0.0041 171 94 422 243
Rouzaofun 0.0033 276 -399 902 182
Rouzaofun 0.0031 168 -571 1142 321
Rouzaofun 0.0015 367 314 536 446
Rouzaofun 0.0014 246 246 654 515
Rouzaofun 0.0013 181 332 975 1101
Rouzaofun 0.0011 372 324 896 684
Rice_with_Shredded_Chicken 0.0247 495 256 794 466
Rice_with_Shredded_Chicken 0.0094 122 41 433 297
Rice_with_Shredded_Chicken 0.0054 403 -566 789 355
Rice_with_Shredded_Chicken 0.0046 347 -274 838 52
Rice_with_Shredded_Chicken 0.0043 276 -399 902 182
Rice_with_Shredded_Chicken 0.0041 345 265 926 591
Rice_with_Shredded_Chicken 0.0029 168 -571 1142 321
Rice_with_Shredded_Chicken 0.0026 171 94 422 243
Rice_with_Shredded_Chicken 0.0013 223 318 930 1110
Rice_with_Shredded_Chicken 0.0012 246 246 654 515
Rice_with_Shredded_Chicken 0.0012 8 25 564 369
Rice_with_Shredded_Chicken 0.0010 367 314 536 446
migao 0.0386 495 256 794 466
migao 0.0158 122 41 433 297
migao 0.0097 347 -274 838 52
migao 0.0058 403 -566 789 355
migao 0.0042 276 -399 902 182
migao 0.0032 171 94 422 243
migao 0.0028 457 228 867 571
migao 0.0025 168 -571 1142 321
migao 0.0014 223 318 930 1110
migao 0.0011 367 314 536 446
wagui 0.0276 495 256 794 466
wagui 0.0141 122 41 433 297
wagui 0.0060 403 -566 789 355
wagui 0.0057 347 -274 838 52
wagui 0.0038 168 -571 1142 321
wagui 0.0036 171 94 422 243
wagui 0.0025 457 228 867 571
wagui 0.0019 276 -399 902 182
wagui 0.0017 8 25 564 369
wagui 0.0016 367 314 536 446
wagui 0.0013 521 742 614 864
wagui 0.0012 181 332 975 1101
wagui 0.0010 172 -367 711 68
