Kongrou 0.0349 129 78 535 373
Kongrou 0.0219 25 0 619 431
Kongrou 0.0049 213 -342 630 188
Kongrou 0.0032 0 3 159 214
Kongrou 0.0020 1 314 133 419
Kongrou 0.0017 60 251 680 666
Kongrou 0.0015 93 168 471 429
Kongrou 0.0013 239 -173 516 33
Kongrou 0.0012 267 -504 498 374
Kongrou 0.0010 279 89 626 410
Kongrou 0.0010 45 -328 793 275
Rouzaofun 0.0087 129 78 535 373
Rouzaofun 0.0050 116 -379 724 216
Rouzaofun 0.0039 -39 -2 223 221
Rouzaofun 0.0023 1 314 133 419
Rouzaofun 0.0016 -5 -1 140 194
Rouzaofun 0.0016 25 0 619 431
Rouzaofun 0.0011 60 251 680 666
Rouzaofun 0.0010 212 -182 601 42
Rice_with_Shredded_Chicken 0.0091 129 78 535 373
Rice_with_Shredded_Chicken 0.0054 25 0 619 431
Rice_with_Shredded_Chicken 0.0048 179 -376 656 210
Rice_with_Shredded_Chicken 0.0024 1 314 133 419
Rice_with_Shredded_Chicken 0.0020 -39 -2 223 221
Rice_with_Shredded_Chicken 0.0015 162 226 575 696
migao 0.0097 129 78 535 373
migao 0.0063 25 0 619 431
migao 0.0046 179 -376 656 210
migao 0.0025 0 3 159 214
migao 0.0024 1 314 133 419
migao 0.0018 239 -173 516 33
migao 0.0016 162 226 575 696
migao 0.0011 267 -504 498 374
wagui 0.0083 129 78 535 373
wagui 0.0056 25 0 619 431
wagui 0.0056 116 -379 724 216
wagui 0.0041 1 314 133 419
wagui 0.0023 0 3 159 214
wagui 0.0012 346 473 404 556
wagui 0.0012 60 251 680 666
wagui 0.0011 267 -504 498 374
wagui 0.0011 239 -173 516 33
