Kongrou 0.0342 9 53 89 105
Kongrou 0.0227 181 50 220 82
Kongrou 0.0226 119 81 196 138
Kongrou 0.0061 172 40 220 92
Kongrou 0.0039 29 61 87 97
Kongrou 0.0023 0 124 130 211
Kongrou 0.0023 102 35 161 63
Kongrou 0.0017 192 2 219 35
Kongrou 0.0014 163 -59 243 100
Kongrou 0.0013 124 78 225 158
Kongrou 0.0012 25 132 99 199
Kongrou 0.0012 135 89 189 129
Kongrou 0.0012 94 -41 306 93
Kongrou 0.0011 146 -22 259 65
Rouzaofun 0.1143 6 125 140 210
Rouzaofun 0.0482 9 53 89 105
Rouzaofun 0.0479 181 50 220 82
Rouzaofun 0.0325 119 81 196 138
Rouzaofun 0.0121 172 40 220 92
Rouzaofun 0.0082 99 78 220 154
Rouzaofun 0.0047 96 27 166 70
Rouzaofun 0.0037 29 61 87 97
Rouzaofun 0.0034 146 -22 259 65
Rouzaofun 0.0029 -6 18 233 207
Rouzaofun 0.0025 105 -33 301 74
Rouzaofun 0.0021 192 2 219 35
Rouzaofun 0.0020 163 -59 243 100
Rouzaofun 0.0018 0 61 107 123
Rouzaofun 0.0017 27 136 98 203
Rouzaofun 0.0015 87 -101 309 149
Rouzaofun 0.0014 139 86 210 150
Rouzaofun 0.0013 175 47 209 77
Rouzaofun 0.0012 209 9 228 37
Rouzaofun 0.0012 135 89 189 129
Rouzaofun 0.0010 194 46 224 78
Rouzaofun 0.0010 51 131 117 200
Rice_with_Shredded_Chicken 0.0392 181 50 220 82
Rice_with_Shredded_Chicken 0.0371 6 125 140 210
Rice_with_Shredded_Chicken 0.0204 9 53 89 105
Rice_with_Shredded_Chicken 0.0143 106 79 208 140
Rice_with_Shredded_Chicken 0.0068 172 40 220 92
Rice_with_Shredded_Chicken 0.0027 -6 18 233 207
Rice_with_Shredded_Chicken 0.0025 102 35 161 63
Rice_with_Shredded_Chicken 0.0025 29 61 87 97
Rice_with_Shredded_Chicken 0.0023 192 2 219 35
Rice_with_Shredded_Chicken 0.0020 105 -33 301 74
Rice_with_Shredded_Chicken 0.0020 146 -22 259 65
Rice_with_Shredded_Chicken 0.0018 163 -59 243 100
Rice_with_Shredded_Chicken 0.0013 209 9 228 37
Rice_with_Shredded_Chicken 0.0012 -14 47 110 116
Rice_with_Shredded_Chicken 0.0010 81 26 181 71
Rice_with_Shredded_Chicken 0.0010 130 87 185 131
migao 0.0536 181 50 220 82
migao 0.0371 6 125 140 210
migao 0.0360 9 53 89 105
migao 0.0217 119 81 196 138
migao 0.0087 172 40 220 92
migao 0.0031 102 35 161 63
migao 0.0028 29 61 87 97
migao 0.0026 192 2 219 35
migao 0.0025 146 -22 259 65
migao 0.0023 99 78 220 154
migao 0.0021 105 -33 301 74
migao 0.0020 163 -59 243 100
migao 0.0013 -6 18 233 207
migao 0.0012 209 9 228 37
migao 0.0011 175 47 209 77
migao 0.0010 27 136 98 203
migao 0.0010 87 -101 309 149
migao 0.0010 81 26 181 71
wagui 0.0950 181 50 220 82
wagui 0.0247 9 53 89 105
wagui 0.0175 106 79 208 140
wagui 0.0126 6 125 140 210
wagui 0.0097 172 40 220 92
wagui 0.0047 192 2 219 35
wagui 0.0043 102 35 161 63
wagui 0.0030 146 -22 259 65
wagui 0.0029 175 47 209 77
wagui 0.0027 29 61 87 97
wagui 0.0027 209 9 228 37
wagui 0.0022 105 -33 301 74
wagui 0.0022 194 46 224 78
wagui 0.0016 163 -59 243 100
wagui 0.0015 -5 152 9 187
wagui 0.0011 87 -101 309 149
wagui 0.0010 -5 47 117 117
wagui 0.0010 -1 156 14 192
