Kongrou 0.0092 119 46 220 128
Kongrou 0.0028 93 154 236 254
Kongrou 0.0025 -56 16 172 245
Kongrou 0.0025 83 43 272 137
Kongrou 0.0024 65 105 282 295
Kongrou 0.0021 50 -128 213 8
Kongrou 0.0020 103 -108 251 10
Kongrou 0.0016 102 18 232 396
Kongrou 0.0015 119 -194 237 101
Kongrou 0.0014 -36 -137 241 28
Kongrou 0.0013 157 51 250 135
Kongrou 0.0010 54 -167 338 61
Rouzaofun 0.0865 83 43 272 137
Rouzaofun 0.0124 119 46 220 128
Rouzaofun 0.0027 -55 25 172 233
Rouzaofun 0.0021 93 154 236 254
Rouzaofun 0.0018 157 51 250 135
Rouzaofun 0.0017 65 105 282 295
Rouzaofun 0.0015 103 -108 251 10
Rouzaofun 0.0013 60 -185 202 66
Rouzaofun 0.0013 -36 -137 241 28
Rouzaofun 0.0012 102 18 232 396
Rouzaofun 0.0011 110 -160 284 56
Rouzaofun 0.0010 130 7 273 171
Rice_with_Shredded_Chicken 0.0132 85 53 271 149
Rice_with_Shredded_Chicken 0.0058 119 46 220 128
Rice_with_Shredded_Chicken 0.0031 -56 16 172 245
Rice_with_Shredded_Chicken 0.0023 57 88 287 311
Rice_with_Shredded_Chicken 0.0015 -13 -167 219 60
Rice_with_Shredded_Chicken 0.0013 102 18 232 396
Rice_with_Shredded_Chicken 0.0012 119 -194 237 101
Rice_with_Shredded_Chicken 0.0011 103 -108 251 10
Rice_with_Shredded_Chicken 0.0010 63 -131 289 36
migao 0.0300 83 43 272 137
migao 0.0081 119 46 220 128
migao 0.0038 93 154 236 254
migao 0.0028 -55 25 172 233
migao 0.0024 57 88 287 311
migao 0.0024 103 -108 251 10
migao 0.0019 50 -128 213 8
migao 0.0015 102 18 232 396
migao 0.0013 119 -194 237 101
migao 0.0012 -13 -167 219 60
migao 0.0012 157 51 250 135
wagui 0.0130 83 43 272 137
wagui 0.0067 119 46 220 128
wagui 0.0027 50 -128 213 8
wagui 0.0023 -56 16 172 245
wagui 0.0022 -13 -167 219 60
wagui 0.0021 93 154 236 254
wagui 0.0018 57 88 287 311
wagui 0.0015 102 18 232 396
wagui 0.0013 54 -167 338 61
wagui 0.0013 103 -108 251 10
wagui 0.0013 119 -194 237 101
wagui 0.0010 10 -70 41 -7
