Kongrou 0.0233 2 11 259 179
Kongrou 0.0059 21 33 190 147
Kongrou 0.0032 71 38 240 162
Kongrou 0.0019 74 143 218 239
Kongrou 0.0017 137 202 161 236
Kongrou 0.0016 36 128 254 256
Kongrou 0.0015 81 76 213 307
Kongrou 0.0013 79 -89 304 120
Rouzaofun 0.1843 2 11 259 179
Rouzaofun 0.0174 21 33 190 147
Rouzaofun 0.0040 71 38 240 162
Rouzaofun 0.0020 137 202 161 236
Rouzaofun 0.0019 49 145 203 237
Rouzaofun 0.0016 81 76 213 307
Rouzaofun 0.0013 49 28 216 243
Rouzaofun 0.0013 79 -89 304 120
Rouzaofun 0.0010 30 -18 233 130
Rice_with_Shredded_Chicken 0.1571 2 11 259 179
Rice_with_Shredded_Chicken 0.0063 21 33 190 147
Rice_with_Shredded_Chicken 0.0026 137 202 161 236
Rice_with_Shredded_Chicken 0.0016 71 38 240 162
Rice_with_Shredded_Chicken 0.0016 74 143 218 239
Rice_with_Shredded_Chicken 0.0015 36 128 254 256
Rice_with_Shredded_Chicken 0.0015 81 76 213 307
Rice_with_Shredded_Chicken 0.0011 105 -92 277 123
migao 0.1141 2 11 259 179
migao 0.0063 21 33 190 147
migao 0.0024 137 202 161 236
migao 0.0018 81 76 213 307
migao 0.0018 71 38 240 162
migao 0.0017 74 143 218 239
migao 0.0014 36 128 254 256
migao 0.0012 49 28 216 243
wagui 0.0179 2 11 259 179
wagui 0.0035 137 202 161 236
wagui 0.0022 21 33 190 147
wagui 0.0020 49 145 203 237
wagui 0.0016 81 76 213 307
wagui 0.0013 79 -89 304 120
wagui 0.0011 143 201 175 237
