Kongrou 0.0053 37 19 258 173
Kongrou 0.0016 110 -113 350 65
Kongrou 0.0011 28 133 261 229
Rouzaofun 0.1767 13 18 247 175
Rouzaofun 0.0056 85 10 242 133
Rouzaofun 0.0032 36 14 191 130
Rouzaofun 0.0022 58 59 209 183
Rouzaofun 0.0018 110 -113 350 65
Rouzaofun 0.0010 151 121 345 312
Rouzaofun 0.0010 119 36 267 167
Rice_with_Shredded_Chicken 0.0438 13 18 247 175
Rice_with_Shredded_Chicken 0.0020 110 -113 350 65
Rice_with_Shredded_Chicken 0.0011 85 10 242 133
Rice_with_Shredded_Chicken 0.0010 28 133 261 229
Rice_with_Shredded_Chicken 0.0010 79 81 210 281
migao 0.0581 37 19 258 173
migao 0.0016 110 -113 350 65
migao 0.0012 56 14 172 189
migao 0.0011 58 12 230 111
migao 0.0010 80 66 210 318
migao 0.0010 102 130 394 298
migao 0.0010 28 133 261 229
wagui 0.0069 13 18 247 175
wagui 0.0013 110 -113 350 65
wagui 0.0013 100 -12 123 12
wagui 0.0011 102 130 394 298
wagui 0.0010 28 133 261 229
wagui 0.0010 41 -139 298 92
