Kongrou 0.0052 38 51 177 164
Kongrou 0.0027 143 7 172 39
Kongrou 0.0027 136 14 162 41
Kongrou 0.0015 124 -3 173 59
Kongrou 0.0014 110 -24 188 80
Kongrou 0.0013 125 20 146 44
Rouzaofun 0.0456 16 34 209 190
Rouzaofun 0.0136 60 52 189 163
Rouzaofun 0.0025 143 7 172 39
Rouzaofun 0.0023 136 14 162 41
Rouzaofun 0.0015 110 -24 188 80
Rouzaofun 0.0014 124 -3 173 59
Rouzaofun 0.0012 125 20 146 44
Rice_with_Shredded_Chicken 0.0113 16 34 209 190
Rice_with_Shredded_Chicken 0.0029 59 61 190 171
Rice_with_Shredded_Chicken 0.0025 143 7 172 39
Rice_with_Shredded_Chicken 0.0023 136 14 162 41
Rice_with_Shredded_Chicken 0.0017 110 -24 188 80
Rice_with_Shredded_Chicken 0.0014 138 -11 176 59
Rice_with_Shredded_Chicken 0.0012 125 20 146 44
migao 0.0248 16 34 209 190
migao 0.0060 59 61 190 171
migao 0.0025 143 7 172 39
migao 0.0021 136 14 162 41
migao 0.0015 110 -24 188 80
migao 0.0014 124 -3 173 59
migao 0.0010 125 20 146 44
migao 0.0010 144 -11 180 59
wagui 0.0154 16 34 209 190
wagui 0.0029 143 7 172 39
wagui 0.0027 136 14 162 41
wagui 0.0020 59 61 190 171
wagui 0.0017 110 -24 188 80
wagui 0.0017 125 20 146 44
wagui 0.0011 124 -3 173 59
wagui 0.0010 149 1 183 37
