Kongrou 0.0069 91 -71 236 34
Kongrou 0.0051 49 35 217 148
Kongrou 0.0048 116 -114 212 80
Kongrou 0.0037 52 -87 196 31
Kongrou 0.0017 59 -140 188 86
Kongrou 0.0016 137 149 359 285
Kongrou 0.0014 113 100 383 328
Rouzaofun 0.1031 57 34 230 148
Rouzaofun 0.0055 91 -71 236 34
Rouzaofun 0.0034 116 -114 212 80
Rouzaofun 0.0026 121 27 265 156
Rouzaofun 0.0024 0 -3 260 157
Rouzaofun 0.0022 59 -140 188 86
Rouzaofun 0.0021 52 -87 196 31
Rouzaofun 0.0018 113 100 383 328
Rouzaofun 0.0011 137 149 359 285
Rice_with_Shredded_Chicken 0.0152 57 34 230 148
Rice_with_Shredded_Chicken 0.0039 91 -71 236 34
Rice_with_Shredded_Chicken 0.0038 116 -114 212 80
Rice_with_Shredded_Chicken 0.0020 45 -94 201 42
Rice_with_Shredded_Chicken 0.0017 113 100 383 328
Rice_with_Shredded_Chicken 0.0010 135 204 158 233
Rice_with_Shredded_Chicken 0.0010 137 149 359 285
migao 0.0345 57 34 230 148
migao 0.0082 91 -71 236 34
migao 0.0040 116 -114 212 80
migao 0.0039 52 -87 196 31
migao 0.0023 59 -140 188 86
migao 0.0020 113 100 383 328
migao 0.0012 137 149 359 285
wagui 0.0048 91 -71 236 34
wagui 0.0047 52 -87 196 31
wagui 0.0044 57 34 230 148
wagui 0.0039 116 -114 212 80
wagui 0.0021 59 -140 188 86
wagui 0.0015 135 204 158 233
wagui 0.0015 149 117 345 317
wagui 0.0010 38 -141 302 92
