Kongrou 0.0061 94 52 207 148
Kongrou 0.0052 64 145 243 256
Kongrou 0.0034 98 119 207 285
Kongrou 0.0026 90 49 199 357
Kongrou 0.0026 1 84 52 174
Kongrou 0.0025 29 5 114 55
Kongrou 0.0019 46 111 293 281
Kongrou 0.0015 135 203 167 234
Kongrou 0.0013 119 42 202 117
Rouzaofun 0.0734 85 39 222 145
Rouzaofun 0.0075 110 60 192 139
Rouzaofun 0.0061 64 145 243 256
Rouzaofun 0.0037 1 84 52 174
Rouzaofun 0.0036 29 5 114 55
Rouzaofun 0.0030 98 119 207 285
Rouzaofun 0.0026 90 49 199 357
Rouzaofun 0.0023 61 -1 236 195
Rouzaofun 0.0018 119 42 202 117
Rouzaofun 0.0017 135 203 167 234
Rouzaofun 0.0014 46 111 293 281
Rouzaofun 0.0011 -80 156 112 264
Rouzaofun 0.0010 -11 87 75 192
Rice_with_Shredded_Chicken 0.0270 85 39 222 145
Rice_with_Shredded_Chicken 0.0035 64 145 243 256
Rice_with_Shredded_Chicken 0.0032 110 60 192 139
Rice_with_Shredded_Chicken 0.0029 98 119 207 285
Rice_with_Shredded_Chicken 0.0022 90 49 199 357
Rice_with_Shredded_Chicken 0.0021 5 -4 254 199
Rice_with_Shredded_Chicken 0.0020 135 203 167 234
Rice_with_Shredded_Chicken 0.0019 1 84 52 174
Rice_with_Shredded_Chicken 0.0017 62 97 274 296
Rice_with_Shredded_Chicken 0.0016 29 5 114 55
migao 0.0324 85 39 222 145
migao 0.0073 64 145 243 256
migao 0.0051 110 60 192 139
migao 0.0030 1 84 52 174
migao 0.0028 98 119 207 285
migao 0.0025 90 49 199 357
migao 0.0023 29 5 114 55
migao 0.0021 135 203 167 234
migao 0.0017 62 97 274 296
migao 0.0015 61 -1 236 195
migao 0.0012 -93 22 159 217
migao 0.0011 119 42 202 117
wagui 0.0065 94 52 207 148
wagui 0.0039 64 145 243 256
wagui 0.0027 134 204 158 234
wagui 0.0025 1 84 52 174
wagui 0.0024 98 119 207 285
wagui 0.0023 90 49 199 357
wagui 0.0022 29 5 114 55
wagui 0.0012 46 111 293 281
wagui 0.0012 228 99 262 130
