Kongrou 0.0063 59 10 215 153
Kongrou 0.0044 59 -165 315 77
Kongrou 0.0020 89 57 179 145
Kongrou 0.0018 167 105 305 213
Kongrou 0.0018 104 -94 258 16
Kongrou 0.0018 100 99 374 218
Kongrou 0.0017 49 -111 203 12
Kongrou 0.0016 -10 -39 207 132
Kongrou 0.0016 130 -133 230 57
Kongrou 0.0012 89 129 250 254
Kongrou 0.0011 214 152 285 182
Kongrou 0.0011 85 -19 233 95
Kongrou 0.0011 108 81 233 305
Kongrou 0.0011 77 28 147 54
Kongrou 0.0010 36 0 194 99
Rouzaofun 0.0328 58 25 215 160
Rouzaofun 0.0048 59 -165 315 77
Rouzaofun 0.0025 89 57 179 145
Rouzaofun 0.0018 100 99 374 218
Rouzaofun 0.0016 104 -94 258 16
Rouzaofun 0.0016 167 105 305 213
Rouzaofun 0.0013 214 152 285 182
Rouzaofun 0.0011 130 -133 230 57
Rouzaofun 0.0010 77 28 147 54
Rice_with_Shredded_Chicken 0.0147 58 25 215 160
Rice_with_Shredded_Chicken 0.0047 59 -165 315 77
Rice_with_Shredded_Chicken 0.0019 167 105 305 213
Rice_with_Shredded_Chicken 0.0018 -10 -39 207 132
Rice_with_Shredded_Chicken 0.0015 100 99 374 218
Rice_with_Shredded_Chicken 0.0013 214 152 285 182
Rice_with_Shredded_Chicken 0.0013 104 -94 258 16
Rice_with_Shredded_Chicken 0.0012 81 59 176 143
Rice_with_Shredded_Chicken 0.0012 130 -133 230 57
Rice_with_Shredded_Chicken 0.0010 35 -121 215 24
Rice_with_Shredded_Chicken 0.0010 47 123 291 263
Rice_with_Shredded_Chicken 0.0010 108 81 233 305
migao 0.0175 59 10 215 153
migao 0.0039 59 -165 315 77
migao 0.0023 104 -94 258 16
migao 0.0019 167 105 305 213
migao 0.0017 49 -111 203 12
migao 0.0017 89 57 179 145
migao 0.0015 100 99 374 218
migao 0.0014 214 152 285 182
migao 0.0013 130 -133 230 57
migao 0.0013 89 129 250 254
migao 0.0013 -10 -39 207 132
migao 0.0011 77 28 147 54
migao 0.0011 108 81 233 305
wagui 0.0179 59 10 215 153
wagui 0.0056 59 -165 315 77
wagui 0.0023 77 28 147 54
wagui 0.0023 49 -111 203 12
wagui 0.0018 214 152 285 182
wagui 0.0017 100 99 374 218
wagui 0.0016 167 105 305 213
wagui 0.0015 36 0 194 99
wagui 0.0014 104 -94 258 16
wagui 0.0014 89 57 179 145
wagui 0.0013 85 -19 233 95
wagui 0.0013 130 -133 230 57
wagui 0.0012 -10 -39 207 132
wagui 0.0011 126 211 153 245
wagui 0.0010 89 129 250 254
