Kongrou 0.0065 87 -80 237 21
Kongrou 0.0047 106 -149 219 93
Kongrou 0.0029 115 98 327 296
Kongrou 0.0027 31 26 188 168
Kongrou 0.0021 45 -102 196 22
Kongrou 0.0021 75 29 249 164
Kongrou 0.0021 56 -167 303 100
Kongrou 0.0017 78 82 239 311
Kongrou 0.0012 84 145 239 259
Rouzaofun 0.0493 19 6 254 179
Rouzaofun 0.0078 33 20 186 152
Rouzaofun 0.0057 49 55 213 180
Rouzaofun 0.0056 87 -80 237 21
Rouzaofun 0.0049 109 30 257 164
Rouzaofun 0.0035 106 -149 219 93
Rouzaofun 0.0032 143 69 296 327
Rouzaofun 0.0024 56 -167 303 100
Rouzaofun 0.0019 45 -102 196 22
Rouzaofun 0.0018 78 82 239 311
Rouzaofun 0.0013 72 11 232 120
Rouzaofun 0.0013 84 145 239 259
Rice_with_Shredded_Chicken 0.0384 19 6 254 179
Rice_with_Shredded_Chicken 0.0040 106 -149 219 93
Rice_with_Shredded_Chicken 0.0035 87 -80 237 21
Rice_with_Shredded_Chicken 0.0027 143 69 296 327
Rice_with_Shredded_Chicken 0.0021 56 -167 303 100
Rice_with_Shredded_Chicken 0.0020 28 27 171 167
Rice_with_Shredded_Chicken 0.0018 72 71 243 323
Rice_with_Shredded_Chicken 0.0015 45 -102 196 22
Rice_with_Shredded_Chicken 0.0015 109 30 257 164
migao 0.0202 19 6 254 179
migao 0.0084 87 -80 237 21
migao 0.0040 106 -149 219 93
migao 0.0026 45 -102 196 22
migao 0.0023 115 98 327 296
migao 0.0022 28 27 171 167
migao 0.0021 84 145 239 259
migao 0.0017 72 71 243 323
migao 0.0017 56 -167 303 100
migao 0.0014 109 30 257 164
migao 0.0010 75 18 209 197
wagui 0.0070 19 6 254 179
wagui 0.0039 106 -149 219 93
wagui 0.0038 87 -80 237 21
wagui 0.0030 143 69 296 327
wagui 0.0027 56 -167 303 100
wagui 0.0025 45 -102 196 22
wagui 0.0019 78 82 239 311
wagui 0.0010 84 145 239 259
