Kongrou 0.0082 51 35 224 151
Kongrou 0.0054 101 -88 238 8
Kongrou 0.0040 111 -164 230 88
Kongrou 0.0033 207 133 273 168
Kongrou 0.0027 32 -171 344 84
Kongrou 0.0020 64 -117 274 40
Kongrou 0.0011 118 41 195 129
Kongrou 0.0010 -19 -87 174 133
Rouzaofun 0.0765 51 35 224 151
Rouzaofun 0.0075 207 133 273 168
Rouzaofun 0.0038 101 -88 238 8
Rouzaofun 0.0032 32 -171 344 84
Rouzaofun 0.0032 111 -164 230 88
Rouzaofun 0.0023 197 118 282 173
Rouzaofun 0.0022 27 -6 258 184
Rouzaofun 0.0018 64 -117 274 40
Rouzaofun 0.0014 118 41 195 129
Rouzaofun 0.0013 -37 -89 192 131
Rouzaofun 0.0010 110 18 232 189
Rice_with_Shredded_Chicken 0.0339 51 35 224 151
Rice_with_Shredded_Chicken 0.0054 207 133 273 168
Rice_with_Shredded_Chicken 0.0045 27 -6 258 184
Rice_with_Shredded_Chicken 0.0032 111 -164 230 88
Rice_with_Shredded_Chicken 0.0030 32 -171 344 84
Rice_with_Shredded_Chicken 0.0029 101 -88 238 8
Rice_with_Shredded_Chicken 0.0023 64 -117 274 40
Rice_with_Shredded_Chicken 0.0011 -19 -87 174 133
Rice_with_Shredded_Chicken 0.0010 197 118 282 173
Rice_with_Shredded_Chicken 0.0010 132 210 159 247
migao 0.0284 51 35 224 151
migao 0.0064 101 -88 238 8
migao 0.0052 207 133 273 168
migao 0.0036 111 -164 230 88
migao 0.0026 27 -6 258 184
migao 0.0023 32 -171 344 84
migao 0.0023 64 -117 274 40
migao 0.0012 197 118 282 173
migao 0.0011 -19 -87 174 133
wagui 0.0097 207 133 273 168
wagui 0.0054 51 35 224 151
wagui 0.0036 32 -171 344 84
wagui 0.0035 111 -164 230 88
wagui 0.0032 101 -88 238 8
wagui 0.0016 197 118 282 173
wagui 0.0013 27 -6 258 184
wagui 0.0012 -37 -89 192 131
wagui 0.0012 132 210 159 247
