Kongrou 0.0085 60 51 224 162
Kongrou 0.0077 89 61 180 127
Kongrou 0.0017 99 -78 225 16
Kongrou 0.0015 37 108 282 286
Kongrou 0.0015 101 -148 262 80
Kongrou 0.0010 34 0 241 183
Rouzaofun 0.0242 50 53 213 160
Rouzaofun 0.0111 89 61 180 127
Rouzaofun 0.0016 55 -152 304 82
Rouzaofun 0.0015 34 0 241 183
Rouzaofun 0.0013 48 74 269 319
Rouzaofun 0.0011 99 -78 225 16
Rouzaofun 0.0010 111 -192 217 135
Rice_with_Shredded_Chicken 0.0192 60 51 224 162
Rice_with_Shredded_Chicken 0.0048 89 61 180 127
Rice_with_Shredded_Chicken 0.0017 34 0 241 183
Rice_with_Shredded_Chicken 0.0017 63 91 254 302
Rice_with_Shredded_Chicken 0.0015 76 -164 281 95
Rice_with_Shredded_Chicken 0.0011 111 -192 217 135
migao 0.0205 60 51 224 162
migao 0.0074 89 61 180 127
migao 0.0021 99 -78 225 16
migao 0.0016 63 91 254 302
migao 0.0015 76 -164 281 95
migao 0.0012 34 0 241 183
migao 0.0012 111 -192 217 135
wagui 0.0057 89 61 180 127
wagui 0.0022 60 51 224 162
wagui 0.0018 55 -152 304 82
wagui 0.0013 48 74 269 319
wagui 0.0012 111 -192 217 135
wagui 0.0012 99 -78 225 16
wagui 0.0011 40 4 91 35
