Kongrou 0.0617 158 12 248 80
Kongrou 0.0288 34 4 118 56
Kongrou 0.0160 189 110 269 172
Kongrou 0.0107 207 124 262 169
Kongrou 0.0087 74 64 163 144
Kongrou 0.0064 175 29 242 74
Kongrou 0.0039 50 1 102 38
Kongrou 0.0027 34 -169 284 94
Kongrou 0.0023 219 135 272 179
Kongrou 0.0021 163 26 222 66
Kongrou 0.0021 106 71 184 148
Kongrou 0.0018 48 48 178 129
Kongrou 0.0017 92 -125 268 56
Kongrou 0.0012 174 15 232 56
Kongrou 0.0012 97 83 151 125
Kongrou 0.0011 85 -82 242 21
Kongrou 0.0011 -71 119 146 221
Kongrou 0.0010 117 -123 208 64
Rouzaofun 0.1051 158 12 248 80
Rouzaofun 0.0540 34 4 118 56
Rouzaofun 0.0352 197 107 272 175
Rouzaofun 0.0319 43 58 198 156
Rouzaofun 0.0179 207 124 262 169
Rouzaofun 0.0121 73 62 164 136
Rouzaofun 0.0073 175 29 242 74
Rouzaofun 0.0043 50 1 102 38
Rouzaofun 0.0037 219 135 272 179
Rouzaofun 0.0035 194 115 255 156
Rouzaofun 0.0031 99 71 181 148
Rouzaofun 0.0029 34 -169 284 94
Rouzaofun 0.0022 0 4 274 177
Rouzaofun 0.0020 189 123 291 191
Rouzaofun 0.0019 163 26 222 66
Rouzaofun 0.0019 230 125 271 169
Rouzaofun 0.0014 85 -82 242 21
Rouzaofun 0.0013 21 -1 131 84
Rouzaofun 0.0013 92 -125 268 56
Rouzaofun 0.0013 174 15 232 56
Rouzaofun 0.0011 131 9 280 100
Rouzaofun 0.0011 -71 119 146 221
Rouzaofun 0.0010 97 83 151 125
Rice_with_Shredded_Chicken 0.0469 158 12 248 80
Rice_with_Shredded_Chicken 0.0257 34 4 118 56
Rice_with_Shredded_Chicken 0.0171 189 110 269 172
Rice_with_Shredded_Chicken 0.0131 207 124 262 169
Rice_with_Shredded_Chicken 0.0067 50 55 176 144
Rice_with_Shredded_Chicken 0.0049 175 29 242 74
Rice_with_Shredded_Chicken 0.0031 50 1 102 38
Rice_with_Shredded_Chicken 0.0029 34 -169 284 94
Rice_with_Shredded_Chicken 0.0028 219 135 272 179
Rice_with_Shredded_Chicken 0.0014 0 4 274 177
Rice_with_Shredded_Chicken 0.0013 230 125 271 169
Rice_with_Shredded_Chicken 0.0013 86 64 203 155
Rice_with_Shredded_Chicken 0.0013 163 26 222 66
Rice_with_Shredded_Chicken 0.0013 92 -125 268 56
Rice_with_Shredded_Chicken 0.0010 193 120 245 162
Rice_with_Shredded_Chicken 0.0010 85 -82 242 21
migao 0.0762 158 12 248 80
migao 0.0403 34 4 118 56
migao 0.0244 189 110 269 172
migao 0.0170 207 124 262 169
migao 0.0092 32 56 189 157
migao 0.0078 74 64 163 144
migao 0.0062 175 29 242 74
migao 0.0035 219 135 272 179
migao 0.0034 50 1 102 38
migao 0.0027 50 -176 266 103
migao 0.0019 106 71 184 148
migao 0.0017 85 -82 242 21
migao 0.0015 230 125 271 169
migao 0.0015 163 26 222 66
migao 0.0013 -71 119 146 221
migao 0.0012 189 123 291 191
migao 0.0011 0 4 274 177
migao 0.0011 193 120 245 162
wagui 0.0585 158 12 248 80
wagui 0.0400 34 4 118 56
wagui 0.0263 207 124 262 169
wagui 0.0262 189 110 269 172
wagui 0.0079 50 55 176 144
wagui 0.0072 50 1 102 38
wagui 0.0058 219 135 272 179
wagui 0.0049 175 29 242 74
wagui 0.0035 230 125 271 169
wagui 0.0034 34 -169 284 94
wagui 0.0025 193 120 245 162
wagui 0.0017 206 110 264 152
wagui 0.0016 33 8 77 41
wagui 0.0016 99 71 181 148
wagui 0.0015 163 26 222 66
wagui 0.0011 189 123 291 191
wagui 0.0011 148 203 174 238
wagui 0.0011 92 -125 268 56
wagui 0.0010 -71 119 146 221
