Kongrou 0.0104 13 9 237 193
Kongrou 0.0040 48 58 209 174
Kongrou 0.0038 83 160 212 263
Kongrou 0.0017 31 1 188 114
Kongrou 0.0014 4 -29 166 155
Rouzaofun 0.0467 6 33 243 205
Rouzaofun 0.0048 39 -25 202 185
Rouzaofun 0.0042 59 60 217 171
Rouzaofun 0.0032 56 160 238 263
Rouzaofun 0.0011 31 1 188 114
Rouzaofun 0.0011 79 18 246 147
Rice_with_Shredded_Chicken 0.0410 13 9 237 193
Rice_with_Shredded_Chicken 0.0039 83 160 212 263
Rice_with_Shredded_Chicken 0.0020 48 58 209 174
Rice_with_Shredded_Chicken 0.0014 46 -32 196 156
migao 0.0436 13 9 237 193
migao 0.0032 83 160 212 263
migao 0.0023 48 58 209 174
migao 0.0014 39 -11 206 138
wagui 0.5403 13 9 237 193
wagui 0.0053 48 58 209 174
wagui 0.0036 83 160 212 263
wagui 0.0031 39 -11 206 138
wagui 0.0017 79 18 246 147
wagui 0.0014 91 183 152 206
wagui 0.0010 98 180 145 199
wagui 0.0010 130 202 152 235
