Kongrou 0.0055 72 -4 215 88
Kongrou 0.0049 9 11 251 183
Kongrou 0.0029 142 202 180 234
Kongrou 0.0020 96 141 213 282
Kongrou 0.0018 38 89 95 169
Kongrou 0.0017 56 -49 239 127
Kongrou 0.0016 151 197 191 230
Kongrou 0.0015 136 180 196 247
Kongrou 0.0013 19 80 114 178
Kongrou 0.0012 -68 92 127 341
Kongrou 0.0012 -103 -42 114 66
Kongrou 0.0011 -51 -65 60 89
Kongrou 0.0010 61 117 236 313
Rouzaofun 0.2203 9 11 251 183
Rouzaofun 0.0071 55 62 212 180
Rouzaofun 0.0043 88 47 238 156
Rouzaofun 0.0035 142 202 180 234
Rouzaofun 0.0023 19 80 114 178
Rouzaofun 0.0021 151 197 191 230
Rouzaofun 0.0020 38 89 95 169
Rouzaofun 0.0020 20 38 167 166
Rouzaofun 0.0017 -68 92 127 341
Rouzaofun 0.0016 136 180 196 247
Rouzaofun 0.0016 -120 131 181 299
Rouzaofun 0.0016 84 2 208 77
Rouzaofun 0.0015 116 163 217 264
Rouzaofun 0.0014 62 144 244 279
Rouzaofun 0.0012 -103 -42 114 66
Rice_with_Shredded_Chicken 0.2725 9 11 251 183
Rice_with_Shredded_Chicken 0.0038 142 202 180 234
Rice_with_Shredded_Chicken 0.0022 72 -4 215 88
Rice_with_Shredded_Chicken 0.0021 151 197 191 230
Rice_with_Shredded_Chicken 0.0021 96 141 213 282
Rice_with_Shredded_Chicken 0.0018 55 62 212 180
Rice_with_Shredded_Chicken 0.0017 136 180 196 247
Rice_with_Shredded_Chicken 0.0015 19 80 114 178
Rice_with_Shredded_Chicken 0.0013 38 89 95 169
Rice_with_Shredded_Chicken 0.0013 -120 131 181 299
Rice_with_Shredded_Chicken 0.0012 -68 92 127 341
Rice_with_Shredded_Chicken 0.0011 -51 -65 60 89
Rice_with_Shredded_Chicken 0.0011 88 47 238 156
Rice_with_Shredded_Chicken 0.0011 -103 -42 114 66
Rice_with_Shredded_Chicken 0.0011 56 -49 239 127
Rice_with_Shredded_Chicken 0.0010 20 38 167 166
Rice_with_Shredded_Chicken 0.0010 48 143 261 299
migao 0.0876 9 11 251 183
migao 0.0040 142 202 180 234
migao 0.0023 151 197 191 230
migao 0.0020 72 -4 215 88
migao 0.0019 96 141 213 282
migao 0.0018 55 62 212 180
migao 0.0016 -120 131 181 299
migao 0.0015 38 89 95 169
migao 0.0014 136 180 196 247
migao 0.0013 19 80 114 178
migao 0.0012 -68 92 127 341
migao 0.0011 88 47 238 156
migao 0.0011 -103 -42 114 66
migao 0.0010 33 -17 256 102
migao 0.0010 114 177 159 200
wagui 0.0222 9 11 251 183
wagui 0.0050 142 202 180 234
wagui 0.0029 72 -4 215 88
wagui 0.0028 151 197 191 230
wagui 0.0017 96 141 213 282
wagui 0.0016 114 177 159 200
wagui 0.0016 136 180 196 247
wagui 0.0015 100 181 153 207
wagui 0.0014 38 89 95 169
wagui 0.0013 33 -17 256 102
wagui 0.0013 19 80 114 178
wagui 0.0012 -120 131 181 299
wagui 0.0012 -68 92 127 341
wagui 0.0010 -103 -42 114 66
