Kongrou 0.0039 92 -78 233 17
Kongrou 0.0029 115 -153 212 95
Kongrou 0.0021 43 -176 317 108
Kongrou 0.0020 76 -111 248 52
Kongrou 0.0014 11 2 264 178
Kongrou 0.0013 70 114 290 277
Kongrou 0.0011 18 30 181 162
Kongrou 0.0010 181 114 342 281
Rouzaofun 0.1498 11 2 264 178
Rouzaofun 0.0119 18 30 181 162
Rouzaofun 0.0064 74 33 230 159
Rouzaofun 0.0036 92 -78 233 17
Rouzaofun 0.0023 43 -176 317 108
Rouzaofun 0.0021 115 -153 212 95
Rouzaofun 0.0017 76 -111 248 52
Rouzaofun 0.0016 34 6 207 124
Rouzaofun 0.0012 53 74 209 182
Rouzaofun 0.0012 55 84 303 312
Rouzaofun 0.0010 109 -74 338 89
Rouzaofun 0.0010 96 104 318 237
Rice_with_Shredded_Chicken 0.0697 11 2 264 178
Rice_with_Shredded_Chicken 0.0036 18 30 181 162
Rice_with_Shredded_Chicken 0.0025 115 -153 212 95
Rice_with_Shredded_Chicken 0.0025 31 -163 285 85
Rice_with_Shredded_Chicken 0.0024 92 -78 233 17
Rice_with_Shredded_Chicken 0.0022 76 -111 248 52
Rice_with_Shredded_Chicken 0.0015 73 20 231 151
Rice_with_Shredded_Chicken 0.0013 55 84 303 312
Rice_with_Shredded_Chicken 0.0010 181 114 342 281
migao 0.0202 11 2 264 178
migao 0.0053 92 -78 233 17
migao 0.0030 18 30 181 162
migao 0.0027 115 -153 212 95
migao 0.0023 39 -175 277 102
migao 0.0021 76 -111 248 52
migao 0.0015 74 33 230 159
migao 0.0014 89 104 269 288
wagui 0.0330 11 2 264 178
wagui 0.0032 92 -78 233 17
wagui 0.0028 31 -163 285 85
wagui 0.0027 115 -153 212 95
wagui 0.0018 18 30 181 162
wagui 0.0014 181 114 342 281
wagui 0.0013 55 84 303 312
wagui 0.0011 76 -111 248 52
