Kongrou 0.0095 125 41 237 138
Kongrou 0.0053 9 50 114 149
Kongrou 0.0031 38 98 96 160
Kongrou 0.0030 147 40 226 108
Kongrou 0.0027 26 47 98 121
Kongrou 0.0019 82 147 206 275
Kongrou 0.0017 50 54 113 134
Kongrou 0.0013 25 -129 315 80
Kongrou 0.0011 25 86 69 112
Kongrou 0.0010 88 -70 239 34
Rouzaofun 0.0825 114 36 253 147
Rouzaofun 0.0208 -1 49 129 154
Rouzaofun 0.0127 141 50 222 128
Rouzaofun 0.0084 23 57 101 131
Rouzaofun 0.0037 38 98 96 160
Rouzaofun 0.0026 19 84 114 164
Rouzaofun 0.0026 7 3 253 188
Rouzaofun 0.0017 25 -129 315 80
Rouzaofun 0.0014 55 54 118 134
Rouzaofun 0.0013 58 148 227 276
Rouzaofun 0.0012 158 61 234 147
Rouzaofun 0.0011 25 86 69 112
Rouzaofun 0.0010 88 -70 239 34
Rouzaofun 0.0010 139 -45 288 69
Rice_with_Shredded_Chicken 0.0323 114 36 253 147
Rice_with_Shredded_Chicken 0.0142 -1 49 129 154
Rice_with_Shredded_Chicken 0.0057 141 50 222 128
Rice_with_Shredded_Chicken 0.0039 23 57 101 131
Rice_with_Shredded_Chicken 0.0030 7 3 253 188
Rice_with_Shredded_Chicken 0.0026 38 98 96 160
Rice_with_Shredded_Chicken 0.0018 82 147 206 275
Rice_with_Shredded_Chicken 0.0017 19 84 114 164
Rice_with_Shredded_Chicken 0.0016 65 -162 272 116
migao 0.0380 114 36 253 147
migao 0.0093 141 50 222 128
migao 0.0062 9 50 114 149
migao 0.0030 26 47 98 121
migao 0.0030 38 98 96 160
migao 0.0019 50 54 113 134
migao 0.0017 -26 36 154 167
migao 0.0016 82 147 206 275
migao 0.0015 65 -162 272 116
migao 0.0015 88 -70 239 34
migao 0.0013 7 3 253 188
migao 0.0010 25 86 69 112
wagui 0.0104 125 41 237 138
wagui 0.0066 9 50 114 149
wagui 0.0026 38 98 96 160
wagui 0.0024 26 47 98 121
wagui 0.0024 147 40 226 108
wagui 0.0020 25 -129 315 80
wagui 0.0017 -26 36 154 167
wagui 0.0016 92 32 275 150
wagui 0.0016 25 86 69 112
wagui 0.0015 50 54 113 134
wagui 0.0014 82 147 206 275
wagui 0.0010 7 3 253 188
