Kongrou 0.0070 49 42 206 156
Kongrou 0.0065 85 -81 231 32
Kongrou 0.0051 105 -125 211 79
Kongrou 0.0023 38 -163 268 102
Kongrou 0.0015 12 116 297 279
Kongrou 0.0013 -24 -35 200 70
Kongrou 0.0012 13 7 255 181
Kongrou 0.0011 16 -62 157 95
Kongrou 0.0010 44 -92 191 23
Rouzaofun 0.0897 53 41 222 157
Rouzaofun 0.0520 13 7 255 181
Rouzaofun 0.0052 85 -81 231 32
Rouzaofun 0.0042 105 -125 211 79
Rouzaofun 0.0023 35 -153 274 88
Rouzaofun 0.0013 12 116 297 279
Rouzaofun 0.0011 16 -62 157 95
Rouzaofun 0.0010 -24 -35 200 70
Rice_with_Shredded_Chicken 0.0146 50 49 204 169
Rice_with_Shredded_Chicken 0.0130 13 7 255 181
Rice_with_Shredded_Chicken 0.0044 105 -125 211 79
Rice_with_Shredded_Chicken 0.0038 85 -81 231 32
Rice_with_Shredded_Chicken 0.0026 38 -163 268 102
Rice_with_Shredded_Chicken 0.0014 52 90 254 302
Rice_with_Shredded_Chicken 0.0012 16 -62 157 95
migao 0.0277 49 42 206 156
migao 0.0118 13 7 255 181
migao 0.0082 85 -81 231 32
migao 0.0045 105 -125 211 79
migao 0.0024 38 -163 268 102
migao 0.0018 52 90 254 302
migao 0.0011 16 -62 157 95
migao 0.0010 44 -92 191 23
wagui 0.0067 13 7 255 181
wagui 0.0066 53 41 222 157
wagui 0.0051 85 -81 231 32
wagui 0.0045 105 -125 211 79
wagui 0.0029 35 -153 274 88
wagui 0.0018 180 131 215 165
wagui 0.0016 132 167 170 191
wagui 0.0014 44 -92 191 23
wagui 0.0013 12 116 297 279
wagui 0.0013 187 142 218 164
wagui 0.0011 16 -62 157 95
