Kongrou 0.0042 84 -82 242 20
Kongrou 0.0031 112 -128 214 68
Kongrou 0.0025 44 48 219 143
Kongrou 0.0020 88 149 215 253
Kongrou 0.0017 -1 121 59 182
Kongrou 0.0017 24 -160 293 82
Kongrou 0.0015 93 62 214 345
Kongrou 0.0014 61 109 256 285
Kongrou 0.0012 -57 -170 119 102
Kongrou 0.0010 -137 -114 202 45
Rouzaofun 0.1183 44 48 219 143
Rouzaofun 0.0065 44 -3 232 186
Rouzaofun 0.0036 84 -82 242 20
Rouzaofun 0.0025 112 -128 214 68
Rouzaofun 0.0022 -1 121 59 182
Rouzaofun 0.0017 24 -160 293 82
Rouzaofun 0.0015 88 149 215 253
Rouzaofun 0.0013 23 23 261 126
Rouzaofun 0.0012 93 62 214 345
Rouzaofun 0.0012 -57 -170 119 102
Rouzaofun 0.0012 61 109 256 285
Rouzaofun 0.0011 114 50 197 127
Rouzaofun 0.0011 87 50 161 138
Rouzaofun 0.0011 19 178 70 221
Rice_with_Shredded_Chicken 0.0326 44 48 219 143
Rice_with_Shredded_Chicken 0.0052 44 -3 232 186
Rice_with_Shredded_Chicken 0.0029 84 -82 242 20
Rice_with_Shredded_Chicken 0.0027 112 -128 214 68
Rice_with_Shredded_Chicken 0.0019 24 -160 293 82
Rice_with_Shredded_Chicken 0.0014 -57 -170 119 102
Rice_with_Shredded_Chicken 0.0013 -1 121 59 182
Rice_with_Shredded_Chicken 0.0012 88 149 215 253
Rice_with_Shredded_Chicken 0.0012 93 62 214 345
Rice_with_Shredded_Chicken 0.0012 62 100 254 292
migao 0.0339 44 48 219 143
migao 0.0052 84 -82 242 20
migao 0.0034 44 -3 232 186
migao 0.0028 88 149 215 253
migao 0.0028 112 -128 214 68
migao 0.0018 -1 121 59 182
migao 0.0017 24 -160 293 82
migao 0.0014 93 62 214 345
migao 0.0014 62 100 254 292
migao 0.0012 -80 -142 146 66
migao 0.0010 19 178 70 221
wagui 0.0068 44 48 219 143
wagui 0.0029 84 -82 242 20
wagui 0.0028 112 -128 214 68
wagui 0.0022 24 -160 293 82
wagui 0.0020 -1 121 59 182
wagui 0.0019 -4 139 19 175
wagui 0.0014 -7 132 12 172
wagui 0.0013 88 149 215 253
wagui 0.0013 19 178 70 221
wagui 0.0013 -57 -170 119 102
wagui 0.0012 61 -2 213 189
wagui 0.0012 59 80 260 314
wagui 0.0011 142 204 169 237
