Kongrou 0.0178 97 59 148 88
Kongrou 0.0154 146 65 195 101
Kongrou 0.0056 53 69 134 126
Kongrou 0.0036 28 13 222 189
Kongrou 0.0035 94 54 160 103
Kongrou 0.0023 98 114 147 148
Kongrou 0.0021 34 52 186 139
Kongrou 0.0014 97 42 240 130
Kongrou 0.0011 140 25 275 165
Rouzaofun 0.0208 97 59 148 88
Rouzaofun 0.0153 146 65 195 101
Rouzaofun 0.0069 53 69 134 126
Rouzaofun 0.0051 94 54 160 103
Rouzaofun 0.0021 46 49 194 142
Rouzaofun 0.0019 98 114 147 148
Rouzaofun 0.0013 123 57 209 109
Rouzaofun 0.0012 28 13 222 189
Rouzaofun 0.0012 71 144 409 284
Rouzaofun 0.0010 92 103 153 159
Rice_with_Shredded_Chicken 0.0156 97 59 148 88
Rice_with_Shredded_Chicken 0.0099 146 65 195 101
Rice_with_Shredded_Chicken 0.0031 53 69 134 126
Rice_with_Shredded_Chicken 0.0025 94 54 160 103
Rice_with_Shredded_Chicken 0.0017 28 13 222 189
Rice_with_Shredded_Chicken 0.0013 98 114 147 148
Rice_with_Shredded_Chicken 0.0010 46 54 194 156
migao 0.0223 97 59 148 88
migao 0.0139 146 65 195 101
migao 0.0053 53 69 134 126
migao 0.0031 94 54 160 103
migao 0.0028 28 13 222 189
migao 0.0021 46 54 194 156
migao 0.0020 98 114 147 148
migao 0.0011 71 144 409 284
wagui 0.0463 97 59 148 88
wagui 0.0231 146 65 195 101
wagui 0.0043 53 69 134 126
wagui 0.0036 98 114 147 148
wagui 0.0030 94 54 160 103
wagui 0.0017 46 49 194 142
wagui 0.0014 71 144 409 284
wagui 0.0011 28 13 222 189
wagui 0.0010 140 25 275 165
wagui 0.0010 115 56 158 91
