Kongrou 0.0568 7 8 240 193
Kongrou 0.0034 95 182 138 206
Kongrou 0.0023 42 27 195 144
Kongrou 0.0022 126 181 165 207
Kongrou 0.0015 83 178 131 200
Kongrou 0.0015 26 172 55 197
Kongrou 0.0012 113 153 177 235
Kongrou 0.0010 115 -23 249 226
Kongrou 0.0010 77 152 200 272
Kongrou 0.0010 102 179 160 209
Rouzaofun 0.3730 7 8 240 193
Rouzaofun 0.0153 41 31 196 159
Rouzaofun 0.0050 95 182 138 206
Rouzaofun 0.0033 86 18 228 135
Rouzaofun 0.0023 126 181 165 207
Rouzaofun 0.0022 26 172 55 197
Rouzaofun 0.0022 83 178 131 200
Rouzaofun 0.0016 11 174 42 196
Rouzaofun 0.0015 100 53 233 176
Rouzaofun 0.0014 99 147 192 241
Rouzaofun 0.0011 60 163 235 259
Rouzaofun 0.0011 102 179 160 209
Rouzaofun 0.0010 115 -23 249 226
Rouzaofun 0.0010 36 171 64 197
Rice_with_Shredded_Chicken 0.0703 7 8 240 193
Rice_with_Shredded_Chicken 0.0042 95 182 138 206
Rice_with_Shredded_Chicken 0.0026 43 38 195 172
Rice_with_Shredded_Chicken 0.0022 126 181 165 207
Rice_with_Shredded_Chicken 0.0021 26 172 55 197
Rice_with_Shredded_Chicken 0.0018 83 178 131 200
Rice_with_Shredded_Chicken 0.0016 11 174 42 196
Rice_with_Shredded_Chicken 0.0015 99 147 192 241
Rice_with_Shredded_Chicken 0.0011 123 198 149 228
migao 0.1708 7 8 240 193
migao 0.0062 95 182 138 206
migao 0.0044 41 31 196 159
migao 0.0026 126 181 165 207
migao 0.0024 83 178 131 200
migao 0.0023 26 172 55 197
migao 0.0018 11 174 42 196
migao 0.0013 99 147 192 241
migao 0.0011 102 179 160 209
migao 0.0011 36 171 64 197
migao 0.0011 123 198 149 228
migao 0.0011 79 158 218 264
wagui 0.0146 7 8 240 193
wagui 0.0125 92 183 132 205
wagui 0.0043 26 172 55 197
wagui 0.0034 126 181 165 207
wagui 0.0034 11 174 42 196
wagui 0.0028 94 180 159 209
wagui 0.0027 75 179 129 199
wagui 0.0019 123 198 149 228
wagui 0.0018 36 171 64 197
wagui 0.0016 9 169 53 191
wagui 0.0014 99 147 192 241
wagui 0.0010 125 -1 156 25
