Kongrou 0.0193 66 71 148 147
Kongrou 0.0033 41 70 123 138
Kongrou 0.0014 76 86 137 132
Kongrou 0.0011 -89 47 150 225
Kongrou 0.0011 92 78 171 149
Kongrou 0.0010 141 -30 172 1
Kongrou 0.0010 99 89 144 119
Rouzaofun 0.0337 50 65 162 153
Rouzaofun 0.0046 41 70 123 138
Rouzaofun 0.0028 66 59 147 129
Rouzaofun 0.0017 92 78 171 149
Rouzaofun 0.0015 76 86 137 132
Rouzaofun 0.0013 -89 47 150 225
Rouzaofun 0.0011 141 -30 172 1
Rouzaofun 0.0010 99 89 144 119
Rice_with_Shredded_Chicken 0.0193 50 65 162 153
Rice_with_Shredded_Chicken 0.0028 41 70 123 138
Rice_with_Shredded_Chicken 0.0015 -89 47 150 225
Rice_with_Shredded_Chicken 0.0013 66 59 147 129
Rice_with_Shredded_Chicken 0.0011 141 -30 172 1
migao 0.0215 66 71 148 147
migao 0.0030 41 70 123 138
migao 0.0016 33 62 174 160
migao 0.0012 141 -30 172 1
migao 0.0012 -89 47 150 225
migao 0.0011 76 86 137 132
migao 0.0011 92 78 171 149
migao 0.0010 -123 116 187 316
wagui 0.0205 50 65 162 153
wagui 0.0026 41 70 123 138
wagui 0.0017 146 -22 177 2
wagui 0.0014 66 59 147 129
wagui 0.0014 145 -36 178 -2
wagui 0.0013 136 -31 167 1
wagui 0.0011 -89 47 150 225
wagui 0.0011 99 89 144 119
wagui 0.0010 158 -2 263 72
wagui 0.0010 140 118 353 274
