Kongrou 0.0709 213 0 291 85
Kongrou 0.0097 27 19 209 162
Kongrou 0.0043 239 9 299 98
Kongrou 0.0035 106 -96 244 4
Kongrou 0.0032 187 -5 316 68
Kongrou 0.0028 119 -160 231 71
Kongrou 0.0017 63 -121 285 32
Kongrou 0.0017 51 170 147 222
Kongrou 0.0016 79 105 263 292
Kongrou 0.0015 45 -182 342 84
Kongrou 0.0011 43 143 218 242
Rouzaofun 0.1056 222 2 293 94
Rouzaofun 0.0887 27 19 209 162
Rouzaofun 0.0346 192 -2 311 77
Rouzaofun 0.0026 106 -96 244 4
Rouzaofun 0.0022 212 8 280 65
Rouzaofun 0.0022 119 -160 231 71
Rouzaofun 0.0021 73 131 278 276
Rouzaofun 0.0020 51 170 147 222
Rouzaofun 0.0019 45 -182 342 84
Rouzaofun 0.0015 245 15 293 81
Rouzaofun 0.0015 21 -28 273 201
Rouzaofun 0.0013 63 -121 285 32
Rouzaofun 0.0010 -1 -151 208 52
Rice_with_Shredded_Chicken 0.0453 213 0 291 85
Rice_with_Shredded_Chicken 0.0291 27 19 209 162
Rice_with_Shredded_Chicken 0.0030 187 -5 316 68
Rice_with_Shredded_Chicken 0.0029 239 9 299 98
Rice_with_Shredded_Chicken 0.0022 119 -160 231 71
Rice_with_Shredded_Chicken 0.0022 106 -96 244 4
Rice_with_Shredded_Chicken 0.0018 63 -121 285 32
Rice_with_Shredded_Chicken 0.0016 45 -182 342 84
Rice_with_Shredded_Chicken 0.0015 57 84 282 315
Rice_with_Shredded_Chicken 0.0014 21 -28 273 201
Rice_with_Shredded_Chicken 0.0010 -1 -151 208 52
Rice_with_Shredded_Chicken 0.0010 130 212 158 248
migao 0.0893 222 2 293 94
migao 0.0348 27 19 209 162
migao 0.0232 192 -2 311 77
migao 0.0043 106 -96 244 4
migao 0.0027 73 131 278 276
migao 0.0024 119 -160 231 71
migao 0.0018 63 -121 285 32
migao 0.0016 212 8 280 65
migao 0.0014 28 -189 311 80
migao 0.0013 96 150 228 257
migao 0.0012 245 15 293 81
wagui 0.0631 222 2 293 94
wagui 0.0240 192 -2 311 77
wagui 0.0079 27 19 209 162
wagui 0.0026 119 -160 231 71
wagui 0.0023 106 -96 244 4
wagui 0.0019 45 -182 342 84
wagui 0.0016 212 8 280 65
wagui 0.0014 73 131 278 276
wagui 0.0013 -22 -132 228 32
wagui 0.0013 245 15 293 81
wagui 0.0012 130 212 158 248
wagui 0.0010 -79 -128 145 72
