Kongrou 0.0027 13 15 180 120
Kongrou 0.0016 204 62 241 172
Kongrou 0.0012 98 34 173 118
Kongrou 0.0010 44 38 124 114
Rouzaofun 0.1196 32 19 202 117
Rouzaofun 0.0019 204 62 241 172
Rouzaofun 0.0017 98 34 173 118
Rouzaofun 0.0016 25 37 143 125
Rouzaofun 0.0012 183 52 263 183
Rice_with_Shredded_Chicken 0.0175 32 19 202 117
Rice_with_Shredded_Chicken 0.0015 204 62 241 172
migao 0.0373 23 19 191 116
migao 0.0019 204 62 241 172
migao 0.0011 98 34 173 118
wagui 0.0071 32 19 202 117
wagui 0.0015 204 62 241 172
wagui 0.0010 25 37 143 125
wagui 0.0010 183 52 263 183
