Kongrou 0.0739 46 59 127 117
Kongrou 0.0149 128 57 172 88
Kongrou 0.0061 97 -143 265 76
Kongrou 0.0057 195 41 232 104
Kongrou 0.0053 135 81 187 139
Kongrou 0.0046 75 69 130 108
Kongrou 0.0042 179 139 217 164
Kongrou 0.0037 51 58 113 97
Kongrou 0.0034 202 121 237 141
Kongrou 0.0027 98 -76 227 14
Kongrou 0.0024 115 -171 212 113
Kongrou 0.0019 160 32 256 113
Kongrou 0.0012 49 73 104 114
Kongrou 0.0012 119 41 180 104
Kongrou 0.0011 111 74 210 145
Kongrou 0.0010 102 32 226 183
Kongrou 0.0010 159 106 236 176
Kongrou 0.0010 196 115 231 136
Rouzaofun 0.1428 50 60 134 117
Rouzaofun 0.0236 128 57 172 88
Rouzaofun 0.0066 75 69 130 108
Rouzaofun 0.0062 179 139 217 164
Rouzaofun 0.0058 195 41 232 104
Rouzaofun 0.0055 202 121 237 141
Rouzaofun 0.0054 135 81 187 139
Rouzaofun 0.0053 41 -155 319 85
Rouzaofun 0.0043 51 58 113 97
Rouzaofun 0.0025 162 35 265 110
Rouzaofun 0.0023 98 -76 227 14
Rouzaofun 0.0019 119 41 180 104
Rouzaofun 0.0018 159 106 236 176
Rouzaofun 0.0018 82 57 244 158
Rouzaofun 0.0017 143 75 291 179
Rouzaofun 0.0017 115 -171 212 113
Rouzaofun 0.0017 111 74 210 145
Rouzaofun 0.0015 196 115 231 136
Rouzaofun 0.0013 49 73 104 114
Rouzaofun 0.0012 253 112 280 149
Rouzaofun 0.0011 253 55 281 79
Rouzaofun 0.0010 59 80 124 117
Rouzaofun 0.0010 33 68 119 130
Rice_with_Shredded_Chicken 0.0606 46 59 127 117
Rice_with_Shredded_Chicken 0.0230 128 57 172 88
Rice_with_Shredded_Chicken 0.0060 179 139 217 164
Rice_with_Shredded_Chicken 0.0054 187 35 240 110
Rice_with_Shredded_Chicken 0.0051 41 -155 319 85
Rice_with_Shredded_Chicken 0.0050 202 121 237 141
Rice_with_Shredded_Chicken 0.0049 135 81 187 139
Rice_with_Shredded_Chicken 0.0045 75 69 130 108
Rice_with_Shredded_Chicken 0.0030 51 58 113 97
Rice_with_Shredded_Chicken 0.0029 197 49 231 107
Rice_with_Shredded_Chicken 0.0019 115 -171 212 113
Rice_with_Shredded_Chicken 0.0018 143 75 291 179
Rice_with_Shredded_Chicken 0.0016 82 57 244 158
Rice_with_Shredded_Chicken 0.0016 162 27 265 107
Rice_with_Shredded_Chicken 0.0015 98 -76 227 14
Rice_with_Shredded_Chicken 0.0014 253 112 280 149
Rice_with_Shredded_Chicken 0.0014 253 55 281 79
Rice_with_Shredded_Chicken 0.0014 196 115 231 136
Rice_with_Shredded_Chicken 0.0014 111 74 210 145
Rice_with_Shredded_Chicken 0.0013 77 -115 246 56
Rice_with_Shredded_Chicken 0.0013 119 41 180 104
Rice_with_Shredded_Chicken 0.0010 159 106 236 176
Rice_with_Shredded_Chicken 0.0010 49 73 104 114
Rice_with_Shredded_Chicken 0.0010 164 59 199 97
migao 0.1006 50 60 134 117
migao 0.0305 128 57 172 88
migao 0.0065 195 41 232 104
migao 0.0062 135 81 187 139
migao 0.0056 179 139 217 164
migao 0.0049 97 -143 265 76
migao 0.0049 202 121 237 141
migao 0.0039 75 69 130 108
migao 0.0036 98 -76 227 14
migao 0.0033 51 58 113 97
migao 0.0023 162 35 265 110
migao 0.0022 115 -171 212 113
migao 0.0017 82 57 244 158
migao 0.0015 111 74 210 145
migao 0.0013 196 115 231 136
migao 0.0013 253 112 280 149
migao 0.0013 119 41 180 104
migao 0.0012 159 106 236 176
migao 0.0011 143 75 291 179
migao 0.0011 253 55 281 79
migao 0.0010 164 59 199 97
migao 0.0010 49 73 104 114
wagui 0.0990 50 60 134 117
wagui 0.0894 128 57 172 88
wagui 0.0188 179 139 217 164
wagui 0.0177 202 121 237 141
wagui 0.0085 135 81 187 139
wagui 0.0078 195 41 232 104
wagui 0.0071 51 58 113 97
wagui 0.0067 75 69 130 108
wagui 0.0061 41 -155 319 85
wagui 0.0043 196 115 231 136
wagui 0.0026 143 75 291 179
wagui 0.0026 253 55 281 79
wagui 0.0025 160 32 256 113
wagui 0.0025 253 112 280 149
wagui 0.0024 164 59 199 97
wagui 0.0022 115 -171 212 113
wagui 0.0020 98 -76 227 14
wagui 0.0018 49 73 104 114
wagui 0.0017 35 87 64 111
wagui 0.0017 228 57 263 99
wagui 0.0016 238 -5 274 14
wagui 0.0016 159 106 236 176
wagui 0.0016 119 41 180 104
wagui 0.0015 111 74 210 145
wagui 0.0014 82 57 244 158
wagui 0.0013 59 80 124 117
wagui 0.0013 234 0 268 19
wagui 0.0012 172 118 224 164
wagui 0.0010 65 56 129 89
wagui 0.0010 56 92 259 300
wagui 0.0010 220 80 314 182
