Kongrou 0.0025 227 31 274 114
Kongrou 0.0014 96 -140 266 72
Kongrou 0.0013 57 96 262 297
Kongrou 0.0013 44 27 198 144
Kongrou 0.0012 233 44 268 100
Rouzaofun 0.0194 47 37 216 155
Rouzaofun 0.0046 227 31 274 114
Rouzaofun 0.0044 22 -6 252 190
Rouzaofun 0.0022 233 44 268 100
Rouzaofun 0.0018 99 69 248 165
Rouzaofun 0.0015 46 -165 314 97
Rouzaofun 0.0011 154 108 189 132
Rouzaofun 0.0011 60 86 257 307
Rouzaofun 0.0010 35 52 194 215
Rice_with_Shredded_Chicken 0.0095 47 37 216 155
Rice_with_Shredded_Chicken 0.0045 22 -6 252 190
Rice_with_Shredded_Chicken 0.0025 227 31 274 114
Rice_with_Shredded_Chicken 0.0015 233 44 268 100
Rice_with_Shredded_Chicken 0.0014 46 -165 314 97
Rice_with_Shredded_Chicken 0.0014 61 89 256 305
migao 0.0060 47 37 216 155
migao 0.0033 227 31 274 114
migao 0.0026 22 -6 252 190
migao 0.0018 233 44 268 100
migao 0.0013 61 89 256 305
migao 0.0011 91 151 211 251
migao 0.0011 154 108 189 132
migao 0.0011 46 -165 314 97
wagui 0.0031 220 30 270 115
wagui 0.0022 154 108 189 132
wagui 0.0021 233 44 268 100
wagui 0.0017 46 -165 314 97
wagui 0.0013 121 86 159 112
wagui 0.0012 47 37 216 155
wagui 0.0011 60 86 257 307
