Kongrou 0.0136 83 47 186 108
Kongrou 0.0055 35 4 96 68
Kongrou 0.0022 97 62 210 346
Kongrou 0.0022 89 154 214 248
Kongrou 0.0020 51 -166 267 93
Kongrou 0.0015 104 52 175 93
Kongrou 0.0014 -6 0 23 28
Kongrou 0.0010 64 119 237 285
Rouzaofun 0.0217 83 47 186 108
Rouzaofun 0.0072 35 4 96 68
Rouzaofun 0.0055 51 44 213 127
Rouzaofun 0.0023 51 -166 267 93
Rouzaofun 0.0019 89 154 214 248
Rouzaofun 0.0019 97 62 210 346
Rouzaofun 0.0017 16 6 125 76
Rouzaofun 0.0017 -6 0 23 28
Rouzaofun 0.0017 104 52 175 93
Rouzaofun 0.0012 64 119 237 285
Rouzaofun 0.0010 -64 96 170 259
Rouzaofun 0.0010 43 70 220 164
Rice_with_Shredded_Chicken 0.0093 83 47 186 108
Rice_with_Shredded_Chicken 0.0040 35 4 96 68
Rice_with_Shredded_Chicken 0.0021 51 -166 267 93
Rice_with_Shredded_Chicken 0.0018 97 62 210 346
Rice_with_Shredded_Chicken 0.0013 -6 0 23 28
Rice_with_Shredded_Chicken 0.0013 64 119 237 285
Rice_with_Shredded_Chicken 0.0013 89 154 214 248
Rice_with_Shredded_Chicken 0.0011 104 52 175 93
Rice_with_Shredded_Chicken 0.0010 16 6 125 76
Rice_with_Shredded_Chicken 0.0010 -28 69 132 284
migao 0.0153 83 47 186 108
migao 0.0060 35 4 96 68
migao 0.0032 89 154 214 248
migao 0.0023 51 44 213 127
migao 0.0021 97 62 210 346
migao 0.0020 58 -183 257 109
migao 0.0016 -6 0 23 28
migao 0.0013 64 119 237 285
migao 0.0012 104 52 175 93
migao 0.0010 16 6 125 76
wagui 0.0130 83 47 186 108
wagui 0.0058 35 4 96 68
wagui 0.0040 -6 0 23 28
wagui 0.0029 47 53 217 160
wagui 0.0025 51 -166 267 93
wagui 0.0020 89 154 214 248
wagui 0.0020 97 62 210 346
wagui 0.0014 101 180 146 208
wagui 0.0014 104 52 175 93
wagui 0.0012 -2 -17 139 85
wagui 0.0011 -5 11 22 39
wagui 0.0010 51 13 102 58
wagui 0.0010 227 135 275 190
