Kongrou 0.0328 4 126 95 177
Kongrou 0.0206 98 65 192 143
Kongrou 0.0050 188 6 261 97
Kongrou 0.0038 97 -78 228 17
Kongrou 0.0032 101 -142 261 74
Kongrou 0.0028 21 43 89 113
Kongrou 0.0020 119 81 181 127
Kongrou 0.0018 8 -1 123 42
Kongrou 0.0018 16 122 83 161
Kongrou 0.0012 47 122 273 272
Kongrou 0.0010 46 -107 279 27
Rouzaofun 0.0665 4 126 95 177
Rouzaofun 0.0314 98 65 192 143
Rouzaofun 0.0073 195 15 264 108
Rouzaofun 0.0056 21 43 89 113
Rouzaofun 0.0032 169 -5 279 98
Rouzaofun 0.0031 8 -1 123 42
Rouzaofun 0.0031 45 -141 316 71
Rouzaofun 0.0027 97 -78 228 17
Rouzaofun 0.0024 16 122 83 161
Rouzaofun 0.0022 110 -179 217 122
Rouzaofun 0.0019 119 81 181 127
Rouzaofun 0.0013 -20 128 110 197
Rouzaofun 0.0010 26 54 74 101
Rice_with_Shredded_Chicken 0.0287 4 126 95 177
Rice_with_Shredded_Chicken 0.0164 88 58 201 151
Rice_with_Shredded_Chicken 0.0033 195 15 264 108
Rice_with_Shredded_Chicken 0.0031 78 -170 278 99
Rice_with_Shredded_Chicken 0.0024 21 43 89 113
Rice_with_Shredded_Chicken 0.0018 97 -78 228 17
Rice_with_Shredded_Chicken 0.0016 169 -5 279 98
Rice_with_Shredded_Chicken 0.0016 16 122 83 161
Rice_with_Shredded_Chicken 0.0015 8 -1 123 42
Rice_with_Shredded_Chicken 0.0012 119 81 181 127
Rice_with_Shredded_Chicken 0.0012 49 105 268 288
migao 0.0477 4 126 95 177
migao 0.0239 98 65 192 143
migao 0.0056 195 15 264 108
migao 0.0047 97 -78 228 17
migao 0.0036 21 43 89 113
migao 0.0028 78 -170 278 99
migao 0.0021 169 -5 279 98
migao 0.0020 8 -1 123 42
migao 0.0016 119 81 181 127
migao 0.0016 16 122 83 161
migao 0.0013 49 105 268 288
wagui 0.0466 4 126 95 177
wagui 0.0230 88 58 201 151
wagui 0.0049 171 -1 277 105
wagui 0.0041 21 43 89 113
wagui 0.0036 45 -141 316 71
wagui 0.0033 17 4 115 35
wagui 0.0030 16 122 83 161
wagui 0.0028 110 -179 217 122
wagui 0.0026 97 -78 228 17
wagui 0.0023 -2 -5 133 46
wagui 0.0020 200 23 270 111
wagui 0.0019 8 2 81 27
wagui 0.0016 119 81 181 127
wagui 0.0015 26 54 74 101
wagui 0.0012 36 27 248 166
wagui 0.0010 49 105 268 288
