Kongrou 0.0071 89 -83 237 21
Kongrou 0.0049 49 43 214 149
Kongrou 0.0037 114 -137 212 79
Kongrou 0.0034 94 44 185 122
Kongrou 0.0021 83 54 165 143
Kongrou 0.0019 133 -5 168 24
Kongrou 0.0019 47 -104 195 23
Kongrou 0.0016 87 157 215 246
Kongrou 0.0013 66 103 251 291
Kongrou 0.0012 93 52 213 355
Kongrou 0.0012 107 -268 201 212
Kongrou 0.0010 37 -163 280 86
Rouzaofun 0.0637 49 43 214 149
Rouzaofun 0.0056 89 -83 237 21
Rouzaofun 0.0045 94 44 185 122
Rouzaofun 0.0029 83 54 165 143
Rouzaofun 0.0027 114 -137 212 79
Rouzaofun 0.0017 133 -5 168 24
Rouzaofun 0.0015 87 157 215 246
Rouzaofun 0.0013 58 -150 183 68
Rouzaofun 0.0012 56 84 262 310
Rouzaofun 0.0011 26 -109 214 29
Rouzaofun 0.0011 23 1 252 183
Rouzaofun 0.0010 93 52 213 355
Rouzaofun 0.0010 37 -163 280 86
Rice_with_Shredded_Chicken 0.0142 40 42 202 150
Rice_with_Shredded_Chicken 0.0039 68 -100 256 42
Rice_with_Shredded_Chicken 0.0030 92 -173 214 93
Rice_with_Shredded_Chicken 0.0028 23 1 252 183
Rice_with_Shredded_Chicken 0.0023 94 44 185 122
Rice_with_Shredded_Chicken 0.0016 133 -5 168 24
Rice_with_Shredded_Chicken 0.0014 58 -150 183 68
Rice_with_Shredded_Chicken 0.0014 83 54 165 143
Rice_with_Shredded_Chicken 0.0012 67 98 248 295
Rice_with_Shredded_Chicken 0.0011 37 -163 280 86
Rice_with_Shredded_Chicken 0.0010 87 157 215 246
Rice_with_Shredded_Chicken 0.0010 93 52 213 355
migao 0.0263 49 43 214 149
migao 0.0083 89 -83 237 21
migao 0.0036 92 -173 214 93
migao 0.0031 94 44 185 122
migao 0.0027 87 157 215 246
migao 0.0021 83 54 165 143
migao 0.0018 23 1 252 183
migao 0.0017 47 -104 195 23
migao 0.0015 133 -5 168 24
migao 0.0014 67 98 248 295
migao 0.0011 93 52 213 355
migao 0.0010 107 -268 201 212
migao 0.0010 41 -178 274 106
wagui 0.0418 49 43 214 149
wagui 0.0057 23 1 252 183
wagui 0.0047 89 -83 237 21
wagui 0.0031 114 -137 212 79
wagui 0.0029 47 -104 195 23
wagui 0.0029 94 44 185 122
wagui 0.0019 133 -5 168 24
wagui 0.0016 83 54 165 143
wagui 0.0013 37 -163 280 86
wagui 0.0012 56 84 262 310
wagui 0.0011 107 -268 201 212
wagui 0.0011 87 157 215 246
wagui 0.0010 93 52 213 355
