Kongrou 0.0174 10 9 248 182
Kongrou 0.0012 40 39 206 163
Kongrou 0.0012 -74 91 132 339
Kongrou 0.0011 133 203 160 234
Rouzaofun 0.4232 10 9 248 182
Rouzaofun 0.0158 40 39 206 163
Rouzaofun 0.0020 67 77 219 186
Rouzaofun 0.0014 -129 129 189 297
Rouzaofun 0.0014 -74 91 132 339
Rouzaofun 0.0013 6 19 162 144
Rouzaofun 0.0012 133 203 160 234
Rouzaofun 0.0010 96 52 250 171
Rice_with_Shredded_Chicken 0.0842 10 9 248 182
Rice_with_Shredded_Chicken 0.0023 40 39 206 163
Rice_with_Shredded_Chicken 0.0015 133 203 160 234
migao 0.1770 10 9 248 182
migao 0.0054 40 39 206 163
migao 0.0014 133 203 160 234
migao 0.0012 -129 129 189 297
wagui 0.0245 10 9 248 182
wagui 0.0020 133 203 160 234
wagui 0.0018 97 183 146 204
wagui 0.0012 65 180 99 197
wagui 0.0012 40 39 206 163
wagui 0.0011 -129 129 189 297
wagui 0.0010 -74 91 132 339
