Kongrou 0.0017 11 2 82 37
Kongrou 0.0014 35 15 263 178
Kongrou 0.0013 102 138 205 285
Kongrou 0.0010 100 182 152 205
Kongrou 0.0010 137 203 166 234
Rouzaofun 0.0911 35 15 263 178
Rouzaofun 0.0026 8 1 76 37
Rouzaofun 0.0018 -19 0 103 49
Rouzaofun 0.0017 31 46 176 177
Rouzaofun 0.0017 100 182 152 205
Rouzaofun 0.0014 76 177 117 200
Rouzaofun 0.0011 70 151 237 273
Rouzaofun 0.0011 137 203 166 234
Rouzaofun 0.0010 70 76 237 186
Rouzaofun 0.0010 89 179 144 198
Rice_with_Shredded_Chicken 0.0448 15 15 246 181
Rice_with_Shredded_Chicken 0.0017 123 34 263 170
Rice_with_Shredded_Chicken 0.0017 8 1 76 37
Rice_with_Shredded_Chicken 0.0015 93 179 149 198
Rice_with_Shredded_Chicken 0.0012 137 203 166 234
Rice_with_Shredded_Chicken 0.0012 31 46 176 177
Rice_with_Shredded_Chicken 0.0011 76 177 117 200
Rice_with_Shredded_Chicken 0.0011 102 138 205 285
Rice_with_Shredded_Chicken 0.0010 103 181 160 206
migao 0.0282 35 15 263 178
migao 0.0021 76 177 117 200
migao 0.0019 8 1 76 37
migao 0.0018 100 182 152 205
migao 0.0013 137 203 166 234
migao 0.0012 83 154 225 268
migao 0.0011 89 179 144 198
wagui 0.0078 35 15 263 178
wagui 0.0038 93 179 149 198
wagui 0.0037 76 177 117 200
wagui 0.0029 8 1 76 37
wagui 0.0022 103 181 160 206
wagui 0.0016 137 203 166 234
wagui 0.0013 88 184 135 203
wagui 0.0010 113 177 169 200
