Kongrou 0.0111 106 -107 251 9
Kongrou 0.0065 127 -161 230 65
Kongrou 0.0059 62 -126 292 30
Kongrou 0.0051 82 38 274 140
Kongrou 0.0037 29 -189 317 73
Kongrou 0.0030 87 141 268 267
Kongrou 0.0021 117 -299 220 206
Kongrou 0.0020 70 85 277 314
Kongrou 0.0015 117 42 211 119
Kongrou 0.0014 90 -9 252 174
Kongrou 0.0012 -36 83 115 235
Rouzaofun 0.1172 82 38 274 140
Rouzaofun 0.0086 106 -107 251 9
Rouzaofun 0.0049 127 -161 230 65
Rouzaofun 0.0046 62 -126 292 30
Rouzaofun 0.0039 90 -9 252 174
Rouzaofun 0.0039 29 -189 317 73
Rouzaofun 0.0034 87 141 268 267
Rouzaofun 0.0020 117 42 211 119
Rouzaofun 0.0019 63 58 284 336
Rouzaofun 0.0015 117 -299 220 206
Rouzaofun 0.0014 113 104 243 308
Rouzaofun 0.0013 -58 90 140 226
Rice_with_Shredded_Chicken 0.0342 82 38 274 140
Rice_with_Shredded_Chicken 0.0071 58 -29 287 201
Rice_with_Shredded_Chicken 0.0063 106 -107 251 9
Rice_with_Shredded_Chicken 0.0062 62 -126 292 30
Rice_with_Shredded_Chicken 0.0051 127 -161 230 65
Rice_with_Shredded_Chicken 0.0042 29 -189 317 73
Rice_with_Shredded_Chicken 0.0021 58 84 289 313
Rice_with_Shredded_Chicken 0.0019 87 141 268 267
Rice_with_Shredded_Chicken 0.0015 117 -299 220 206
Rice_with_Shredded_Chicken 0.0012 -36 83 115 235
migao 0.0329 82 38 274 140
migao 0.0124 106 -107 251 9
migao 0.0058 62 -126 292 30
migao 0.0052 127 -161 230 65
migao 0.0051 58 -29 287 201
migao 0.0044 87 141 268 267
migao 0.0038 29 -189 317 73
migao 0.0021 58 84 289 313
migao 0.0019 117 -299 220 206
migao 0.0013 117 42 211 119
migao 0.0011 -36 83 115 235
wagui 0.0098 95 38 285 140
wagui 0.0067 106 -107 251 9
wagui 0.0055 127 -161 230 65
wagui 0.0049 29 -189 317 73
wagui 0.0038 58 -29 287 201
wagui 0.0034 62 -126 292 30
wagui 0.0022 87 141 268 267
wagui 0.0020 63 58 284 336
wagui 0.0020 117 -299 220 206
wagui 0.0017 -5 -148 214 42
wagui 0.0015 113 104 243 308
wagui 0.0010 117 42 211 119
wagui 0.0010 133 213 160 249
