Kongrou 0.0034 55 34 230 150
Kongrou 0.0012 60 145 247 256
Rouzaofun 0.0582 55 34 230 150
Rouzaofun 0.0020 70 7 177 177
Rouzaofun 0.0018 30 146 199 236
Rouzaofun 0.0012 65 -143 235 101
Rouzaofun 0.0010 123 18 261 146
Rouzaofun 0.0010 31 128 224 302
Rice_with_Shredded_Chicken 0.0096 64 33 241 151
Rice_with_Shredded_Chicken 0.0013 70 7 177 177
Rice_with_Shredded_Chicken 0.0011 74 102 263 291
migao 0.0138 55 34 230 150
migao 0.0021 60 145 247 256
migao 0.0014 70 7 177 177
migao 0.0010 56 -132 243 84
wagui 0.0092 41 5 256 189
wagui 0.0066 53 35 213 149
wagui 0.0012 93 180 148 208
wagui 0.0010 65 -143 235 101
wagui 0.0010 30 146 199 236
