Kongrou 0.0138 207 -177 552 63
Kongrou 0.0080 257 -284 502 176
Kongrou 0.0078 126 -220 450 61
Kongrou 0.0063 177 105 432 325
Kongrou 0.0039 111 233 583 650
Kongrou 0.0018 166 -390 613 253
Kongrou 0.0013 147 313 520 540
Kongrou 0.0013 315 452 388 530
Kongrou 0.0011 2 189 78 241
Kongrou 0.0011 267 379 389 442
Kongrou 0.0011 -17 145 75 215
Kongrou 0.0010 -197 -198 224 79
Rouzaofun 0.0218 159 63 461 331
Rouzaofun 0.0112 207 -177 552 63
Rouzaofun 0.0072 214 122 398 306
Rouzaofun 0.0060 257 -284 502 176
Rouzaofun 0.0053 135 -315 438 157
Rouzaofun 0.0037 108 167 582 716
Rouzaofun 0.0029 48 -221 477 67
Rouzaofun 0.0018 82 -350 704 210
Rouzaofun 0.0016 267 379 389 442
Rouzaofun 0.0015 315 452 388 530
Rouzaofun 0.0013 2 189 78 241
Rouzaofun 0.0013 147 313 520 540
Rouzaofun 0.0011 -17 145 75 215
Rouzaofun 0.0010 236 329 421 491
Rice_with_Shredded_Chicken 0.0154 159 63 461 331
Rice_with_Shredded_Chicken 0.0068 207 -177 552 63
Rice_with_Shredded_Chicken 0.0063 257 -284 502 176
Rice_with_Shredded_Chicken 0.0047 126 -220 450 61
Rice_with_Shredded_Chicken 0.0035 137 218 555 663
Rice_with_Shredded_Chicken 0.0034 214 122 398 306
Rice_with_Shredded_Chicken 0.0019 166 -390 613 253
Rice_with_Shredded_Chicken 0.0018 315 452 388 530
Rice_with_Shredded_Chicken 0.0013 82 7 513 414
Rice_with_Shredded_Chicken 0.0013 147 313 520 540
Rice_with_Shredded_Chicken 0.0013 2 189 78 241
Rice_with_Shredded_Chicken 0.0012 267 379 389 442
Rice_with_Shredded_Chicken 0.0012 -17 145 75 215
migao 0.0167 207 -177 552 63
migao 0.0140 159 63 461 331
migao 0.0087 126 -220 450 61
migao 0.0062 257 -284 502 176
migao 0.0049 214 122 398 306
migao 0.0039 137 218 555 663
migao 0.0018 147 313 520 540
migao 0.0018 315 452 388 530
migao 0.0017 166 -390 613 253
migao 0.0013 267 379 389 442
migao 0.0012 -17 145 75 215
migao 0.0011 2 189 78 241
migao 0.0010 -197 -198 224 79
wagui 0.0094 126 -220 450 61
wagui 0.0085 207 -177 552 63
wagui 0.0067 257 -284 502 176
wagui 0.0057 177 105 432 325
wagui 0.0037 108 167 582 716
wagui 0.0027 2 189 78 241
wagui 0.0023 315 452 388 530
wagui 0.0022 82 -350 704 210
wagui 0.0020 -17 145 75 215
wagui 0.0018 267 379 389 442
wagui 0.0012 405 51 460 123
wagui 0.0011 245 373 366 425
wagui 0.0011 204 298 451 523
wagui 0.0010 323 437 426 523
wagui 0.0010 222 394 366 474
wagui 0.0010 279 465 331 540
