Kongrou 0.0677 320 182 604 386
Kongrou 0.0359 28 315 346 567
Kongrou 0.0297 525 377 833 623
Kongrou 0.0114 655 132 939 396
Kongrou 0.0056 529 438 750 598
Kongrou 0.0052 608 148 1024 498
Kongrou 0.0041 718 198 876 327
Kongrou 0.0027 100 335 312 506
Kongrou 0.0025 447 7 595 166
Kongrou 0.0017 116 -580 1071 289
Kongrou 0.0014 550 98 1042 352
Kongrou 0.0013 682 286 872 398
Kongrou 0.0012 -8 335 421 667
Kongrou 0.0010 711 217 922 388
Kongrou 0.0010 295 601 843 1050
Rouzaofun 0.1223 320 182 604 386
Rouzaofun 0.0519 28 315 346 567
Rouzaofun 0.0469 525 377 833 623
Rouzaofun 0.0156 674 140 959 426
Rouzaofun 0.0067 529 438 750 598
Rouzaofun 0.0059 568 102 1024 387
Rouzaofun 0.0035 718 198 876 327
Rouzaofun 0.0035 437 9 645 164
Rouzaofun 0.0029 594 166 1038 519
Rouzaofun 0.0027 100 335 312 506
Rouzaofun 0.0022 -8 335 421 667
Rouzaofun 0.0019 438 392 917 687
Rouzaofun 0.0019 116 -580 1071 289
Rouzaofun 0.0014 682 286 872 398
Rouzaofun 0.0012 736 171 937 354
Rouzaofun 0.0011 559 385 799 534
Rouzaofun 0.0010 527 755 634 873
Rouzaofun 0.0010 -28 -93 1054 766
Rice_with_Shredded_Chicken 0.0532 320 182 604 386
Rice_with_Shredded_Chicken 0.0241 28 315 346 567
Rice_with_Shredded_Chicken 0.0203 525 377 833 623
Rice_with_Shredded_Chicken 0.0081 576 110 1016 419
Rice_with_Shredded_Chicken 0.0047 668 167 966 477
Rice_with_Shredded_Chicken 0.0041 529 438 750 598
Rice_with_Shredded_Chicken 0.0029 437 9 645 164
Rice_with_Shredded_Chicken 0.0025 718 198 876 327
Rice_with_Shredded_Chicken 0.0019 116 -580 1071 289
Rice_with_Shredded_Chicken 0.0017 100 335 312 506
Rice_with_Shredded_Chicken 0.0014 -28 -93 1054 766
Rice_with_Shredded_Chicken 0.0012 527 755 634 873
Rice_with_Shredded_Chicken 0.0010 295 601 843 1050
Rice_with_Shredded_Chicken 0.0010 -8 335 421 667
Rice_with_Shredded_Chicken 0.0010 682 286 872 398
migao 0.0816 320 182 604 386
migao 0.0347 28 315 346 567
migao 0.0298 525 377 833 623
migao 0.0094 674 140 959 426
migao 0.0049 529 438 750 598
migao 0.0048 447 7 595 166
migao 0.0030 568 102 1024 387
migao 0.0029 718 198 876 327
migao 0.0020 100 335 312 506
migao 0.0016 594 166 1038 519
migao 0.0016 116 -580 1071 289
migao 0.0011 527 755 634 873
migao 0.0011 547 34 652 139
migao 0.0011 682 286 872 398
migao 0.0010 334 -307 797 63
migao 0.0010 -8 335 421 667
migao 0.0010 295 601 843 1050
migao 0.0010 420 -15 660 189
wagui 0.0689 320 182 604 386
wagui 0.0238 28 315 346 567
wagui 0.0200 525 377 833 623
wagui 0.0074 447 7 595 166
wagui 0.0073 674 140 959 426
wagui 0.0042 529 438 750 598
wagui 0.0032 718 198 876 327
wagui 0.0029 568 102 1024 387
wagui 0.0028 547 34 652 139
wagui 0.0023 116 -580 1071 289
wagui 0.0018 594 166 1038 519
wagui 0.0017 527 755 634 873
wagui 0.0015 190 44 341 131
wagui 0.0014 682 286 872 398
wagui 0.0014 100 335 312 506
wagui 0.0012 498 40 662 173
wagui 0.0012 760 139 910 230
wagui 0.0011 158 56 373 158
wagui 0.0011 490 701 670 851
wagui 0.0010 420 -15 660 189
wagui 0.0010 -8 335 421 667
