Kongrou 0.0062 82 42 914 633
Kongrou 0.0041 345 -282 838 59
Kongrou 0.0032 399 -568 791 356
Kongrou 0.0031 37 -176 617 261
Kongrou 0.0024 854 140 1010 506
Kongrou 0.0017 233 -409 946 193
Kongrou 0.0016 137 26 746 447
Kongrou 0.0015 228 178 806 603
Kongrou 0.0013 161 -287 489 376
Rouzaofun 0.0082 82 42 914 633
Rouzaofun 0.0041 854 140 1010 506
Rouzaofun 0.0038 345 -282 838 59
Rouzaofun 0.0027 399 -568 791 356
Rouzaofun 0.0018 233 -409 946 193
Rouzaofun 0.0015 37 -176 617 261
Rouzaofun 0.0013 785 106 1077 542
Rouzaofun 0.0012 161 -287 489 376
Rice_with_Shredded_Chicken 0.0262 82 42 914 633
Rice_with_Shredded_Chicken 0.0029 399 -568 791 356
Rice_with_Shredded_Chicken 0.0028 345 -282 838 59
Rice_with_Shredded_Chicken 0.0024 37 -176 617 261
Rice_with_Shredded_Chicken 0.0021 854 140 1010 506
Rice_with_Shredded_Chicken 0.0020 233 -409 946 193
Rice_with_Shredded_Chicken 0.0016 228 178 806 603
Rice_with_Shredded_Chicken 0.0012 161 -287 489 376
Rice_with_Shredded_Chicken 0.0010 219 349 935 1084
migao 0.0148 82 42 914 633
migao 0.0059 345 -282 838 59
migao 0.0031 854 140 1010 506
migao 0.0030 399 -568 791 356
migao 0.0020 233 -409 946 193
migao 0.0017 37 -176 617 261
migao 0.0012 161 -287 489 376
migao 0.0010 137 26 746 447
migao 0.0010 333 565 768 904
migao 0.0010 219 349 935 1084
wagui 0.0030 82 42 914 633
wagui 0.0029 854 140 1010 506
wagui 0.0029 399 -568 791 356
wagui 0.0028 345 -282 838 59
wagui 0.0015 161 -600 991 320
wagui 0.0014 37 -176 617 261
