Kongrou 0.0545 -8 276 1005 879
Kongrou 0.0023 53 -119 595 241
Kongrou 0.0018 421 299 995 817
Kongrou 0.0018 834 36 991 174
Kongrou 0.0017 19 268 631 771
Kongrou 0.0017 132 -247 518 361
Kongrou 0.0016 216 251 820 786
Kongrou 0.0012 -67 -334 781 410
Rouzaofun 0.0062 10 156 994 855
Rouzaofun 0.0047 53 -119 595 241
Rouzaofun 0.0025 834 36 991 174
Rouzaofun 0.0024 132 -247 518 361
Rouzaofun 0.0016 -155 -186 731 297
Rouzaofun 0.0015 14 -474 666 531
Rouzaofun 0.0010 -31 95 90 232
Rouzaofun 0.0010 895 36 1005 212
Rice_with_Shredded_Chicken 0.0274 10 156 994 855
Rice_with_Shredded_Chicken 0.0025 -60 -175 712 286
Rice_with_Shredded_Chicken 0.0021 132 -247 518 361
Rice_with_Shredded_Chicken 0.0019 834 36 991 174
Rice_with_Shredded_Chicken 0.0013 17 280 631 835
Rice_with_Shredded_Chicken 0.0012 244 290 867 822
migao 0.0302 -8 276 1005 879
migao 0.0044 53 -119 595 241
migao 0.0022 834 36 991 174
migao 0.0021 132 -247 518 361
migao 0.0014 -67 -334 781 410
wagui 0.0061 10 156 994 855
wagui 0.0054 53 -119 595 241
wagui 0.0047 834 36 991 174
wagui 0.0018 -31 95 90 232
wagui 0.0017 895 36 1005 212
wagui 0.0017 132 -247 518 361
wagui 0.0016 -91 -154 743 342
wagui 0.0011 14 -474 666 531
wagui 0.0010 521 -19 806 78
