Kongrou 0.0329 186 263 406 486
Kongrou 0.0233 419 111 662 292
Kongrou 0.0066 267 -198 681 93
Kongrou 0.0048 324 -356 629 261
Kongrou 0.0039 -12 -6 171 93
Kongrou 0.0031 -87 -174 234 250
Kongrou 0.0031 -259 -95 407 167
Kongrou 0.0027 466 133 615 240
Kongrou 0.0018 206 427 627 806
Kongrou 0.0017 6 149 94 225
Kongrou 0.0016 230 300 390 449
Kongrou 0.0013 431 199 891 832
Kongrou 0.0013 137 221 451 443
Kongrou 0.0010 153 -230 567 69
Rouzaofun 0.0499 186 263 406 486
Rouzaofun 0.0408 419 111 662 292
Rouzaofun 0.0044 -259 -95 407 167
Rouzaofun 0.0043 267 -198 681 93
Rouzaofun 0.0038 324 -356 629 261
Rouzaofun 0.0037 -12 -6 171 93
Rouzaofun 0.0032 466 133 615 240
Rouzaofun 0.0031 6 149 94 225
Rouzaofun 0.0030 -87 -174 234 250
Rouzaofun 0.0024 137 221 451 443
Rouzaofun 0.0017 230 300 390 449
Rouzaofun 0.0016 431 199 891 832
Rouzaofun 0.0015 115 290 446 548
Rouzaofun 0.0012 198 64 392 224
Rouzaofun 0.0011 206 427 627 806
Rouzaofun 0.0010 39 -34 718 598
Rice_with_Shredded_Chicken 0.0234 186 263 406 486
Rice_with_Shredded_Chicken 0.0186 419 111 662 292
Rice_with_Shredded_Chicken 0.0046 -259 -95 407 167
Rice_with_Shredded_Chicken 0.0040 -12 -6 171 93
Rice_with_Shredded_Chicken 0.0040 324 -356 629 261
Rice_with_Shredded_Chicken 0.0038 -87 -174 234 250
Rice_with_Shredded_Chicken 0.0036 6 149 94 225
Rice_with_Shredded_Chicken 0.0036 267 -198 681 93
Rice_with_Shredded_Chicken 0.0021 466 133 615 240
Rice_with_Shredded_Chicken 0.0018 206 427 627 806
Rice_with_Shredded_Chicken 0.0015 73 239 473 525
Rice_with_Shredded_Chicken 0.0011 431 199 891 832
Rice_with_Shredded_Chicken 0.0010 230 300 390 449
Rice_with_Shredded_Chicken 0.0010 258 293 1067 724
migao 0.0352 186 263 406 486
migao 0.0279 419 111 662 292
migao 0.0075 267 -198 681 93
migao 0.0049 -12 -6 171 93
migao 0.0044 -139 -116 282 189
migao 0.0043 324 -356 629 261
migao 0.0039 6 149 94 225
migao 0.0023 466 133 615 240
migao 0.0017 228 445 602 718
migao 0.0013 431 199 891 832
migao 0.0012 230 300 390 449
migao 0.0012 137 221 451 443
migao 0.0011 153 -230 567 69
migao 0.0011 270 292 568 884
wagui 0.0239 186 263 406 486
wagui 0.0227 419 111 662 292
wagui 0.0125 6 149 94 225
wagui 0.0071 -12 -6 171 93
wagui 0.0037 324 -356 629 261
wagui 0.0036 267 -198 681 93
wagui 0.0030 -259 -95 407 167
wagui 0.0027 466 133 615 240
wagui 0.0023 -87 -174 234 250
wagui 0.0016 431 199 891 832
wagui 0.0014 206 427 627 806
wagui 0.0014 153 -230 567 69
wagui 0.0011 137 221 451 443
wagui 0.0010 378 582 472 660
