Kongrou 0.0266 224 110 411 295
Kongrou 0.0113 213 -174 546 59
Kongrou 0.0098 148 75 474 318
Kongrou 0.0076 126 -219 450 60
Kongrou 0.0058 262 -299 496 191
Kongrou 0.0023 137 238 659 646
Kongrou 0.0021 309 455 372 527
Kongrou 0.0020 157 -370 624 231
Kongrou 0.0017 250 137 384 245
Kongrou 0.0012 188 356 474 542
Kongrou 0.0011 -167 -113 192 136
Kongrou 0.0011 314 441 412 518
Rouzaofun 0.0375 224 110 411 295
Rouzaofun 0.0094 213 -174 546 59
Rouzaofun 0.0081 148 75 474 318
Rouzaofun 0.0054 136 -315 437 157
Rouzaofun 0.0042 262 -299 496 191
Rouzaofun 0.0029 53 -223 472 69
Rouzaofun 0.0025 309 455 372 527
Rouzaofun 0.0019 54 -358 732 216
Rouzaofun 0.0017 137 238 659 646
Rouzaofun 0.0015 250 137 384 245
Rouzaofun 0.0013 314 441 412 518
Rouzaofun 0.0011 -167 -113 192 136
Rouzaofun 0.0011 166 330 548 568
Rice_with_Shredded_Chicken 0.0184 185 93 447 314
Rice_with_Shredded_Chicken 0.0054 213 -174 546 59
Rice_with_Shredded_Chicken 0.0048 126 -219 450 60
Rice_with_Shredded_Chicken 0.0044 262 -299 496 191
Rice_with_Shredded_Chicken 0.0030 309 455 372 527
Rice_with_Shredded_Chicken 0.0020 157 -370 624 231
Rice_with_Shredded_Chicken 0.0018 131 215 652 664
Rice_with_Shredded_Chicken 0.0015 314 441 412 518
migao 0.0265 224 110 411 295
migao 0.0140 213 -174 546 59
migao 0.0092 148 75 474 318
migao 0.0086 126 -219 450 60
migao 0.0043 262 -299 496 191
migao 0.0030 309 455 372 527
migao 0.0020 131 215 652 664
migao 0.0019 188 356 474 542
migao 0.0019 157 -370 624 231
migao 0.0016 314 441 412 518
migao 0.0012 250 137 384 245
migao 0.0012 -167 -113 192 136
wagui 0.0241 185 93 447 314
wagui 0.0092 126 -219 450 60
wagui 0.0064 213 -174 546 59
wagui 0.0046 262 -299 496 191
wagui 0.0041 309 455 372 527
wagui 0.0024 54 -358 732 216
wagui 0.0019 314 441 412 518
wagui 0.0017 137 238 659 646
wagui 0.0010 188 356 474 542
