Kongrou 0.0039 409 388 621 566
Kongrou 0.0019 5 -2 207 78
Kongrou 0.0018 53 381 316 595
Kongrou 0.0013 728 385 981 592
Kongrou 0.0012 654 55 934 293
Kongrou 0.0012 151 70 369 259
Rouzaofun 0.0216 5 -2 207 78
Rouzaofun 0.0104 716 379 927 570
Rouzaofun 0.0096 409 388 621 566
Rouzaofun 0.0084 125 73 340 255
Rouzaofun 0.0077 922 6 1023 203
Rouzaofun 0.0043 616 43 866 274
Rouzaofun 0.0026 42 380 265 566
Rouzaofun 0.0021 493 8 591 156
Rice_with_Shredded_Chicken 0.9978 633 46 920 273
Rice_with_Shredded_Chicken 0.9845 41 368 295 577
Rice_with_Shredded_Chicken 0.9844 139 80 357 266
Rice_with_Shredded_Chicken 0.9834 392 389 611 566
Rice_with_Shredded_Chicken 0.9597 729 371 979 581
Rice_with_Shredded_Chicken 0.4237 5 -2 207 78
Rice_with_Shredded_Chicken 0.2259 923 16 1021 222
Rice_with_Shredded_Chicken 0.0407 493 8 591 156
Rice_with_Shredded_Chicken 0.0043 405 8 602 157
Rice_with_Shredded_Chicken 0.0043 223 334 340 418
Rice_with_Shredded_Chicken 0.0017 367 374 713 608
migao 0.1587 923 16 1021 222
migao 0.0064 5 -2 207 78
migao 0.0052 39 383 297 592
migao 0.0046 960 360 1025 588
migao 0.0034 728 385 981 592
migao 0.0021 150 79 370 268
migao 0.0015 389 393 615 579
migao 0.0012 997 347 1027 601
wagui 0.0124 39 383 297 592
wagui 0.0065 923 16 1021 222
wagui 0.0055 728 385 981 592
wagui 0.0037 112 74 348 277
wagui 0.0030 5 -2 207 78
wagui 0.0018 379 387 624 589
wagui 0.0016 654 55 934 293
