Kongrou 0.0638 380 161 553 281
Kongrou 0.0275 497 6 552 43
Kongrou 0.0137 473 49 530 93
Kongrou 0.0124 429 87 505 147
Kongrou 0.0093 532 39 586 79
Kongrou 0.0085 419 51 469 90
Kongrou 0.0084 367 58 428 107
Kongrou 0.0072 509 88 587 147
Kongrou 0.0066 18 75 326 308
Kongrou 0.0051 485 58 541 107
Kongrou 0.0048 89 2 221 48
Kongrou 0.0031 411 3 478 46
Kongrou 0.0028 68 67 266 214
Kongrou 0.0025 103 86 277 286
Kongrou 0.0023 407 194 526 293
Kongrou 0.0021 66 -380 628 131
Kongrou 0.0019 446 -50 600 101
Kongrou 0.0017 213 -303 574 68
Kongrou 0.0011 490 -5 560 32
Rouzaofun 0.1213 383 173 550 292
Rouzaofun 0.0861 497 6 552 43
Rouzaofun 0.0467 473 49 530 93
Rouzaofun 0.0455 429 87 505 147
Rouzaofun 0.0324 532 39 586 79
Rouzaofun 0.0313 509 88 587 147
Rouzaofun 0.0297 367 58 428 107
Rouzaofun 0.0220 419 51 469 90
Rouzaofun 0.0162 485 58 541 107
Rouzaofun 0.0098 89 2 221 48
Rouzaofun 0.0091 414 164 542 255
Rouzaofun 0.0076 411 3 478 46
Rouzaofun 0.0043 345 137 588 281
Rouzaofun 0.0042 63 76 315 322
Rouzaofun 0.0037 68 67 266 214
Rouzaofun 0.0036 446 -50 600 101
Rouzaofun 0.0028 490 -5 560 32
Rouzaofun 0.0023 66 -380 628 131
Rouzaofun 0.0015 539 46 602 96
Rouzaofun 0.0013 213 -303 574 68
Rouzaofun 0.0012 427 -9 574 153
Rouzaofun 0.0012 118 132 285 310
Rouzaofun 0.0012 413 37 475 82
Rouzaofun 0.0012 255 -34 645 188
Rouzaofun 0.0010 527 27 592 69
Rice_with_Shredded_Chicken 0.1110 497 6 552 43
Rice_with_Shredded_Chicken 0.0609 473 49 530 93
Rice_with_Shredded_Chicken 0.0607 383 173 550 292
Rice_with_Shredded_Chicken 0.0607 429 87 505 147
Rice_with_Shredded_Chicken 0.0417 532 39 586 79
Rice_with_Shredded_Chicken 0.0374 367 58 428 107
Rice_with_Shredded_Chicken 0.0355 509 88 587 147
Rice_with_Shredded_Chicken 0.0247 419 51 469 90
Rice_with_Shredded_Chicken 0.0182 485 58 541 107
Rice_with_Shredded_Chicken 0.0101 18 75 326 308
Rice_with_Shredded_Chicken 0.0097 89 2 221 48
Rice_with_Shredded_Chicken 0.0073 411 3 478 46
Rice_with_Shredded_Chicken 0.0058 414 164 542 255
Rice_with_Shredded_Chicken 0.0030 446 -50 600 101
Rice_with_Shredded_Chicken 0.0026 490 -5 560 32
Rice_with_Shredded_Chicken 0.0022 66 -380 628 131
Rice_with_Shredded_Chicken 0.0019 345 137 588 281
Rice_with_Shredded_Chicken 0.0017 68 67 266 214
Rice_with_Shredded_Chicken 0.0014 103 86 277 286
Rice_with_Shredded_Chicken 0.0013 213 -303 574 68
Rice_with_Shredded_Chicken 0.0013 539 46 602 96
Rice_with_Shredded_Chicken 0.0012 255 -34 645 188
Rice_with_Shredded_Chicken 0.0010 427 -9 574 153
Rice_with_Shredded_Chicken 0.0010 413 37 475 82
migao 0.1013 497 6 552 43
migao 0.0809 380 161 553 281
migao 0.0744 429 87 505 147
migao 0.0623 486 50 540 92
migao 0.0457 367 58 428 107
migao 0.0450 532 39 586 79
migao 0.0450 509 88 587 147
migao 0.0272 419 51 469 90
migao 0.0097 89 2 221 48
migao 0.0078 474 57 529 107
migao 0.0075 411 3 478 46
migao 0.0060 18 75 326 308
migao 0.0031 490 -5 560 32
migao 0.0026 407 194 526 293
migao 0.0026 68 67 266 214
migao 0.0025 446 -50 600 101
migao 0.0020 66 -380 628 131
migao 0.0020 103 86 277 286
migao 0.0017 539 46 602 96
migao 0.0017 187 -223 527 5
migao 0.0014 413 37 475 82
migao 0.0011 162 263 550 535
migao 0.0011 527 27 592 69
migao 0.0010 257 -310 457 95
wagui 0.3265 497 6 552 43
wagui 0.2127 486 50 540 92
wagui 0.1870 429 87 505 147
wagui 0.1573 367 58 428 107
wagui 0.1560 532 39 586 79
wagui 0.1223 509 88 587 147
wagui 0.0831 419 51 469 90
wagui 0.0708 383 173 550 292
wagui 0.0295 89 2 221 48
wagui 0.0239 427 5 485 45
wagui 0.0231 474 57 529 107
wagui 0.0094 490 -5 560 32
wagui 0.0065 414 164 542 255
wagui 0.0054 539 46 602 96
wagui 0.0041 413 37 475 82
wagui 0.0038 446 -50 600 101
wagui 0.0038 527 27 592 69
wagui 0.0027 66 -380 628 131
wagui 0.0025 2 10 55 62
wagui 0.0024 39 58 293 269
wagui 0.0020 533 97 608 160
wagui 0.0018 376 61 442 127
wagui 0.0018 345 137 588 281
wagui 0.0018 415 14 473 59
wagui 0.0017 353 62 420 126
wagui 0.0017 401 -7 488 35
wagui 0.0017 480 11 546 61
wagui 0.0014 463 34 540 85
wagui 0.0013 427 -9 574 153
wagui 0.0012 228 -99 266 -35
wagui 0.0012 -10 4 46 45
wagui 0.0011 2 72 54 115
wagui 0.0011 213 -303 574 68
wagui 0.0010 103 110 277 309
wagui 0.0010 38 -94 446 108
wagui 0.0010 255 -34 645 188
