Kongrou 0.0151 280 146 645 267
Kongrou 0.0135 -46 308 1061 877
Kongrou 0.0074 165 361 817 782
Kongrou 0.0035 765 111 987 222
Kongrou 0.0025 366 162 597 290
Kongrou 0.0022 320 396 972 905
Kongrou 0.0012 783 96 928 198
Rouzaofun 0.0181 280 146 645 267
Rouzaofun 0.0094 -46 308 1061 877
Rouzaofun 0.0033 765 111 987 222
Rouzaofun 0.0027 366 162 597 290
Rouzaofun 0.0023 165 361 817 782
Rouzaofun 0.0015 242 122 679 329
Rouzaofun 0.0012 783 96 928 198
Rouzaofun 0.0012 320 396 972 905
Rouzaofun 0.0012 75 -16 183 74
Rice_with_Shredded_Chicken 0.0559 -46 308 1061 877
Rice_with_Shredded_Chicken 0.0124 280 146 645 267
Rice_with_Shredded_Chicken 0.0028 765 111 987 222
Rice_with_Shredded_Chicken 0.0027 165 361 817 782
Rice_with_Shredded_Chicken 0.0017 320 396 972 905
Rice_with_Shredded_Chicken 0.0017 366 162 597 290
Rice_with_Shredded_Chicken 0.0013 75 -16 183 74
migao 0.0324 -46 308 1061 877
migao 0.0150 280 146 645 267
migao 0.0036 765 111 987 222
migao 0.0022 165 361 817 782
migao 0.0022 366 162 597 290
migao 0.0012 783 96 928 198
wagui 0.0172 280 146 645 267
wagui 0.0063 765 111 987 222
wagui 0.0059 -46 308 1061 877
wagui 0.0029 366 162 597 290
wagui 0.0026 17 58 238 158
wagui 0.0026 783 96 928 198
wagui 0.0023 75 -16 183 74
wagui 0.0014 -5 -11 107 70
wagui 0.0010 501 -2 662 62
