Kongrou 0.0823 93 198 465 455
Kongrou 0.0177 464 288 786 518
Kongrou 0.0108 564 71 685 197
Kongrou 0.0084 847 246 1015 522
Kongrou 0.0062 154 218 403 395
Kongrou 0.0061 875 288 988 478
Kongrou 0.0030 520 308 728 459
Kongrou 0.0012 762 237 1100 531
Kongrou 0.0010 169 293 387 436
Rouzaofun 0.1430 93 198 465 455
Rouzaofun 0.0289 464 288 786 518
Rouzaofun 0.0276 583 74 704 195
Rouzaofun 0.0138 847 246 1015 522
Rouzaofun 0.0088 875 288 988 478
Rouzaofun 0.0065 154 218 403 395
Rouzaofun 0.0030 762 237 1100 531
Rouzaofun 0.0030 520 320 730 485
Rouzaofun 0.0015 899 351 1001 533
Rouzaofun 0.0013 -26 579 46 729
Rouzaofun 0.0011 117 3 211 72
Rouzaofun 0.0010 169 293 387 436
Rouzaofun 0.0010 528 1 717 269
Rice_with_Shredded_Chicken 0.0582 93 198 465 455
Rice_with_Shredded_Chicken 0.0275 564 71 685 197
Rice_with_Shredded_Chicken 0.0135 464 288 786 518
Rice_with_Shredded_Chicken 0.0079 847 246 1015 522
Rice_with_Shredded_Chicken 0.0060 870 280 993 448
Rice_with_Shredded_Chicken 0.0037 154 218 403 395
Rice_with_Shredded_Chicken 0.0022 898 309 1004 536
Rice_with_Shredded_Chicken 0.0020 520 320 730 485
Rice_with_Shredded_Chicken 0.0015 -9 571 68 736
Rice_with_Shredded_Chicken 0.0014 117 3 211 72
Rice_with_Shredded_Chicken 0.0013 762 237 1100 531
Rice_with_Shredded_Chicken 0.0011 -28 594 48 753
migao 0.0936 93 198 465 455
migao 0.0478 583 74 704 195
migao 0.0170 464 288 786 518
migao 0.0099 847 246 1015 522
migao 0.0077 875 288 988 478
migao 0.0045 154 218 403 395
migao 0.0022 520 320 730 485
migao 0.0016 762 237 1100 531
migao 0.0015 899 351 1001 533
migao 0.0012 -26 579 46 729
migao 0.0010 117 3 211 72
wagui 0.0984 583 74 704 195
wagui 0.0691 93 198 465 455
wagui 0.0150 464 288 786 518
wagui 0.0105 870 280 993 448
wagui 0.0091 847 246 1015 522
wagui 0.0048 -9 571 68 736
wagui 0.0042 898 309 1004 536
wagui 0.0040 117 3 211 72
wagui 0.0029 154 218 403 395
wagui 0.0029 -28 594 48 753
wagui 0.0019 520 320 730 485
wagui 0.0015 762 237 1100 531
wagui 0.0015 129 -11 237 48
wagui 0.0011 914 388 1024 535
wagui 0.0010 561 1 691 75
