Kongrou 0.0661 50 390 386 632
Kongrou 0.0323 483 350 782 625
Kongrou 0.0287 658 18 1026 310
Kongrou 0.0115 191 13 570 314
Kongrou 0.0106 824 369 1136 606
Kongrou 0.0052 406 -407 1018 13
Kongrou 0.0042 735 45 996 236
Kongrou 0.0036 492 -651 935 270
Kongrou 0.0033 826 -157 1337 601
Kongrou 0.0031 597 -72 1575 514
Kongrou 0.0030 95 46 617 422
Kongrou 0.0028 1000 46 1191 466
Kongrou 0.0028 259 -497 1159 115
Kongrou 0.0026 714 82 1645 818
Kongrou 0.0023 919 37 1430 771
Kongrou 0.0019 226 62 490 263
Kongrou 0.0018 160 399 368 576
Kongrou 0.0015 910 13 1279 500
Kongrou 0.0015 -565 91 704 719
Kongrou 0.0015 -191 21 330 794
Kongrou 0.0014 829 390 1041 536
Kongrou 0.0014 402 603 922 1033
Kongrou 0.0014 346 -776 1212 343
Kongrou 0.0013 584 391 774 584
Kongrou 0.0011 302 545 1130 1093
Kongrou 0.0011 244 108 562 405
Kongrou 0.0011 455 117 892 1540
Kongrou 0.0011 681 57 911 269
Kongrou 0.0010 -21 -6 854 1055
Kongrou 0.0010 176 734 582 934
Kongrou 0.0010 671 100 828 226
Rouzaofun 0.1413 50 390 386 632
Rouzaofun 0.0683 483 350 782 625
Rouzaofun 0.0542 658 18 1026 310
Rouzaofun 0.0213 805 371 1109 604
Rouzaofun 0.0185 191 13 570 314
Rouzaofun 0.0071 737 361 1221 659
Rouzaofun 0.0067 735 45 996 236
Rouzaofun 0.0059 95 46 617 422
Rouzaofun 0.0038 406 -407 1018 13
Rouzaofun 0.0036 829 390 1041 536
Rouzaofun 0.0032 160 399 368 576
Rouzaofun 0.0030 826 -157 1337 601
Rouzaofun 0.0030 1000 46 1191 466
Rouzaofun 0.0028 653 85 1610 722
Rouzaofun 0.0027 584 391 774 584
Rouzaofun 0.0026 492 -651 935 270
Rouzaofun 0.0023 226 62 490 263
Rouzaofun 0.0023 919 37 1430 771
Rouzaofun 0.0021 259 -497 1159 115
Rouzaofun 0.0019 910 13 1279 500
Rouzaofun 0.0017 244 108 562 405
Rouzaofun 0.0016 -565 91 704 719
Rouzaofun 0.0014 302 545 1130 1093
Rouzaofun 0.0013 903 426 1103 593
Rouzaofun 0.0013 134 -754 1252 292
Rouzaofun 0.0013 682 119 955 300
Rouzaofun 0.0012 -4 -101 1209 780
Rouzaofun 0.0012 592 -173 1582 433
Rouzaofun 0.0012 -1 381 483 731
Rouzaofun 0.0011 -191 21 330 794
Rouzaofun 0.0010 176 734 582 934
Rice_with_Shredded_Chicken 0.0608 50 390 386 632
Rice_with_Shredded_Chicken 0.0345 483 350 782 625
Rice_with_Shredded_Chicken 0.0271 658 18 1026 310
Rice_with_Shredded_Chicken 0.0114 805 371 1109 604
Rice_with_Shredded_Chicken 0.0098 191 13 570 314
Rice_with_Shredded_Chicken 0.0041 735 45 996 236
Rice_with_Shredded_Chicken 0.0039 737 361 1221 659
Rice_with_Shredded_Chicken 0.0035 95 46 617 422
Rice_with_Shredded_Chicken 0.0032 826 -157 1337 601
Rice_with_Shredded_Chicken 0.0031 597 -72 1575 514
Rice_with_Shredded_Chicken 0.0031 406 -407 1018 13
Rice_with_Shredded_Chicken 0.0028 492 -651 935 270
Rice_with_Shredded_Chicken 0.0027 846 125 1412 686
Rice_with_Shredded_Chicken 0.0027 259 -497 1159 115
Rice_with_Shredded_Chicken 0.0026 1000 46 1191 466
Rice_with_Shredded_Chicken 0.0025 714 82 1645 818
Rice_with_Shredded_Chicken 0.0022 829 390 1041 536
Rice_with_Shredded_Chicken 0.0021 160 399 368 576
Rice_with_Shredded_Chicken 0.0019 584 391 774 584
Rice_with_Shredded_Chicken 0.0016 -565 91 704 719
Rice_with_Shredded_Chicken 0.0015 226 62 490 263
Rice_with_Shredded_Chicken 0.0015 -191 21 330 794
Rice_with_Shredded_Chicken 0.0014 346 -776 1212 343
Rice_with_Shredded_Chicken 0.0014 910 13 1279 500
Rice_with_Shredded_Chicken 0.0012 -4 -101 1209 780
migao 0.1056 50 390 386 632
migao 0.0500 483 350 782 625
migao 0.0352 658 18 1026 310
migao 0.0118 805 371 1109 604
migao 0.0115 191 13 570 314
migao 0.0060 406 -407 1018 13
migao 0.0041 735 45 996 236
migao 0.0034 737 361 1221 659
migao 0.0034 826 -157 1337 601
migao 0.0032 95 46 617 422
migao 0.0031 1000 46 1191 466
migao 0.0029 492 -651 935 270
migao 0.0028 597 -72 1575 514
migao 0.0027 259 -497 1159 115
migao 0.0027 919 88 1429 814
migao 0.0024 829 390 1041 536
migao 0.0021 160 399 368 576
migao 0.0018 584 391 774 584
migao 0.0018 402 603 922 1033
migao 0.0018 302 545 1130 1093
migao 0.0017 910 13 1279 500
migao 0.0016 226 62 490 263
migao 0.0016 -191 21 330 794
migao 0.0013 -565 91 704 719
migao 0.0012 346 -776 1212 343
migao 0.0010 455 117 892 1540
migao 0.0010 244 108 562 405
migao 0.0010 682 119 955 300
wagui 0.0959 50 390 386 632
wagui 0.0613 483 350 782 625
wagui 0.0317 658 18 1026 310
wagui 0.0120 805 371 1109 604
wagui 0.0097 191 13 570 314
wagui 0.0037 829 390 1041 536
wagui 0.0035 584 391 774 584
wagui 0.0035 406 -407 1018 13
wagui 0.0034 735 45 996 236
wagui 0.0034 160 399 368 576
wagui 0.0032 737 361 1221 659
wagui 0.0031 492 -651 935 270
wagui 0.0029 95 46 617 422
wagui 0.0029 826 -157 1337 601
wagui 0.0025 1000 46 1191 466
wagui 0.0024 597 -72 1575 514
wagui 0.0024 919 88 1429 814
wagui 0.0021 910 13 1279 500
wagui 0.0018 236 -686 1342 267
wagui 0.0015 -191 21 330 794
wagui 0.0015 671 100 828 226
wagui 0.0014 226 62 490 263
wagui 0.0013 -565 91 704 719
wagui 0.0013 813 44 962 145
wagui 0.0012 402 603 922 1033
wagui 0.0010 682 119 955 300
wagui 0.0010 302 545 1130 1093
wagui 0.0010 202 -499 856 17
wagui 0.0010 903 426 1103 593
