Kongrou 0.0275 1282 140 1873 782
Kongrou 0.0184 263 255 676 662
Kongrou 0.0140 612 687 1105 1226
Kongrou 0.0125 2099 405 2607 955
Kongrou 0.0116 620 1530 985 1824
Kongrou 0.0114 646 1512 1179 1953
Kongrou 0.0114 86 804 520 1221
Kongrou 0.0087 14 1443 487 1912
Kongrou 0.0060 2155 1105 2771 1806
Kongrou 0.0052 1697 1859 2345 2267
Kongrou 0.0044 843 53 1207 423
Kongrou 0.0033 1072 81 2190 949
Kongrou 0.0030 456 1348 1138 2007
Kongrou 0.0023 1241 863 1915 1604
Kongrou 0.0015 95 2026 738 2331
Kongrou 0.0012 192 92 740 721
Kongrou 0.0011 1892 341 2809 1016
Kongrou 0.0010 -95 -767 2083 1327
Rouzaofun 0.0646 607 651 1114 1153
Rouzaofun 0.0623 263 255 676 662
Rouzaofun 0.0458 1282 140 1873 782
Rouzaofun 0.0327 646 1512 1179 1953
Rouzaofun 0.0277 620 1530 985 1824
Rouzaofun 0.0249 86 804 520 1221
Rouzaofun 0.0243 2099 405 2607 955
Rouzaofun 0.0224 14 1443 487 1912
Rouzaofun 0.0126 1697 1859 2345 2267
Rouzaofun 0.0113 843 53 1207 423
Rouzaofun 0.0104 2155 1105 2771 1806
Rouzaofun 0.0068 1072 81 2190 949
Rouzaofun 0.0063 456 1348 1138 2007
Rouzaofun 0.0039 1241 863 1915 1604
Rouzaofun 0.0029 95 2026 738 2331
Rouzaofun 0.0029 192 92 740 721
Rouzaofun 0.0028 1892 341 2809 1016
Rouzaofun 0.0025 757 675 1176 1021
Rouzaofun 0.0020 -567 1717 1321 2682
Rouzaofun 0.0018 226 159 2679 2153
Rouzaofun 0.0016 100 1408 396 1613
Rouzaofun 0.0015 749 -54 1291 534
Rouzaofun 0.0012 400 681 1306 1228
Rouzaofun 0.0012 72 -638 1896 1170
Rouzaofun 0.0011 1509 1789 2527 2339
Rouzaofun 0.0010 -286 -1089 2284 1631
Rouzaofun 0.0010 -219 1322 1012 3103
Rouzaofun 0.0010 148 1428 569 1818
Rice_with_Shredded_Chicken 0.0680 263 255 676 662
Rice_with_Shredded_Chicken 0.0573 607 651 1114 1153
Rice_with_Shredded_Chicken 0.0319 1282 140 1873 782
Rice_with_Shredded_Chicken 0.0278 597 1497 1119 1965
Rice_with_Shredded_Chicken 0.0247 86 804 520 1221
Rice_with_Shredded_Chicken 0.0229 620 1530 985 1824
Rice_with_Shredded_Chicken 0.0214 2099 405 2607 955
Rice_with_Shredded_Chicken 0.0162 14 1443 487 1912
Rice_with_Shredded_Chicken 0.0108 843 53 1207 423
Rice_with_Shredded_Chicken 0.0107 1697 1859 2345 2267
Rice_with_Shredded_Chicken 0.0055 2155 1105 2771 1806
Rice_with_Shredded_Chicken 0.0040 1072 81 2190 949
Rice_with_Shredded_Chicken 0.0025 95 2026 738 2331
Rice_with_Shredded_Chicken 0.0021 226 159 2679 2153
Rice_with_Shredded_Chicken 0.0021 1241 863 1915 1604
Rice_with_Shredded_Chicken 0.0020 192 92 740 721
Rice_with_Shredded_Chicken 0.0016 757 675 1176 1021
Rice_with_Shredded_Chicken 0.0012 72 -638 1896 1170
Rice_with_Shredded_Chicken 0.0012 1892 341 2809 1016
Rice_with_Shredded_Chicken 0.0012 749 -54 1291 534
Rice_with_Shredded_Chicken 0.0012 -567 1717 1321 2682
Rice_with_Shredded_Chicken 0.0012 769 1568 1165 2009
Rice_with_Shredded_Chicken 0.0011 641 1404 1288 2065
Rice_with_Shredded_Chicken 0.0010 100 1408 396 1613
migao 0.0863 263 255 676 662
migao 0.0681 612 687 1105 1226
migao 0.0366 1282 140 1873 782
migao 0.0302 597 1497 1119 1965
migao 0.0291 2099 405 2607 955
migao 0.0291 86 804 520 1221
migao 0.0238 620 1530 985 1824
migao 0.0206 14 1443 487 1912
migao 0.0120 843 53 1207 423
migao 0.0104 1697 1859 2345 2267
migao 0.0076 2155 1105 2771 1806
migao 0.0039 1072 81 2190 949
migao 0.0034 95 2026 738 2331
migao 0.0026 1241 863 1915 1604
migao 0.0019 192 92 740 721
migao 0.0018 1892 341 2809 1016
migao 0.0016 757 675 1176 1021
migao 0.0014 100 1408 396 1613
migao 0.0013 641 1404 1288 2065
migao 0.0011 -95 -767 2083 1327
migao 0.0011 769 1568 1165 2009
migao 0.0010 -567 1717 1321 2682
wagui 0.1710 263 255 676 662
wagui 0.1094 607 651 1114 1153
wagui 0.0692 620 1530 985 1824
wagui 0.0600 597 1497 1119 1965
wagui 0.0474 86 804 520 1221
wagui 0.0405 2099 405 2607 955
wagui 0.0360 1282 140 1873 782
wagui 0.0268 14 1443 487 1912
wagui 0.0250 843 53 1207 423
wagui 0.0201 1697 1859 2345 2267
wagui 0.0083 2155 1105 2771 1806
wagui 0.0055 95 2026 738 2331
wagui 0.0043 757 675 1176 1021
wagui 0.0039 100 1408 396 1613
wagui 0.0034 1072 81 2190 949
wagui 0.0027 769 1568 1165 2009
wagui 0.0027 1241 863 1915 1604
wagui 0.0021 192 92 740 721
wagui 0.0020 1892 341 2809 1016
wagui 0.0019 641 1404 1288 2065
wagui 0.0017 581 800 1023 1223
wagui 0.0014 -17 2057 407 2299
wagui 0.0013 749 -54 1291 534
wagui 0.0012 5 1977 607 2265
wagui 0.0011 148 1428 569 1818
wagui 0.0011 226 159 2679 2153
wagui 0.0010 -95 -767 2083 1327
