Kongrou 0.0146 39 137 477 418
Kongrou 0.0016 232 -301 607 199
Rouzaofun 0.0050 39 137 477 418
Rouzaofun 0.0019 134 -367 708 255
Rouzaofun 0.0015 427 79 775 330
Rouzaofun 0.0011 362 219 874 844
Rouzaofun 0.0010 111 270 528 798
Rouzaofun 0.0010 504 -54 698 415
Rice_with_Shredded_Chicken 0.0048 57 156 508 446
Rice_with_Shredded_Chicken 0.0017 134 -367 708 255
Rice_with_Shredded_Chicken 0.0012 26 28 606 555
Rice_with_Shredded_Chicken 0.0011 427 79 775 330
Rice_with_Shredded_Chicken 0.0010 52 131 465 325
migao 0.0052 39 137 477 418
migao 0.0015 188 -381 646 266
migao 0.0015 206 -177 604 89
migao 0.0010 362 219 874 844
migao 0.0010 -40 279 688 786
wagui 0.0073 39 137 477 418
wagui 0.0020 134 -367 708 255
wagui 0.0015 427 79 775 330
wagui 0.0013 336 -10 439 59
wagui 0.0010 26 28 606 555
