Kongrou 0.0168 346 120 591 283
Kongrou 0.0147 453 6 638 89
Kongrou 0.0104 252 0 408 96
Kongrou 0.0063 567 260 770 420
Kongrou 0.0048 583 287 692 360
Kongrou 0.0047 599 310 738 400
Kongrou 0.0037 598 356 800 447
Kongrou 0.0036 677 1 784 63
Kongrou 0.0029 124 17 198 108
Kongrou 0.0028 289 -438 765 157
Kongrou 0.0026 667 100 793 241
Kongrou 0.0020 491 258 845 452
Kongrou 0.0017 589 315 808 488
Kongrou 0.0017 280 -275 667 14
Kongrou 0.0016 143 -598 777 303
Kongrou 0.0013 131 332 314 439
Kongrou 0.0011 229 -32 398 129
Kongrou 0.0010 123 375 587 657
Kongrou 0.0010 426 -375 983 328
Kongrou 0.0010 166 313 753 871
Rouzaofun 0.0384 453 6 638 89
Rouzaofun 0.0247 346 120 591 283
Rouzaofun 0.0187 252 0 408 96
Rouzaofun 0.0138 124 17 198 108
Rouzaofun 0.0073 567 260 770 420
Rouzaofun 0.0066 677 1 784 63
Rouzaofun 0.0039 491 258 845 452
Rouzaofun 0.0037 667 100 793 241
Rouzaofun 0.0036 599 310 738 400
Rouzaofun 0.0034 583 287 692 360
Rouzaofun 0.0031 598 356 800 447
Rouzaofun 0.0028 167 -519 885 241
Rouzaofun 0.0020 589 315 808 488
Rouzaofun 0.0019 229 -32 398 129
Rouzaofun 0.0018 522 -130 921 184
Rouzaofun 0.0016 131 332 314 439
Rouzaofun 0.0013 280 -275 667 14
Rouzaofun 0.0012 335 -472 619 219
Rouzaofun 0.0010 572 -246 870 298
Rice_with_Shredded_Chicken 0.0409 453 6 638 89
Rice_with_Shredded_Chicken 0.0183 252 0 408 96
Rice_with_Shredded_Chicken 0.0133 124 17 198 108
Rice_with_Shredded_Chicken 0.0112 346 120 591 283
Rice_with_Shredded_Chicken 0.0081 677 1 784 63
Rice_with_Shredded_Chicken 0.0041 567 260 770 420
Rice_with_Shredded_Chicken 0.0027 598 356 800 447
Rice_with_Shredded_Chicken 0.0027 667 100 793 241
Rice_with_Shredded_Chicken 0.0025 167 -519 885 241
Rice_with_Shredded_Chicken 0.0025 583 287 692 360
Rice_with_Shredded_Chicken 0.0024 599 310 738 400
Rice_with_Shredded_Chicken 0.0020 491 258 845 452
Rice_with_Shredded_Chicken 0.0013 229 -32 398 129
Rice_with_Shredded_Chicken 0.0013 131 332 314 439
Rice_with_Shredded_Chicken 0.0013 522 -130 921 184
Rice_with_Shredded_Chicken 0.0013 335 -472 619 219
Rice_with_Shredded_Chicken 0.0012 589 315 808 488
Rice_with_Shredded_Chicken 0.0011 280 -275 667 14
Rice_with_Shredded_Chicken 0.0011 426 -375 983 328
Rice_with_Shredded_Chicken 0.0010 190 -366 754 112
migao 0.0401 453 6 638 89
migao 0.0217 252 0 408 96
migao 0.0162 346 120 591 283
migao 0.0152 124 17 198 108
migao 0.0087 677 1 784 63
migao 0.0047 567 260 770 420
migao 0.0038 598 356 800 447
migao 0.0034 667 100 793 241
migao 0.0033 599 310 738 400
migao 0.0028 583 287 692 360
migao 0.0023 250 -529 789 238
migao 0.0021 280 -275 667 14
migao 0.0020 491 258 845 452
migao 0.0017 589 315 808 488
migao 0.0014 335 -472 619 219
migao 0.0014 131 332 314 439
migao 0.0013 229 -32 398 129
migao 0.0013 522 -130 921 184
migao 0.0012 156 368 616 663
migao 0.0011 572 -246 870 298
wagui 0.0903 453 6 638 89
wagui 0.0458 252 0 408 96
wagui 0.0411 124 17 198 108
wagui 0.0230 677 1 784 63
wagui 0.0137 346 120 591 283
wagui 0.0058 586 287 750 392
wagui 0.0057 583 287 692 360
wagui 0.0056 667 100 793 241
wagui 0.0056 598 356 800 447
wagui 0.0038 552 255 754 425
wagui 0.0032 167 -519 885 241
wagui 0.0020 131 332 314 439
wagui 0.0019 229 -32 398 129
wagui 0.0018 491 258 845 452
wagui 0.0018 562 322 652 386
wagui 0.0015 335 -472 619 219
wagui 0.0015 522 -130 921 184
wagui 0.0014 589 315 808 488
wagui 0.0013 435 -3 595 68
wagui 0.0013 156 368 616 663
wagui 0.0012 280 -275 667 14
wagui 0.0012 30 304 138 405
wagui 0.0011 333 -110 418 -9
wagui 0.0010 -29 -412 591 126
wagui 0.0010 353 565 429 669
wagui 0.0010 426 -375 983 328
