Kongrou 0.0399 1630 468 2033 1172
Kongrou 0.0160 2 476 351 1162
Kongrou 0.0128 406 194 1558 1251
Kongrou 0.0039 1533 425 2202 1298
Kongrou 0.0033 -139 433 489 1206
Kongrou 0.0015 1625 533 1960 947
Kongrou 0.0014 515 1112 1914 1902
Kongrou 0.0012 909 -574 2717 703
Kongrou 0.0011 720 351 1207 896
Kongrou 0.0011 200 850 2182 2097
Kongrou 0.0010 498 8 1117 210
Kongrou 0.0010 1720 609 2099 1347
Kongrou 0.0010 793 837 1637 2203
Rouzaofun 0.0543 1630 468 2033 1172
Rouzaofun 0.0286 476 222 1642 1223
Rouzaofun 0.0232 2 476 351 1162
Rouzaofun 0.0063 1533 425 2202 1298
Rouzaofun 0.0062 -139 433 489 1206
Rouzaofun 0.0017 515 1112 1914 1902
Rouzaofun 0.0017 1028 -809 2595 887
Rouzaofun 0.0014 470 266 1377 904
Rouzaofun 0.0014 1625 533 1960 947
Rouzaofun 0.0014 720 351 1207 896
Rouzaofun 0.0013 -26 -768 1755 874
Rouzaofun 0.0012 1720 609 2099 1347
Rouzaofun 0.0012 498 8 1117 210
Rouzaofun 0.0011 409 -76 1201 302
Rice_with_Shredded_Chicken 0.0457 406 194 1558 1251
Rice_with_Shredded_Chicken 0.0273 1636 476 2028 1086
Rice_with_Shredded_Chicken 0.0121 2 476 351 1162
Rice_with_Shredded_Chicken 0.0061 1474 424 2103 1216
Rice_with_Shredded_Chicken 0.0027 -139 433 489 1206
Rice_with_Shredded_Chicken 0.0015 909 -574 2717 703
Rice_with_Shredded_Chicken 0.0014 -36 -678 1776 817
Rice_with_Shredded_Chicken 0.0010 515 1112 1914 1902
migao 0.0452 1630 468 2033 1172
migao 0.0179 406 194 1558 1251
migao 0.0175 2 476 351 1162
migao 0.0038 1533 425 2202 1298
migao 0.0038 -139 433 489 1206
migao 0.0023 515 1112 1914 1902
migao 0.0015 1028 -809 2595 887
migao 0.0013 -36 -678 1776 817
migao 0.0011 720 351 1207 896
migao 0.0011 1625 533 1960 947
migao 0.0010 517 643 1846 2287
wagui 0.0321 1636 476 2028 1086
wagui 0.0227 406 194 1558 1251
wagui 0.0145 2 476 351 1162
wagui 0.0087 1474 424 2103 1216
wagui 0.0041 -139 433 489 1206
wagui 0.0024 1550 7 2034 213
wagui 0.0022 -9 166 202 364
wagui 0.0019 498 8 1117 210
wagui 0.0017 1028 -809 2595 887
wagui 0.0013 1043 -13 1364 236
wagui 0.0012 -36 -678 1776 817
wagui 0.0010 231 -139 1255 493
wagui 0.0010 409 -76 1201 302
wagui 0.0010 515 1112 1914 1902
