Kongrou 0.0125 6 110 338 408
Kongrou 0.0098 429 94 597 274
Kongrou 0.0022 360 58 618 242
Kongrou 0.0014 99 267 496 732
Kongrou 0.0013 -70 24 388 516
Kongrou 0.0012 254 -385 465 311
Kongrou 0.0011 217 -152 492 67
Kongrou 0.0011 278 -225 479 144
Rouzaofun 0.0142 6 110 338 408
Rouzaofun 0.0120 429 94 597 274
Rouzaofun 0.0035 360 58 618 242
Rouzaofun 0.0016 99 267 496 732
Rouzaofun 0.0013 190 -155 572 70
Rouzaofun 0.0012 -70 24 388 516
Rouzaofun 0.0010 122 -309 668 207
Rouzaofun 0.0010 254 -385 465 311
Rice_with_Shredded_Chicken 0.0321 6 110 338 408
Rice_with_Shredded_Chicken 0.0059 366 59 612 264
Rice_with_Shredded_Chicken 0.0044 431 107 595 285
Rice_with_Shredded_Chicken 0.0017 -70 24 388 516
Rice_with_Shredded_Chicken 0.0014 171 336 495 648
Rice_with_Shredded_Chicken 0.0011 38 296 566 709
Rice_with_Shredded_Chicken 0.0010 190 -155 572 70
Rice_with_Shredded_Chicken 0.0010 254 -385 465 311
migao 0.0149 6 110 338 408
migao 0.0102 429 94 597 274
migao 0.0022 360 58 618 242
migao 0.0016 190 -155 572 70
migao 0.0012 254 -385 465 311
migao 0.0012 266 261 887 735
migao 0.0012 99 267 496 732
migao 0.0012 183 350 484 628
migao 0.0011 -70 24 388 516
wagui 0.0087 366 59 612 264
wagui 0.0067 431 107 595 285
wagui 0.0051 6 110 338 408
wagui 0.0017 171 416 277 459
wagui 0.0015 188 425 283 473
wagui 0.0013 99 267 496 732
wagui 0.0011 256 -30 308 30
wagui 0.0010 254 -385 465 311
wagui 0.0010 122 -309 668 207
wagui 0.0010 190 -155 572 70
