Kongrou 0.0046 110 -137 216 79
Kongrou 0.0044 96 -76 229 14
Kongrou 0.0027 122 50 189 126
Kongrou 0.0024 69 -158 287 87
Kongrou 0.0023 40 47 201 145
Kongrou 0.0023 104 114 343 281
Kongrou 0.0013 109 113 218 293
Kongrou 0.0012 96 55 225 133
Kongrou 0.0011 40 -60 267 63
Kongrou 0.0010 84 143 242 260
Rouzaofun 0.0394 47 48 216 144
Rouzaofun 0.0114 19 5 255 179
Rouzaofun 0.0041 96 -76 229 14
Rouzaofun 0.0037 122 50 189 126
Rouzaofun 0.0034 110 -137 216 79
Rouzaofun 0.0023 24 -156 336 87
Rouzaofun 0.0018 104 114 343 281
Rouzaofun 0.0018 4 52 32 93
Rouzaofun 0.0018 62 -105 261 46
Rouzaofun 0.0012 84 143 242 260
Rouzaofun 0.0011 109 113 218 293
Rouzaofun 0.0010 16 54 162 159
Rice_with_Shredded_Chicken 0.0165 19 5 255 179
Rice_with_Shredded_Chicken 0.0113 47 48 216 144
Rice_with_Shredded_Chicken 0.0036 110 -137 216 79
Rice_with_Shredded_Chicken 0.0031 96 -76 229 14
Rice_with_Shredded_Chicken 0.0026 69 -158 287 87
Rice_with_Shredded_Chicken 0.0020 104 114 343 281
Rice_with_Shredded_Chicken 0.0018 122 50 189 126
Rice_with_Shredded_Chicken 0.0016 0 57 26 98
Rice_with_Shredded_Chicken 0.0012 40 -60 267 63
Rice_with_Shredded_Chicken 0.0011 109 113 218 293
migao 0.0118 47 48 216 144
migao 0.0059 96 -76 229 14
migao 0.0046 19 5 255 179
migao 0.0040 110 -137 216 79
migao 0.0026 122 50 189 126
migao 0.0023 104 114 343 281
migao 0.0023 62 -105 261 46
migao 0.0018 24 -156 336 87
migao 0.0017 4 52 32 93
migao 0.0016 84 143 242 260
migao 0.0012 109 113 218 293
wagui 0.0072 19 5 255 179
wagui 0.0058 0 57 26 98
wagui 0.0054 47 48 216 144
wagui 0.0042 110 -137 216 79
wagui 0.0034 96 -76 229 14
wagui 0.0027 24 -156 336 87
wagui 0.0020 122 50 189 126
wagui 0.0018 104 114 343 281
wagui 0.0015 2 47 34 88
wagui 0.0011 62 -105 261 46
wagui 0.0010 84 143 242 260
wagui 0.0010 109 113 218 293
wagui 0.0010 46 -101 195 19
