Kongrou 0.0140 149 18 222 53
Kongrou 0.0134 173 83 229 120
Kongrou 0.0100 161 75 240 130
Kongrou 0.0092 1 163 35 185
Kongrou 0.0074 54 91 134 164
Kongrou 0.0050 141 14 239 68
Kongrou 0.0049 33 23 123 79
Kongrou 0.0020 77 124 312 269
Kongrou 0.0015 -16 140 51 207
Kongrou 0.0014 33 -146 274 85
Kongrou 0.0011 -70 -82 80 39
Kongrou 0.0010 -4 156 30 181
Kongrou 0.0010 137 204 163 236
Kongrou 0.0010 72 107 126 149
Rouzaofun 0.0281 149 18 222 53
Rouzaofun 0.0279 173 83 229 120
Rouzaofun 0.0240 161 75 240 130
Rouzaofun 0.0179 1 163 35 185
Rouzaofun 0.0116 54 91 134 164
Rouzaofun 0.0114 141 14 239 68
Rouzaofun 0.0075 33 23 123 79
Rouzaofun 0.0036 15 81 158 179
Rouzaofun 0.0024 -16 140 51 207
Rouzaofun 0.0020 -4 156 30 181
Rouzaofun 0.0017 77 124 312 269
Rouzaofun 0.0016 -31 126 66 221
Rouzaofun 0.0016 33 -146 274 85
Rouzaofun 0.0014 34 102 113 173
Rouzaofun 0.0011 105 178 144 200
Rouzaofun 0.0010 137 204 163 236
Rouzaofun 0.0010 72 107 126 149
Rouzaofun 0.0010 -52 -91 152 78
Rice_with_Shredded_Chicken 0.0204 173 83 229 120
Rice_with_Shredded_Chicken 0.0191 149 18 222 53
Rice_with_Shredded_Chicken 0.0153 1 163 35 185
Rice_with_Shredded_Chicken 0.0112 161 75 240 130
Rice_with_Shredded_Chicken 0.0054 54 91 134 164
Rice_with_Shredded_Chicken 0.0050 141 14 239 68
Rice_with_Shredded_Chicken 0.0036 33 23 123 79
Rice_with_Shredded_Chicken 0.0024 26 81 166 180
Rice_with_Shredded_Chicken 0.0019 -4 156 30 181
Rice_with_Shredded_Chicken 0.0017 -16 140 51 207
Rice_with_Shredded_Chicken 0.0017 61 96 285 294
Rice_with_Shredded_Chicken 0.0016 33 -146 274 85
Rice_with_Shredded_Chicken 0.0015 -31 126 66 221
Rice_with_Shredded_Chicken 0.0013 137 204 163 236
Rice_with_Shredded_Chicken 0.0010 -70 -82 80 39
migao 0.0217 149 18 222 53
migao 0.0211 173 83 229 120
migao 0.0152 161 75 240 130
migao 0.0145 1 163 35 185
migao 0.0089 54 91 134 164
migao 0.0076 141 14 239 68
migao 0.0052 33 23 123 79
migao 0.0026 26 81 166 180
migao 0.0020 61 96 285 294
migao 0.0018 -16 140 51 207
migao 0.0018 -4 156 30 181
migao 0.0015 33 -146 274 85
migao 0.0014 -31 126 66 221
migao 0.0012 137 204 163 236
migao 0.0010 105 178 144 200
migao 0.0010 78 -76 237 30
migao 0.0010 -70 -82 80 39
wagui 0.0502 173 83 229 120
wagui 0.0413 149 18 222 53
wagui 0.0412 1 163 35 185
wagui 0.0204 161 75 240 130
wagui 0.0099 141 14 239 68
wagui 0.0082 54 91 134 164
wagui 0.0068 26 81 166 180
wagui 0.0049 -4 156 30 181
wagui 0.0049 33 23 123 79
wagui 0.0025 -16 140 51 207
wagui 0.0024 105 178 144 200
wagui 0.0020 33 -146 274 85
wagui 0.0018 137 204 163 236
wagui 0.0018 77 124 312 269
wagui 0.0017 -6 168 32 190
wagui 0.0015 -31 126 66 221
wagui 0.0012 72 107 126 149
wagui 0.0011 169 75 222 109
wagui 0.0010 152 31 220 61
