Kongrou 0.0201 38 0 125 50
Kongrou 0.0188 161 33 245 111
Kongrou 0.0091 93 -78 232 17
Kongrou 0.0066 107 -159 220 101
Kongrou 0.0041 42 71 132 148
Kongrou 0.0029 168 51 228 94
Kongrou 0.0023 129 138 204 176
Kongrou 0.0020 42 -150 319 80
Kongrou 0.0015 47 -106 279 26
Kongrou 0.0014 159 201 195 240
Kongrou 0.0011 148 202 173 239
Rouzaofun 0.0434 38 0 125 50
Rouzaofun 0.0360 161 33 245 111
Rouzaofun 0.0068 93 -78 232 17
Rouzaofun 0.0061 42 71 132 148
Rouzaofun 0.0051 107 -159 220 101
Rouzaofun 0.0046 5 64 152 170
Rouzaofun 0.0038 129 138 204 176
Rouzaofun 0.0034 168 51 228 94
Rouzaofun 0.0025 0 -16 279 200
Rouzaofun 0.0024 42 -150 319 80
Rouzaofun 0.0016 144 21 230 92
Rouzaofun 0.0016 159 201 195 240
Rouzaofun 0.0015 134 17 277 132
Rouzaofun 0.0014 105 139 227 185
Rouzaofun 0.0012 148 202 173 239
Rouzaofun 0.0011 181 39 235 85
Rouzaofun 0.0011 47 -106 279 26
Rouzaofun 0.0010 -72 -15 135 158
Rice_with_Shredded_Chicken 0.0182 38 0 125 50
Rice_with_Shredded_Chicken 0.0151 161 33 245 111
Rice_with_Shredded_Chicken 0.0056 107 -159 220 101
Rice_with_Shredded_Chicken 0.0046 93 -78 232 17
Rice_with_Shredded_Chicken 0.0029 28 64 145 155
Rice_with_Shredded_Chicken 0.0026 129 138 204 176
Rice_with_Shredded_Chicken 0.0023 168 51 228 94
Rice_with_Shredded_Chicken 0.0021 42 -150 319 80
Rice_with_Shredded_Chicken 0.0020 0 -16 279 200
Rice_with_Shredded_Chicken 0.0016 159 201 195 240
Rice_with_Shredded_Chicken 0.0015 148 202 173 239
Rice_with_Shredded_Chicken 0.0013 47 -106 279 26
migao 0.0311 38 0 125 50
migao 0.0280 161 33 245 111
migao 0.0111 93 -78 232 17
migao 0.0060 107 -159 220 101
migao 0.0042 42 71 132 148
migao 0.0030 168 51 228 94
migao 0.0025 129 138 204 176
migao 0.0025 5 64 152 170
migao 0.0017 159 201 195 240
migao 0.0016 42 -150 319 80
migao 0.0014 148 202 173 239
migao 0.0013 135 11 277 118
migao 0.0013 47 -106 279 26
migao 0.0010 144 21 230 92
migao 0.0010 181 39 235 85
wagui 0.0290 38 0 125 50
wagui 0.0254 161 33 245 111
wagui 0.0063 93 -78 232 17
wagui 0.0062 107 -159 220 101
wagui 0.0046 129 138 204 176
wagui 0.0046 135 11 277 118
wagui 0.0041 168 51 228 94
wagui 0.0038 28 64 145 155
wagui 0.0027 42 -150 319 80
wagui 0.0023 159 201 195 240
wagui 0.0021 148 202 173 239
wagui 0.0019 163 30 222 62
wagui 0.0017 0 -16 279 200
wagui 0.0014 181 39 235 85
wagui 0.0012 144 21 230 92
wagui 0.0012 247 161 276 185
wagui 0.0011 34 6 97 43
wagui 0.0010 47 -106 279 26
