Kongrou 0.0122 27 46 172 168
Kongrou 0.0062 135 2 195 39
Kongrou 0.0042 50 70 133 160
Kongrou 0.0035 125 0 215 52
Kongrou 0.0025 11 1 98 61
Kongrou 0.0018 188 96 268 177
Kongrou 0.0014 46 -175 269 102
Kongrou 0.0011 143 203 167 238
Rouzaofun 0.0452 25 61 174 174
Rouzaofun 0.0075 135 2 195 39
Rouzaofun 0.0060 50 70 133 160
Rouzaofun 0.0057 125 0 215 52
Rouzaofun 0.0041 11 1 98 61
Rouzaofun 0.0029 -14 -9 289 192
Rouzaofun 0.0026 172 92 283 181
Rouzaofun 0.0017 68 -4 205 187
Rouzaofun 0.0016 46 -175 269 102
Rouzaofun 0.0013 -2 -3 112 88
Rouzaofun 0.0012 143 203 167 238
Rice_with_Shredded_Chicken 0.0293 25 61 174 174
Rice_with_Shredded_Chicken 0.0056 135 2 195 39
Rice_with_Shredded_Chicken 0.0028 51 64 132 156
Rice_with_Shredded_Chicken 0.0026 -14 -9 289 192
Rice_with_Shredded_Chicken 0.0025 125 0 215 52
Rice_with_Shredded_Chicken 0.0021 -7 -3 116 66
Rice_with_Shredded_Chicken 0.0016 143 203 167 238
Rice_with_Shredded_Chicken 0.0016 46 -175 269 102
Rice_with_Shredded_Chicken 0.0014 172 92 283 181
migao 0.0355 25 61 174 174
migao 0.0083 135 2 195 39
migao 0.0042 51 64 132 156
migao 0.0042 125 0 215 52
migao 0.0026 11 1 98 61
migao 0.0020 188 96 268 177
migao 0.0017 -14 -9 289 192
migao 0.0014 46 -175 269 102
migao 0.0014 143 203 167 238
migao 0.0013 68 -4 205 187
wagui 0.0151 25 61 174 174
wagui 0.0146 135 2 195 39
wagui 0.0036 125 0 215 52
wagui 0.0034 50 70 133 160
wagui 0.0026 -5 -1 115 75
wagui 0.0023 143 203 167 238
wagui 0.0020 172 92 283 181
wagui 0.0019 46 -175 269 102
wagui 0.0015 -14 -9 289 192
wagui 0.0011 160 193 201 226
