Kongrou 0.0115 9 5 311 280
Kongrou 0.0027 180 139 281 256
Kongrou 0.0015 66 180 313 454
Kongrou 0.0013 31 38 245 204
Kongrou 0.0010 40 55 142 178
Kongrou 0.0010 -27 -30 248 96
Rouzaofun 0.0133 25 -2 353 289
Rouzaofun 0.0033 180 139 281 256
Rouzaofun 0.0018 19 45 177 189
Rouzaofun 0.0016 66 180 313 454
Rice_with_Shredded_Chicken 0.0460 25 -2 353 289
Rice_with_Shredded_Chicken 0.0016 157 131 303 264
Rice_with_Shredded_Chicken 0.0012 66 180 313 454
migao 0.0160 9 5 311 280
migao 0.0023 180 139 281 256
migao 0.0013 66 180 313 454
migao 0.0010 111 229 310 362
migao 0.0010 19 45 177 189
wagui 0.0054 25 -2 353 289
wagui 0.0020 157 131 303 264
wagui 0.0014 66 180 313 454
wagui 0.0011 -27 -30 248 96
wagui 0.0011 14 45 167 189
