Kongrou 0.0172 5 88 282 366
Kongrou 0.0152 339 174 641 472
Kongrou 0.0131 670 24 963 276
Kongrou 0.0026 285 -11 578 159
Kongrou 0.0018 593 10 848 289
Kongrou 0.0017 64 155 261 337
Kongrou 0.0017 727 368 906 664
Kongrou 0.0016 718 41 915 221
Kongrou 0.0013 522 745 613 866
Kongrou 0.0013 405 229 613 418
Kongrou 0.0010 307 51 440 133
Rouzaofun 0.0255 29 89 297 365
Rouzaofun 0.0227 670 24 963 276
Rouzaofun 0.0227 339 174 641 472
Rouzaofun 0.0037 285 -11 578 159
Rouzaofun 0.0029 593 10 848 289
Rouzaofun 0.0022 769 385 902 609
Rouzaofun 0.0021 -36 119 399 414
Rouzaofun 0.0018 718 41 915 221
Rouzaofun 0.0018 64 155 261 337
Rouzaofun 0.0014 522 745 613 866
Rouzaofun 0.0013 563 32 1031 346
Rouzaofun 0.0012 405 229 613 418
Rouzaofun 0.0011 307 51 440 133
Rouzaofun 0.0011 701 370 894 661
Rouzaofun 0.0010 543 747 667 863
Rice_with_Shredded_Chicken 0.0125 5 88 282 366
Rice_with_Shredded_Chicken 0.0101 335 200 645 485
Rice_with_Shredded_Chicken 0.0101 670 24 963 276
Rice_with_Shredded_Chicken 0.0019 522 745 613 866
Rice_with_Shredded_Chicken 0.0019 752 386 880 607
Rice_with_Shredded_Chicken 0.0018 285 -11 578 159
Rice_with_Shredded_Chicken 0.0014 593 10 848 289
Rice_with_Shredded_Chicken 0.0012 718 41 915 221
Rice_with_Shredded_Chicken 0.0012 64 155 261 337
Rice_with_Shredded_Chicken 0.0010 543 747 667 863
migao 0.0169 5 88 282 366
migao 0.0163 670 24 963 276
migao 0.0161 339 174 641 472
migao 0.0025 769 385 902 609
migao 0.0021 285 -11 578 159
migao 0.0019 593 10 848 289
migao 0.0017 522 745 613 866
migao 0.0014 64 155 261 337
migao 0.0013 718 41 915 221
migao 0.0011 307 51 440 133
migao 0.0010 543 747 667 863
migao 0.0010 420 43 595 140
wagui 0.0138 5 88 282 366
wagui 0.0131 670 24 963 276
wagui 0.0112 335 200 645 485
wagui 0.0038 769 385 902 609
wagui 0.0031 307 51 440 133
wagui 0.0029 522 745 613 866
wagui 0.0024 305 4 559 141
wagui 0.0018 593 10 848 289
wagui 0.0016 420 43 595 140
wagui 0.0015 543 747 667 863
wagui 0.0013 718 41 915 221
wagui 0.0013 735 402 858 591
wagui 0.0012 64 155 261 337
wagui 0.0011 311 327 473 434
wagui 0.0010 2 0 209 69
