Kongrou 0.0963 420 303 601 496
Kongrou 0.0954 433 59 613 248
Kongrou 0.0552 238 164 414 364
Kongrou 0.0493 182 1 372 159
Kongrou 0.0405 2 306 108 541
Kongrou 0.0131 125 369 304 528
Kongrou 0.0114 309 520 466 623
Kongrou 0.0110 11 132 173 273
Kongrou 0.0089 -35 284 143 564
Kongrou 0.0068 459 79 586 202
Kongrou 0.0049 445 348 576 474
Kongrou 0.0037 257 200 395 327
Kongrou 0.0030 385 590 611 652
Kongrou 0.0026 392 318 652 556
Kongrou 0.0022 456 311 589 438
Kongrou 0.0021 476 106 618 225
Kongrou 0.0020 403 260 666 466
Kongrou 0.0018 392 24 652 209
Kongrou 0.0018 189 13 315 120
Kongrou 0.0017 -35 118 219 312
Kongrou 0.0011 362 560 632 683
Kongrou 0.0010 423 602 573 664
Rouzaofun 0.1577 420 303 601 496
Rouzaofun 0.1502 448 58 622 249
Rouzaofun 0.0854 238 164 414 364
Rouzaofun 0.0806 182 1 372 159
Rouzaofun 0.0624 2 306 108 541
Rouzaofun 0.0261 309 520 466 623
Rouzaofun 0.0205 125 369 304 528
Rouzaofun 0.0170 -35 284 143 564
Rouzaofun 0.0146 11 132 173 273
Rouzaofun 0.0076 459 79 586 202
Rouzaofun 0.0054 445 348 576 474
Rouzaofun 0.0052 392 318 652 556
Rouzaofun 0.0040 257 200 395 327
Rouzaofun 0.0038 385 590 611 652
Rouzaofun 0.0038 403 260 666 466
Rouzaofun 0.0035 392 24 652 209
Rouzaofun 0.0032 -35 118 219 312
Rouzaofun 0.0026 -26 -6 668 644
Rouzaofun 0.0026 456 311 589 438
Rouzaofun 0.0019 189 13 315 120
Rouzaofun 0.0018 421 75 673 307
Rouzaofun 0.0017 362 560 632 683
Rouzaofun 0.0014 423 602 573 664
Rouzaofun 0.0013 69 364 335 584
Rouzaofun 0.0012 289 532 412 635
Rouzaofun 0.0010 5 157 153 346
Rouzaofun 0.0010 55 131 202 347
Rice_with_Shredded_Chicken 0.0693 420 303 601 496
Rice_with_Shredded_Chicken 0.0664 433 59 613 248
Rice_with_Shredded_Chicken 0.0403 238 164 414 364
Rice_with_Shredded_Chicken 0.0390 182 1 372 159
Rice_with_Shredded_Chicken 0.0311 2 306 108 541
Rice_with_Shredded_Chicken 0.0184 309 520 466 623
Rice_with_Shredded_Chicken 0.0095 125 369 304 528
Rice_with_Shredded_Chicken 0.0075 -35 284 143 564
Rice_with_Shredded_Chicken 0.0071 11 132 173 273
Rice_with_Shredded_Chicken 0.0048 459 79 586 202
Rice_with_Shredded_Chicken 0.0033 445 348 576 474
Rice_with_Shredded_Chicken 0.0030 385 590 611 652
Rice_with_Shredded_Chicken 0.0030 -26 -6 668 644
Rice_with_Shredded_Chicken 0.0025 257 200 395 327
Rice_with_Shredded_Chicken 0.0023 392 318 652 556
Rice_with_Shredded_Chicken 0.0021 403 260 666 466
Rice_with_Shredded_Chicken 0.0017 392 24 652 209
Rice_with_Shredded_Chicken 0.0016 456 311 589 438
Rice_with_Shredded_Chicken 0.0015 362 560 632 683
Rice_with_Shredded_Chicken 0.0014 -21 123 229 308
Rice_with_Shredded_Chicken 0.0014 476 106 618 225
Rice_with_Shredded_Chicken 0.0011 189 13 315 120
Rice_with_Shredded_Chicken 0.0010 423 602 573 664
migao 0.1304 420 303 601 496
migao 0.1233 433 59 613 248
migao 0.0669 238 164 414 364
migao 0.0601 2 306 108 541
migao 0.0562 182 1 372 159
migao 0.0189 309 520 466 623
migao 0.0155 125 369 304 528
migao 0.0118 -35 284 143 564
migao 0.0096 11 132 173 273
migao 0.0059 459 79 586 202
migao 0.0045 445 348 576 474
migao 0.0031 257 200 395 327
migao 0.0029 392 318 652 556
migao 0.0027 385 590 611 652
migao 0.0021 403 260 666 466
migao 0.0018 456 311 589 438
migao 0.0018 392 24 652 209
migao 0.0018 476 106 618 225
migao 0.0016 -35 118 219 312
migao 0.0013 362 560 632 683
migao 0.0013 189 13 315 120
migao 0.0011 289 532 412 635
wagui 0.0906 420 303 601 496
wagui 0.0837 433 59 613 248
wagui 0.0472 238 164 414 364
wagui 0.0463 2 306 108 541
wagui 0.0457 182 1 372 159
wagui 0.0337 309 520 466 623
wagui 0.0137 -35 284 143 564
wagui 0.0123 125 369 304 528
wagui 0.0086 11 132 173 273
wagui 0.0049 385 590 611 652
wagui 0.0042 459 79 586 202
wagui 0.0030 392 318 652 556
wagui 0.0030 445 348 576 474
wagui 0.0026 289 532 412 635
wagui 0.0020 257 200 395 327
wagui 0.0020 44 137 164 220
wagui 0.0019 403 260 666 466
wagui 0.0018 392 24 652 209
wagui 0.0015 423 602 573 664
wagui 0.0014 -35 118 219 312
wagui 0.0014 456 311 589 438
wagui 0.0013 362 560 632 683
wagui 0.0012 476 106 618 225
wagui 0.0011 189 13 315 120
