Kongrou 0.0315 102 23 767 652
Kongrou 0.0052 296 -477 852 355
Kongrou 0.0048 735 545 853 640
Kongrou 0.0048 255 112 532 371
Kongrou 0.0045 120 64 646 437
Kongrou 0.0035 371 -537 671 446
Kongrou 0.0034 319 -210 710 105
Kongrou 0.0021 774 559 881 660
Kongrou 0.0011 697 477 891 711
Kongrou 0.0010 190 252 428 467
Rouzaofun 0.0221 102 23 767 652
Rouzaofun 0.0072 201 87 583 399
Rouzaofun 0.0053 735 545 853 640
Rouzaofun 0.0050 145 -453 996 320
Rouzaofun 0.0026 371 -537 671 446
Rouzaofun 0.0025 774 559 881 660
Rouzaofun 0.0023 319 -210 710 105
Rouzaofun 0.0017 697 477 891 711
Rouzaofun 0.0011 190 252 428 467
Rouzaofun 0.0010 151 418 717 1048
Rice_with_Shredded_Chicken 0.0500 102 23 767 652
Rice_with_Shredded_Chicken 0.0065 735 545 853 640
Rice_with_Shredded_Chicken 0.0049 145 -453 996 320
Rice_with_Shredded_Chicken 0.0035 201 87 583 399
Rice_with_Shredded_Chicken 0.0029 371 -537 671 446
Rice_with_Shredded_Chicken 0.0028 774 559 881 660
Rice_with_Shredded_Chicken 0.0017 697 477 891 711
Rice_with_Shredded_Chicken 0.0017 319 -210 710 105
migao 0.0512 102 23 767 652
migao 0.0070 735 545 853 640
migao 0.0045 247 -488 885 350
migao 0.0042 319 -210 710 105
migao 0.0039 201 87 583 399
migao 0.0035 371 -537 671 446
migao 0.0031 774 559 881 660
migao 0.0012 649 455 941 732
wagui 0.0100 735 545 853 640
wagui 0.0060 145 -453 996 320
wagui 0.0057 154 52 710 622
wagui 0.0049 774 559 881 660
wagui 0.0035 201 87 583 399
wagui 0.0034 371 -537 671 446
wagui 0.0027 319 -210 710 105
wagui 0.0017 697 477 891 711
wagui 0.0012 337 -36 415 52
