Kongrou 0.0692 197 313 694 761
Kongrou 0.0032 232 16 815 539
Kongrou 0.0021 220 47 564 336
Kongrou 0.0018 -32 33 314 628
Kongrou 0.0014 -174 -67 489 734
Rouzaofun 0.0262 197 313 694 761
Rouzaofun 0.0026 220 47 564 336
Rouzaofun 0.0016 -32 33 314 628
Rice_with_Shredded_Chicken 0.0198 197 313 694 761
Rice_with_Shredded_Chicken 0.0023 -174 -67 489 734
Rice_with_Shredded_Chicken 0.0022 220 47 564 336
Rice_with_Shredded_Chicken 0.0018 -38 -176 338 837
Rice_with_Shredded_Chicken 0.0010 232 16 815 539
migao 0.0294 219 311 732 763
migao 0.0020 220 47 564 336
migao 0.0017 -174 -67 489 734
migao 0.0015 232 16 815 539
migao 0.0014 -32 33 314 628
wagui 0.0291 219 311 732 763
wagui 0.0022 220 47 564 336
wagui 0.0019 -32 33 314 628
wagui 0.0015 -174 -67 489 734
wagui 0.0010 232 16 815 539
