Kongrou 0.0684 418 217 646 457
Kongrou 0.0518 257 51 446 204
Kongrou 0.0444 34 21 251 234
Kongrou 0.0427 159 210 365 464
Kongrou 0.0200 477 32 676 193
Kongrou 0.0054 453 251 611 392
Kongrou 0.0049 73 43 241 180
Kongrou 0.0042 73 199 420 415
Kongrou 0.0034 185 239 339 404
Kongrou 0.0029 508 28 645 136
Kongrou 0.0021 366 221 697 544
Kongrou 0.0018 388 9 705 214
Kongrou 0.0017 267 37 407 157
Kongrou 0.0016 159 294 305 409
Kongrou 0.0013 101 -464 802 243
Rouzaofun 0.1089 257 51 446 204
Rouzaofun 0.1071 418 217 646 457
Rouzaofun 0.0774 34 21 251 234
Rouzaofun 0.0628 159 210 365 464
Rouzaofun 0.0330 477 32 676 193
Rouzaofun 0.0077 73 199 420 415
Rouzaofun 0.0071 73 43 241 180
Rouzaofun 0.0055 453 251 611 392
Rouzaofun 0.0045 388 9 705 214
Rouzaofun 0.0035 185 239 339 404
Rouzaofun 0.0034 508 28 645 136
Rouzaofun 0.0031 366 221 697 544
Rouzaofun 0.0026 267 37 407 157
Rouzaofun 0.0017 203 20 529 205
Rouzaofun 0.0015 101 -464 802 243
Rouzaofun 0.0014 159 294 305 409
Rouzaofun 0.0014 15 -72 774 585
Rice_with_Shredded_Chicken 0.0432 418 217 646 457
Rice_with_Shredded_Chicken 0.0409 257 54 418 199
Rice_with_Shredded_Chicken 0.0364 34 21 251 234
Rice_with_Shredded_Chicken 0.0284 159 210 365 464
Rice_with_Shredded_Chicken 0.0159 477 32 676 193
Rice_with_Shredded_Chicken 0.0043 73 43 241 180
Rice_with_Shredded_Chicken 0.0037 73 199 420 415
Rice_with_Shredded_Chicken 0.0034 453 251 611 392
Rice_with_Shredded_Chicken 0.0031 216 55 485 229
Rice_with_Shredded_Chicken 0.0023 508 28 645 136
Rice_with_Shredded_Chicken 0.0023 185 239 339 404
Rice_with_Shredded_Chicken 0.0020 388 9 705 214
Rice_with_Shredded_Chicken 0.0018 15 -72 774 585
Rice_with_Shredded_Chicken 0.0015 366 221 697 544
Rice_with_Shredded_Chicken 0.0015 101 -464 802 243
migao 0.0857 418 217 646 457
migao 0.0780 257 51 446 204
migao 0.0571 34 21 251 234
migao 0.0498 159 210 365 464
migao 0.0235 477 32 676 193
migao 0.0050 73 43 241 180
migao 0.0041 453 251 611 392
migao 0.0041 73 199 420 415
migao 0.0035 508 28 645 136
migao 0.0028 185 239 339 404
migao 0.0023 267 37 407 157
migao 0.0022 388 9 705 214
migao 0.0021 366 221 697 544
migao 0.0012 101 -464 802 243
migao 0.0011 159 294 305 409
migao 0.0011 15 -72 774 585
wagui 0.0598 418 217 646 457
wagui 0.0582 257 51 446 204
wagui 0.0429 34 21 251 234
wagui 0.0328 159 210 365 464
wagui 0.0198 503 40 651 184
wagui 0.0040 407 21 714 203
wagui 0.0040 73 199 420 415
wagui 0.0038 267 37 407 157
wagui 0.0036 73 43 241 180
wagui 0.0032 453 251 611 392
wagui 0.0023 366 221 697 544
wagui 0.0020 185 239 339 404
wagui 0.0018 101 -464 802 243
wagui 0.0015 517 20 636 114
wagui 0.0012 415 -125 932 184
wagui 0.0012 159 294 305 409
wagui 0.0010 420 570 494 675
