Kongrou 0.0066 396 389 1673 1168
Kongrou 0.0027 -63 -15 792 696
Kongrou 0.0015 527 1056 1848 1884
Kongrou 0.0014 417 -1201 1907 681
Kongrou 0.0014 336 758 2300 2107
Kongrou 0.0013 616 -572 1594 122
Kongrou 0.0011 837 -94 2003 434
Kongrou 0.0010 1683 1050 2122 1552
Kongrou 0.0010 777 817 1601 2147
Rouzaofun 0.0332 308 383 1611 1173
Rouzaofun 0.0040 -63 -15 792 696
Rouzaofun 0.0016 417 -1201 1907 681
Rouzaofun 0.0016 527 1056 1848 1884
Rouzaofun 0.0011 616 -572 1594 122
Rouzaofun 0.0010 526 809 2415 2065
Rouzaofun 0.0010 1648 1050 2155 1705
Rice_with_Shredded_Chicken 0.0186 396 389 1673 1168
Rice_with_Shredded_Chicken 0.0021 -63 -15 792 696
Rice_with_Shredded_Chicken 0.0018 272 -104 1730 1442
Rice_with_Shredded_Chicken 0.0015 417 -1201 1907 681
Rice_with_Shredded_Chicken 0.0014 -557 938 1335 2231
Rice_with_Shredded_Chicken 0.0012 837 -94 2003 434
Rice_with_Shredded_Chicken 0.0010 365 651 2256 1923
Rice_with_Shredded_Chicken 0.0010 527 1056 1848 1884
migao 0.0196 396 389 1673 1168
migao 0.0025 -63 -15 792 696
migao 0.0022 527 1056 1848 1884
migao 0.0019 616 -572 1594 122
migao 0.0012 731 -1159 1505 737
migao 0.0012 -557 938 1335 2231
migao 0.0011 272 -104 1730 1442
migao 0.0010 336 758 2300 2107
wagui 0.0028 -63 -15 792 696
wagui 0.0026 396 389 1673 1168
wagui 0.0017 417 -1201 1907 681
wagui 0.0011 527 1056 1848 1884
wagui 0.0010 -557 938 1335 2231
wagui 0.0010 616 -572 1594 122
