Kongrou 0.0552 266 115 872 527
Kongrou 0.0114 366 183 717 479
Kongrou 0.0103 369 -274 842 46
Kongrou 0.0077 417 -681 803 466
Kongrou 0.0046 290 -579 1038 307
Kongrou 0.0023 56 221 810 939
Kongrou 0.0022 43 57 982 640
Kongrou 0.0016 67 368 763 746
Kongrou 0.0015 537 713 702 858
Kongrou 0.0013 549 766 653 884
Kongrou 0.0011 322 200 826 1240
Kongrou 0.0011 261 -226 953 158
Kongrou 0.0011 266 529 874 900
Kongrou 0.0010 -616 -303 840 200
Rouzaofun 0.0196 301 163 779 501
Rouzaofun 0.0086 369 -274 842 46
Rouzaofun 0.0059 417 -681 803 466
Rouzaofun 0.0042 130 -597 1214 331
Rouzaofun 0.0036 172 110 971 539
Rouzaofun 0.0035 330 -454 873 229
Rouzaofun 0.0028 350 132 693 412
Rouzaofun 0.0017 537 713 702 858
Rouzaofun 0.0016 20 340 807 781
Rouzaofun 0.0015 549 766 653 884
Rouzaofun 0.0013 141 201 746 960
Rouzaofun 0.0012 322 200 826 1240
Rouzaofun 0.0011 172 479 961 958
Rouzaofun 0.0010 540 134 1276 1011
Rouzaofun 0.0010 -148 251 1004 914
Rice_with_Shredded_Chicken 0.0247 266 115 872 527
Rice_with_Shredded_Chicken 0.0069 366 183 717 479
Rice_with_Shredded_Chicken 0.0064 417 -681 803 466
Rice_with_Shredded_Chicken 0.0051 290 -579 1038 307
Rice_with_Shredded_Chicken 0.0048 369 -274 842 46
Rice_with_Shredded_Chicken 0.0020 549 766 653 884
Rice_with_Shredded_Chicken 0.0018 -7 55 1031 797
Rice_with_Shredded_Chicken 0.0017 67 368 763 746
Rice_with_Shredded_Chicken 0.0016 537 713 702 858
Rice_with_Shredded_Chicken 0.0013 56 221 810 939
Rice_with_Shredded_Chicken 0.0012 172 479 961 958
Rice_with_Shredded_Chicken 0.0010 -333 -490 582 206
Rice_with_Shredded_Chicken 0.0010 261 -226 953 158
migao 0.0297 266 115 872 527
migao 0.0132 369 -274 842 46
migao 0.0107 366 183 717 479
migao 0.0070 417 -681 803 466
migao 0.0043 290 -579 1038 307
migao 0.0020 537 713 702 858
migao 0.0018 549 766 653 884
migao 0.0018 56 221 810 939
migao 0.0014 266 529 874 900
migao 0.0013 322 200 826 1240
migao 0.0012 43 57 982 640
migao 0.0012 -333 -490 582 206
migao 0.0012 67 368 763 746
migao 0.0010 213 -378 770 70
wagui 0.0126 301 163 779 501
wagui 0.0071 417 -681 803 466
wagui 0.0069 369 -274 842 46
wagui 0.0050 130 -597 1214 331
wagui 0.0036 172 110 971 539
wagui 0.0030 549 766 653 884
wagui 0.0025 537 713 702 858
wagui 0.0020 67 368 763 746
wagui 0.0017 330 -454 873 229
wagui 0.0016 716 66 880 162
wagui 0.0014 56 221 810 939
wagui 0.0013 350 132 693 412
wagui 0.0012 213 -378 770 70
wagui 0.0011 322 200 826 1240
wagui 0.0010 540 134 1276 1011
