Kongrou 0.0248 856 10 1197 311
Kongrou 0.0104 198 124 948 724
Kongrou 0.0041 1009 410 1179 879
Kongrou 0.0030 469 673 957 1289
Kongrou 0.0024 1091 624 1191 849
Kongrou 0.0015 281 514 1096 1485
Kongrou 0.0013 1046 474 1189 770
Kongrou 0.0013 1116 570 1211 814
Kongrou 0.0012 0 -147 1200 681
Kongrou 0.0012 649 916 803 1065
Rouzaofun 0.0433 856 10 1197 311
Rouzaofun 0.0098 198 124 948 724
Rouzaofun 0.0069 1009 410 1179 879
Rouzaofun 0.0054 1091 624 1191 849
Rouzaofun 0.0025 1046 474 1189 770
Rouzaofun 0.0022 1116 570 1211 814
Rouzaofun 0.0020 469 673 957 1289
Rouzaofun 0.0017 0 -147 1200 681
Rouzaofun 0.0015 944 410 1291 879
Rouzaofun 0.0014 281 514 1096 1485
Rouzaofun 0.0014 1043 531 1237 898
Rouzaofun 0.0013 649 916 803 1065
Rouzaofun 0.0010 720 910 870 1072
Rice_with_Shredded_Chicken 0.0206 856 10 1197 311
Rice_with_Shredded_Chicken 0.0102 115 16 1075 887
Rice_with_Shredded_Chicken 0.0051 291 130 945 720
Rice_with_Shredded_Chicken 0.0046 1009 410 1179 879
Rice_with_Shredded_Chicken 0.0046 1091 624 1191 849
Rice_with_Shredded_Chicken 0.0028 469 673 957 1289
Rice_with_Shredded_Chicken 0.0018 1046 474 1189 770
Rice_with_Shredded_Chicken 0.0015 1116 570 1211 814
Rice_with_Shredded_Chicken 0.0013 649 916 803 1065
Rice_with_Shredded_Chicken 0.0012 281 514 1096 1485
Rice_with_Shredded_Chicken 0.0011 531 956 643 1118
Rice_with_Shredded_Chicken 0.0010 42 -227 1159 571
migao 0.0340 856 10 1197 311
migao 0.0084 198 124 948 724
migao 0.0064 1091 624 1191 849
migao 0.0064 1009 410 1179 879
migao 0.0026 469 673 957 1289
migao 0.0022 1116 570 1211 814
migao 0.0019 1086 510 1197 780
migao 0.0014 649 916 803 1065
migao 0.0012 1031 513 1159 823
migao 0.0012 281 514 1096 1485
migao 0.0010 0 -147 1200 681
wagui 0.0294 856 10 1197 311
wagui 0.0127 1091 624 1191 849
wagui 0.0070 1009 410 1179 879
wagui 0.0044 1116 570 1211 814
wagui 0.0034 1086 510 1197 780
wagui 0.0024 469 673 957 1289
wagui 0.0019 1116 492 1212 706
wagui 0.0018 198 124 948 724
wagui 0.0016 649 916 803 1065
wagui 0.0016 1031 513 1159 823
wagui 0.0014 720 910 870 1072
wagui 0.0013 281 514 1096 1485
wagui 0.0012 531 956 643 1118
wagui 0.0012 939 369 1249 920
wagui 0.0010 686 875 859 1016
