Kongrou 0.0168 799 89 988 448
Kongrou 0.0097 79 143 723 643
Kongrou 0.0054 192 -7 517 82
Kongrou 0.0043 749 50 1036 526
Kongrou 0.0026 180 -32 566 149
Kongrou 0.0018 308 538 805 1104
Kongrou 0.0017 822 150 964 387
Rouzaofun 0.0247 799 89 988 448
Rouzaofun 0.0081 749 50 1036 526
Rouzaofun 0.0054 160 144 793 640
Rouzaofun 0.0049 192 -7 517 82
Rouzaofun 0.0035 180 -32 566 149
Rouzaofun 0.0019 822 150 964 387
Rouzaofun 0.0012 308 538 805 1104
Rouzaofun 0.0010 30 -78 966 677
Rouzaofun 0.0010 236 415 920 1262
Rouzaofun 0.0010 369 704 570 796
Rice_with_Shredded_Chicken 0.0126 799 89 988 448
Rice_with_Shredded_Chicken 0.0059 76 204 726 658
Rice_with_Shredded_Chicken 0.0050 55 39 943 713
Rice_with_Shredded_Chicken 0.0035 749 50 1036 526
Rice_with_Shredded_Chicken 0.0035 192 -7 517 82
Rice_with_Shredded_Chicken 0.0019 308 538 805 1104
Rice_with_Shredded_Chicken 0.0019 180 -32 566 149
Rice_with_Shredded_Chicken 0.0013 822 150 964 387
Rice_with_Shredded_Chicken 0.0010 552 762 696 892
migao 0.0220 799 89 988 448
migao 0.0061 105 145 773 639
migao 0.0053 749 50 1036 526
migao 0.0046 192 -7 517 82
migao 0.0027 180 -32 566 149
migao 0.0017 822 150 964 387
migao 0.0016 302 600 811 1033
migao 0.0010 552 762 696 892
migao 0.0010 369 704 570 796
wagui 0.0171 799 89 988 448
wagui 0.0076 192 -7 517 82
wagui 0.0056 749 50 1036 526
wagui 0.0026 180 -32 566 149
wagui 0.0017 369 704 570 796
wagui 0.0014 899 144 1002 317
wagui 0.0014 822 150 964 387
wagui 0.0014 308 538 805 1104
wagui 0.0012 552 762 696 892
wagui 0.0010 688 8 983 106
wagui 0.0010 326 694 535 766
