Kongrou 0.0059 379 -314 802 41
Kongrou 0.0043 409 -775 787 520
Kongrou 0.0027 176 -396 706 52
Kongrou 0.0018 291 -499 885 233
Kongrou 0.0016 257 278 1055 1097
Kongrou 0.0016 471 -464 792 203
Kongrou 0.0015 184 10 817 621
Kongrou 0.0013 -298 -240 339 274
Kongrou 0.0013 100 -590 1211 282
Kongrou 0.0012 288 477 823 865
Kongrou 0.0010 1 -281 739 241
Rouzaofun 0.0311 171 118 862 534
Rouzaofun 0.0037 379 -314 802 41
Rouzaofun 0.0032 409 -775 787 520
Rouzaofun 0.0031 108 -33 743 668
Rouzaofun 0.0020 203 -550 675 207
Rouzaofun 0.0019 266 255 844 630
Rouzaofun 0.0015 100 -590 1211 282
Rouzaofun 0.0012 216 -370 1050 110
Rouzaofun 0.0012 257 278 1055 1097
Rouzaofun 0.0011 -298 -240 339 274
Rouzaofun 0.0011 471 -464 792 203
Rouzaofun 0.0010 1 -281 739 241
Rice_with_Shredded_Chicken 0.0201 80 13 918 612
Rice_with_Shredded_Chicken 0.0034 409 -775 787 520
Rice_with_Shredded_Chicken 0.0032 137 134 744 519
Rice_with_Shredded_Chicken 0.0025 291 -499 885 233
Rice_with_Shredded_Chicken 0.0024 379 -314 802 41
Rice_with_Shredded_Chicken 0.0018 98 -411 778 75
Rice_with_Shredded_Chicken 0.0014 100 -590 1211 282
Rice_with_Shredded_Chicken 0.0013 471 -464 792 203
Rice_with_Shredded_Chicken 0.0013 257 278 1055 1097
Rice_with_Shredded_Chicken 0.0011 239 223 871 585
Rice_with_Shredded_Chicken 0.0011 173 -545 631 200
Rice_with_Shredded_Chicken 0.0011 -178 -247 216 291
migao 0.0167 80 13 918 612
migao 0.0068 137 134 744 519
migao 0.0067 379 -314 802 41
migao 0.0039 409 -775 787 520
migao 0.0027 176 -396 706 52
migao 0.0022 291 -499 885 233
migao 0.0012 471 -464 792 203
migao 0.0012 100 -590 1211 282
migao 0.0012 -298 -240 339 274
migao 0.0012 288 477 823 865
migao 0.0011 1 -281 739 241
migao 0.0011 328 309 980 1082
wagui 0.0046 80 13 918 612
wagui 0.0038 409 -775 787 520
wagui 0.0037 176 -396 706 52
wagui 0.0033 379 -314 802 41
wagui 0.0018 100 -590 1211 282
wagui 0.0012 471 -464 792 203
wagui 0.0012 137 134 744 519
wagui 0.0011 267 252 1039 1135
wagui 0.0010 545 714 628 844
wagui 0.0010 216 -370 1050 110
