Kongrou 0.0986 296 299 569 577
Kongrou 0.0170 108 89 334 249
Kongrou 0.0151 79 422 247 529
Kongrou 0.0130 257 15 416 94
Kongrou 0.0074 -24 -273 447 362
Kongrou 0.0067 243 -2 392 73
Kongrou 0.0066 -233 -142 658 234
Kongrou 0.0054 2 510 170 635
Kongrou 0.0041 305 317 521 481
Kongrou 0.0024 812 285 1014 516
Kongrou 0.0022 183 -69 487 175
Kongrou 0.0021 -21 461 193 686
Kongrou 0.0019 52 375 272 580
Kongrou 0.0015 365 83 615 215
Kongrou 0.0015 297 -4 453 113
Kongrou 0.0014 684 71 872 190
Kongrou 0.0014 -374 -210 416 294
Kongrou 0.0012 -214 -316 253 405
Kongrou 0.0012 556 748 693 860
Kongrou 0.0012 231 -601 917 334
Kongrou 0.0012 583 454 896 654
Kongrou 0.0012 -148 -363 696 422
Kongrou 0.0010 290 -46 1009 732
Kongrou 0.0010 520 743 614 865
Rouzaofun 0.1695 296 299 569 577
Rouzaofun 0.0334 108 89 334 249
Rouzaofun 0.0214 257 15 416 94
Rouzaofun 0.0111 243 -2 392 73
Rouzaofun 0.0109 79 422 247 529
Rouzaofun 0.0074 -24 -273 447 362
Rouzaofun 0.0067 -233 -142 658 234
Rouzaofun 0.0044 812 285 1014 516
Rouzaofun 0.0044 305 317 521 481
Rouzaofun 0.0039 2 510 170 635
Rouzaofun 0.0029 183 -69 487 175
Rouzaofun 0.0027 684 71 872 190
Rouzaofun 0.0027 365 83 615 215
Rouzaofun 0.0020 26 75 413 300
Rouzaofun 0.0019 297 -4 453 113
Rouzaofun 0.0019 -21 461 193 686
Rouzaofun 0.0018 504 447 973 661
Rouzaofun 0.0017 52 375 272 580
Rouzaofun 0.0015 -148 -363 696 422
Rouzaofun 0.0014 556 748 693 860
Rouzaofun 0.0014 -374 -210 416 294
Rouzaofun 0.0013 127 -561 1037 307
Rouzaofun 0.0013 623 433 895 637
Rouzaofun 0.0013 164 -43 982 709
Rouzaofun 0.0012 -214 -316 253 405
Rouzaofun 0.0010 520 743 614 865
Rouzaofun 0.0010 649 29 904 233
Rouzaofun 0.0010 460 40 599 145
Rice_with_Shredded_Chicken 0.0707 296 299 569 577
Rice_with_Shredded_Chicken 0.0268 108 89 334 249
Rice_with_Shredded_Chicken 0.0176 257 15 416 94
Rice_with_Shredded_Chicken 0.0097 243 -2 392 73
Rice_with_Shredded_Chicken 0.0097 79 422 247 529
Rice_with_Shredded_Chicken 0.0069 -24 -273 447 362
Rice_with_Shredded_Chicken 0.0065 -233 -142 658 234
Rice_with_Shredded_Chicken 0.0032 2 510 170 635
Rice_with_Shredded_Chicken 0.0030 305 317 521 481
Rice_with_Shredded_Chicken 0.0028 831 305 994 494
Rice_with_Shredded_Chicken 0.0027 183 -69 487 175
Rice_with_Shredded_Chicken 0.0022 684 71 872 190
Rice_with_Shredded_Chicken 0.0020 365 83 615 215
Rice_with_Shredded_Chicken 0.0016 297 -4 453 113
Rice_with_Shredded_Chicken 0.0014 556 748 693 860
Rice_with_Shredded_Chicken 0.0014 -6 -106 1013 783
Rice_with_Shredded_Chicken 0.0013 231 -601 917 334
Rice_with_Shredded_Chicken 0.0013 -374 -210 416 294
Rice_with_Shredded_Chicken 0.0012 520 743 614 865
Rice_with_Shredded_Chicken 0.0012 -214 -316 253 405
Rice_with_Shredded_Chicken 0.0012 -21 461 193 686
Rice_with_Shredded_Chicken 0.0011 52 375 272 580
Rice_with_Shredded_Chicken 0.0011 -148 -363 696 422
Rice_with_Shredded_Chicken 0.0010 583 454 896 654
migao 0.1428 296 299 569 577
migao 0.0380 108 89 334 249
migao 0.0154 257 15 416 94
migao 0.0125 79 422 247 529
migao 0.0079 -233 -142 658 234
migao 0.0071 -24 -273 447 362
migao 0.0071 243 -2 392 73
migao 0.0039 2 510 170 635
migao 0.0033 831 305 994 494
migao 0.0032 305 317 521 481
migao 0.0026 183 -69 487 175
migao 0.0023 365 83 615 215
migao 0.0023 684 71 872 190
migao 0.0015 556 748 693 860
migao 0.0015 297 -4 453 113
migao 0.0013 231 -601 917 334
migao 0.0013 -21 461 193 686
migao 0.0012 -374 -210 416 294
migao 0.0012 520 743 614 865
migao 0.0012 26 75 413 300
migao 0.0011 -214 -316 253 405
migao 0.0010 -148 -363 696 422
migao 0.0010 583 454 896 654
migao 0.0010 52 375 272 580
wagui 0.1040 296 299 569 577
wagui 0.0466 108 89 334 249
wagui 0.0401 257 15 416 94
wagui 0.0190 79 422 247 529
wagui 0.0188 243 -2 392 73
wagui 0.0073 -106 -149 526 237
wagui 0.0062 684 71 872 190
wagui 0.0053 2 510 170 635
wagui 0.0039 365 83 615 215
wagui 0.0034 297 -4 453 113
wagui 0.0033 305 317 521 481
wagui 0.0031 831 305 994 494
wagui 0.0030 183 -69 487 175
wagui 0.0024 -170 -338 556 388
wagui 0.0021 556 748 693 860
wagui 0.0019 460 40 599 145
wagui 0.0018 520 743 614 865
wagui 0.0017 253 35 383 111
wagui 0.0015 127 -561 1037 307
wagui 0.0012 -24 2 83 106
wagui 0.0012 -374 -210 416 294
wagui 0.0011 26 75 413 300
wagui 0.0011 502 -140 595 -19
wagui 0.0010 610 33 905 228
wagui 0.0010 372 -95 974 258
wagui 0.0010 -21 461 193 686
wagui 0.0010 583 454 896 654
