Kongrou 0.0535 134 119 816 638
Kongrou 0.0143 379 -300 900 59
Kongrou 0.0116 427 -631 862 404
Kongrou 0.0060 23 -19 1060 738
Kongrou 0.0059 304 -423 967 188
Kongrou 0.0035 336 597 941 989
Kongrou 0.0025 376 373 910 1228
Kongrou 0.0019 93 -540 1328 263
Kongrou 0.0015 298 149 637 464
Kongrou 0.0012 -320 -400 1067 130
Rouzaofun 0.0449 134 119 816 638
Rouzaofun 0.0104 379 -300 900 59
Rouzaofun 0.0088 427 -631 862 404
Rouzaofun 0.0061 23 -19 1060 738
Rouzaofun 0.0052 304 -423 967 188
Rouzaofun 0.0030 336 597 941 989
Rouzaofun 0.0023 93 -540 1328 263
Rouzaofun 0.0022 376 373 910 1228
Rouzaofun 0.0020 298 149 637 464
Rouzaofun 0.0014 -320 -400 1067 130
Rice_with_Shredded_Chicken 0.0283 134 119 816 638
Rice_with_Shredded_Chicken 0.0096 427 -631 862 404
Rice_with_Shredded_Chicken 0.0073 379 -300 900 59
Rice_with_Shredded_Chicken 0.0069 304 -423 967 188
Rice_with_Shredded_Chicken 0.0030 23 -19 1060 738
Rice_with_Shredded_Chicken 0.0022 336 597 941 989
Rice_with_Shredded_Chicken 0.0021 93 -540 1328 263
Rice_with_Shredded_Chicken 0.0021 376 373 910 1228
Rice_with_Shredded_Chicken 0.0013 -320 -400 1067 130
Rice_with_Shredded_Chicken 0.0010 298 149 637 464
migao 0.0587 134 119 816 638
migao 0.0168 379 -300 900 59
migao 0.0105 427 -631 862 404
migao 0.0067 304 -423 967 188
migao 0.0049 336 597 941 989
migao 0.0047 23 -19 1060 738
migao 0.0022 376 373 910 1228
migao 0.0017 93 -540 1328 263
migao 0.0014 298 149 637 464
migao 0.0013 -71 -464 826 196
migao 0.0012 584 751 723 904
wagui 0.0107 427 -631 862 404
wagui 0.0098 379 -300 900 59
wagui 0.0073 134 119 816 638
wagui 0.0030 304 -423 967 188
wagui 0.0026 93 -540 1328 263
wagui 0.0024 336 597 941 989
wagui 0.0022 -71 -464 826 196
wagui 0.0020 376 373 910 1228
wagui 0.0018 584 751 723 904
wagui 0.0014 23 -19 1060 738
wagui 0.0011 298 149 637 464
wagui 0.0011 395 694 620 835
