Kongrou 0.0139 2281 3064 3026 3551
Kongrou 0.0093 2180 2778 3120 3837
Kongrou 0.0090 1781 2112 3289 4442
Kongrou 0.0084 1062 2425 3999 4129
Kongrou 0.0062 2170 3149 2828 3621
Kongrou 0.0062 1353 347 3411 2500
Kongrou 0.0027 2449 3151 3164 3620
Kongrou 0.0022 223 120 3793 2922
Kongrou 0.0021 2054 2458 3564 4004
Kongrou 0.0020 2526 2989 3241 3476
Kongrou 0.0017 1574 762 2964 1699
Kongrou 0.0016 2331 3203 2974 3719
Kongrou 0.0014 1324 1114 3057 2734
Kongrou 0.0014 2079 2966 2766 3499
Rouzaofun 0.0155 2281 3064 3026 3551
Rouzaofun 0.0104 1435 2419 3647 4110
Rouzaofun 0.0102 2180 2778 3120 3837
Rouzaofun 0.0069 2170 3149 2828 3621
Rouzaofun 0.0035 1353 347 3411 2500
Rouzaofun 0.0030 2449 3151 3164 3620
Rouzaofun 0.0028 1293 704 3234 1762
Rouzaofun 0.0022 2526 2989 3241 3476
Rouzaofun 0.0021 1324 1114 3057 2734
Rouzaofun 0.0018 2017 2059 3356 4500
Rouzaofun 0.0016 2331 3203 2974 3719
Rouzaofun 0.0013 2079 2966 2766 3499
Rouzaofun 0.0012 574 2145 4198 4698
Rouzaofun 0.0011 243 -42 1376 808
Rouzaofun 0.0011 15 1787 987 2827
Rouzaofun 0.0011 223 120 3793 2922
Rouzaofun 0.0011 2274 1505 4103 2805
Rouzaofun 0.0010 1644 873 2895 2047
Rice_with_Shredded_Chicken 0.0160 2281 3064 3026 3551
Rice_with_Shredded_Chicken 0.0102 1902 2517 3405 4098
Rice_with_Shredded_Chicken 0.0100 2180 2778 3120 3837
Rice_with_Shredded_Chicken 0.0078 1062 2425 3999 4129
Rice_with_Shredded_Chicken 0.0072 2170 3149 2828 3621
Rice_with_Shredded_Chicken 0.0036 1353 347 3411 2500
Rice_with_Shredded_Chicken 0.0030 2449 3151 3164 3620
Rice_with_Shredded_Chicken 0.0024 223 120 3793 2922
Rice_with_Shredded_Chicken 0.0022 2526 2989 3241 3476
Rice_with_Shredded_Chicken 0.0016 2331 3203 2974 3719
Rice_with_Shredded_Chicken 0.0014 1293 704 3234 1762
Rice_with_Shredded_Chicken 0.0013 2079 2966 2766 3499
Rice_with_Shredded_Chicken 0.0011 1324 1114 3057 2734
migao 0.0171 2281 3064 3026 3551
migao 0.0099 1435 2419 3647 4110
migao 0.0092 2180 2778 3120 3837
migao 0.0075 2170 3149 2828 3621
migao 0.0070 1353 347 3411 2500
migao 0.0031 2449 3151 3164 3620
migao 0.0022 2526 2989 3241 3476
migao 0.0018 2017 2059 3356 4500
migao 0.0017 223 120 3793 2922
migao 0.0016 2079 2966 2766 3499
migao 0.0015 2331 3203 2974 3719
migao 0.0014 1293 704 3234 1762
migao 0.0013 1324 1114 3057 2734
wagui 0.0205 2281 3064 3026 3551
wagui 0.0101 2180 2778 3120 3837
wagui 0.0093 1902 2517 3405 4098
wagui 0.0091 2170 3149 2828 3621
wagui 0.0063 1062 2425 3999 4129
wagui 0.0040 2449 3151 3164 3620
wagui 0.0032 2526 2989 3241 3476
wagui 0.0022 2331 3203 2974 3719
wagui 0.0020 2079 2966 2766 3499
wagui 0.0018 1329 1007 3051 2689
wagui 0.0016 1293 704 3234 1762
wagui 0.0011 3244 186 3601 732
