Kongrou 0.0667 1547 1099 2382 1704
Kongrou 0.0268 885 663 1497 1142
Kongrou 0.0230 1419 183 2288 741
Kongrou 0.0216 548 1519 1499 2169
Kongrou 0.0093 389 54 1212 644
Kongrou 0.0049 696 1576 1352 1997
Kongrou 0.0021 1782 1071 2370 1507
Kongrou 0.0018 1372 957 2663 1624
Kongrou 0.0012 606 164 1221 536
Kongrou 0.0011 2405 1789 2859 2342
Kongrou 0.0010 1872 1025 2498 1669
Rouzaofun 0.1039 1547 1099 2382 1704
Rouzaofun 0.0446 1419 183 2288 741
Rouzaofun 0.0353 885 663 1497 1142
Rouzaofun 0.0332 548 1519 1499 2169
Rouzaofun 0.0179 389 54 1212 644
Rouzaofun 0.0053 696 1576 1352 1997
Rouzaofun 0.0031 1372 957 2663 1624
Rouzaofun 0.0024 135 -211 2723 2551
Rouzaofun 0.0022 606 164 1221 536
Rouzaofun 0.0021 671 632 1704 1282
Rouzaofun 0.0019 1783 991 2477 1593
Rouzaofun 0.0010 2405 1789 2859 2342
Rouzaofun 0.0010 1421 228 2071 578
Rouzaofun 0.0010 437 107 1060 479
Rouzaofun 0.0010 1698 944 3433 3109
Rice_with_Shredded_Chicken 0.0460 1547 1099 2382 1704
Rice_with_Shredded_Chicken 0.0216 885 663 1497 1142
Rice_with_Shredded_Chicken 0.0198 1455 254 2254 664
Rice_with_Shredded_Chicken 0.0156 548 1519 1499 2169
Rice_with_Shredded_Chicken 0.0091 389 54 1212 644
Rice_with_Shredded_Chicken 0.0057 1251 171 2449 749
Rice_with_Shredded_Chicken 0.0034 696 1576 1352 1997
Rice_with_Shredded_Chicken 0.0032 135 -211 2723 2551
Rice_with_Shredded_Chicken 0.0015 1372 957 2663 1624
Rice_with_Shredded_Chicken 0.0014 606 164 1221 536
Rice_with_Shredded_Chicken 0.0011 1783 991 2477 1593
Rice_with_Shredded_Chicken 0.0011 2405 1789 2859 2342
migao 0.0708 1547 1099 2382 1704
migao 0.0280 885 663 1497 1142
migao 0.0274 1419 183 2288 741
migao 0.0259 548 1519 1499 2169
migao 0.0134 389 54 1212 644
migao 0.0039 696 1576 1352 1997
migao 0.0015 606 164 1221 536
migao 0.0015 135 -211 2723 2551
migao 0.0014 1372 957 2663 1624
migao 0.0012 1783 991 2477 1593
migao 0.0010 671 632 1704 1282
migao 0.0010 2405 1789 2859 2342
wagui 0.0519 1547 1099 2382 1704
wagui 0.0230 885 663 1497 1142
wagui 0.0230 1419 183 2288 741
wagui 0.0204 548 1519 1499 2169
wagui 0.0149 389 54 1212 644
wagui 0.0047 696 1576 1352 1997
wagui 0.0028 606 164 1221 536
wagui 0.0026 2405 1789 2859 2342
wagui 0.0016 437 107 1060 479
wagui 0.0016 1782 1071 2370 1507
wagui 0.0013 1372 957 2663 1624
wagui 0.0010 1759 1517 3452 2665
wagui 0.0010 1421 228 2071 578
wagui 0.0010 1473 -774 4041 1315
