Kongrou 0.0360 116 103 681 530
Kongrou 0.0064 755 -8 922 245
Kongrou 0.0058 23 -41 874 646
Kongrou 0.0029 270 -594 903 358
Kongrou 0.0023 324 -257 739 55
Kongrou 0.0021 805 12 905 222
Kongrou 0.0012 72 22 586 406
Kongrou 0.0011 -165 327 266 860
Kongrou 0.0011 678 -8 1033 244
Kongrou 0.0011 497 -197 1088 385
Kongrou 0.0011 -328 406 437 781
Rouzaofun 0.0104 755 -8 922 245
Rouzaofun 0.0073 116 103 681 530
Rouzaofun 0.0047 41 -79 855 664
Rouzaofun 0.0035 161 -534 1021 309
Rouzaofun 0.0026 805 12 905 222
Rouzaofun 0.0023 678 -8 1033 244
Rouzaofun 0.0017 324 -257 739 55
Rouzaofun 0.0015 366 -641 710 453
Rouzaofun 0.0010 -165 327 266 860
Rouzaofun 0.0010 468 -229 1119 424
Rice_with_Shredded_Chicken 0.0160 23 -41 874 646
Rice_with_Shredded_Chicken 0.0135 116 103 681 530
Rice_with_Shredded_Chicken 0.0052 755 -8 922 245
Rice_with_Shredded_Chicken 0.0030 161 -534 1021 309
Rice_with_Shredded_Chicken 0.0019 805 12 905 222
Rice_with_Shredded_Chicken 0.0016 366 -641 710 453
Rice_with_Shredded_Chicken 0.0013 497 -197 1088 385
Rice_with_Shredded_Chicken 0.0012 678 -8 1033 244
Rice_with_Shredded_Chicken 0.0012 324 -257 739 55
Rice_with_Shredded_Chicken 0.0011 267 -422 791 227
Rice_with_Shredded_Chicken 0.0011 -165 327 266 860
migao 0.0123 116 103 681 530
migao 0.0080 23 -41 874 646
migao 0.0079 755 -8 922 245
migao 0.0030 324 -257 739 55
migao 0.0029 270 -594 903 358
migao 0.0024 805 12 905 222
migao 0.0015 497 -197 1088 385
migao 0.0013 678 -8 1033 244
migao 0.0010 -328 406 437 781
migao 0.0010 -165 327 266 860
wagui 0.0244 23 -41 874 646
wagui 0.0205 116 103 681 530
wagui 0.0066 755 -8 922 245
wagui 0.0037 161 -534 1021 309
wagui 0.0026 805 12 905 222
wagui 0.0019 366 -641 710 453
wagui 0.0016 324 -257 739 55
wagui 0.0014 678 -8 1033 244
wagui 0.0010 470 665 551 785
wagui 0.0010 429 48 916 520
