Kongrou 0.0201 70 27 216 166
Kongrou 0.0068 29 -26 245 212
Kongrou 0.0063 205 102 275 181
Kongrou 0.0021 41 -164 276 87
Kongrou 0.0020 97 49 182 138
Kongrou 0.0012 117 -124 210 65
Kongrou 0.0011 83 -82 243 20
Kongrou 0.0010 202 2 268 69
Rouzaofun 0.0097 205 102 275 181
Rouzaofun 0.0055 43 14 230 169
Rouzaofun 0.0037 80 48 199 161
Rouzaofun 0.0024 41 -164 276 87
Rouzaofun 0.0013 134 -4 277 92
Rouzaofun 0.0011 83 -82 243 20
Rouzaofun 0.0010 202 2 268 69
Rice_with_Shredded_Chicken 0.0094 29 -26 245 212
Rice_with_Shredded_Chicken 0.0081 70 27 216 166
Rice_with_Shredded_Chicken 0.0046 205 102 275 181
Rice_with_Shredded_Chicken 0.0024 41 -164 276 87
Rice_with_Shredded_Chicken 0.0013 146 -2 286 90
Rice_with_Shredded_Chicken 0.0012 97 49 182 138
Rice_with_Shredded_Chicken 0.0010 117 -124 210 65
migao 0.0102 70 27 216 166
migao 0.0072 205 102 275 181
migao 0.0059 29 -26 245 212
migao 0.0022 41 -164 276 87
migao 0.0017 97 49 182 138
migao 0.0016 83 -82 243 20
migao 0.0010 117 -124 210 65
wagui 0.0383 70 27 216 166
wagui 0.0121 29 -26 245 212
wagui 0.0058 205 102 275 181
wagui 0.0031 134 -4 277 92
wagui 0.0029 41 -164 276 87
wagui 0.0015 97 49 182 138
wagui 0.0011 117 -124 210 65
wagui 0.0010 83 -82 243 20
wagui 0.0010 154 202 178 239
wagui 0.0010 -54 10 86 162
