Kongrou 0.0343 211 70 269 169
Kongrou 0.0281 178 0 259 50
Kongrou 0.0105 91 52 178 135
Kongrou 0.0084 73 69 164 149
Kongrou 0.0082 204 0 255 39
Kongrou 0.0068 13 145 77 179
Kongrou 0.0045 59 49 204 164
Kongrou 0.0040 224 95 267 156
Kongrou 0.0031 217 81 263 138
Kongrou 0.0025 2 131 87 183
Kongrou 0.0023 182 15 234 45
Kongrou 0.0018 47 -169 271 96
Kongrou 0.0014 231 110 270 173
Kongrou 0.0013 101 69 146 107
Kongrou 0.0012 201 58 300 172
Kongrou 0.0011 52 97 311 295
Rouzaofun 0.0599 178 0 259 50
Rouzaofun 0.0592 211 70 269 169
Rouzaofun 0.0156 91 52 178 135
Rouzaofun 0.0122 73 69 164 149
Rouzaofun 0.0107 57 42 206 151
Rouzaofun 0.0093 13 145 77 179
Rouzaofun 0.0090 204 0 255 39
Rouzaofun 0.0052 224 95 267 156
Rouzaofun 0.0042 2 131 87 183
Rouzaofun 0.0036 217 81 263 138
Rouzaofun 0.0026 182 15 234 45
Rouzaofun 0.0024 207 83 294 189
Rouzaofun 0.0023 231 110 270 173
Rouzaofun 0.0021 47 -169 271 96
Rouzaofun 0.0021 189 58 280 151
Rouzaofun 0.0014 103 74 187 156
Rouzaofun 0.0013 11 9 265 173
Rouzaofun 0.0012 101 69 146 107
Rice_with_Shredded_Chicken 0.0292 211 70 269 169
Rice_with_Shredded_Chicken 0.0244 178 0 259 50
Rice_with_Shredded_Chicken 0.0116 59 49 204 164
Rice_with_Shredded_Chicken 0.0066 91 52 178 135
Rice_with_Shredded_Chicken 0.0064 13 145 77 179
Rice_with_Shredded_Chicken 0.0062 204 0 255 39
Rice_with_Shredded_Chicken 0.0051 73 69 164 149
Rice_with_Shredded_Chicken 0.0037 224 95 267 156
Rice_with_Shredded_Chicken 0.0026 217 81 263 138
Rice_with_Shredded_Chicken 0.0021 2 131 87 183
Rice_with_Shredded_Chicken 0.0020 47 -169 271 96
Rice_with_Shredded_Chicken 0.0018 182 15 234 45
Rice_with_Shredded_Chicken 0.0016 231 110 270 173
Rice_with_Shredded_Chicken 0.0013 11 9 265 173
Rice_with_Shredded_Chicken 0.0011 207 83 294 189
Rice_with_Shredded_Chicken 0.0010 143 202 168 239
Rice_with_Shredded_Chicken 0.0010 -3 118 19 143
migao 0.0535 211 70 269 169
migao 0.0400 178 0 259 50
migao 0.0141 59 49 204 164
migao 0.0100 91 52 178 135
migao 0.0080 204 0 255 39
migao 0.0079 73 69 164 149
migao 0.0076 13 145 77 179
migao 0.0046 224 95 267 156
migao 0.0032 217 81 263 138
migao 0.0029 182 15 234 45
migao 0.0029 2 131 87 183
migao 0.0023 231 110 270 173
migao 0.0018 64 -178 251 105
migao 0.0015 207 83 294 189
migao 0.0013 189 58 280 151
migao 0.0010 101 69 146 107
migao 0.0010 -3 118 19 143
migao 0.0010 143 202 168 239
wagui 0.0403 211 70 269 169
wagui 0.0362 178 0 259 50
wagui 0.0181 13 145 77 179
wagui 0.0132 204 0 255 39
wagui 0.0076 91 52 178 135
wagui 0.0059 73 69 164 149
wagui 0.0051 182 15 234 45
wagui 0.0051 59 49 204 164
wagui 0.0042 224 95 267 156
wagui 0.0033 217 81 263 138
wagui 0.0033 2 131 87 183
wagui 0.0026 -3 118 19 143
wagui 0.0025 231 110 270 173
wagui 0.0023 47 -169 271 96
wagui 0.0016 33 139 87 176
wagui 0.0016 189 58 280 151
wagui 0.0014 143 202 168 239
wagui 0.0014 207 83 294 189
wagui 0.0011 101 69 146 107
