Kongrou 0.0059 105 28 242 155
Kongrou 0.0025 10 14 103 125
Rouzaofun 0.0419 105 28 242 155
Rouzaofun 0.0074 0 11 129 113
Rouzaofun 0.0031 24 24 89 114
Rouzaofun 0.0022 60 16 277 178
Rouzaofun 0.0013 80 -127 291 157
Rouzaofun 0.0013 116 -19 251 66
Rouzaofun 0.0012 129 59 214 129
Rouzaofun 0.0012 -64 163 95 278
Rice_with_Shredded_Chicken 0.0096 105 28 242 155
Rice_with_Shredded_Chicken 0.0035 0 11 129 113
Rice_with_Shredded_Chicken 0.0015 24 24 89 114
Rice_with_Shredded_Chicken 0.0010 74 -85 305 118
migao 0.0313 105 28 242 155
migao 0.0051 0 11 129 113
migao 0.0046 60 16 277 178
migao 0.0024 24 24 89 114
migao 0.0011 74 -85 305 118
wagui 0.0169 105 28 242 155
wagui 0.0080 0 11 129 113
wagui 0.0021 22 21 92 107
wagui 0.0014 116 -19 251 66
wagui 0.0013 80 -127 291 157
wagui 0.0012 60 16 277 178
