Kongrou 0.0120 61 59 224 175
Kongrou 0.0075 100 65 190 143
Kongrou 0.0033 21 -151 295 74
Kongrou 0.0025 45 0 118 61
Kongrou 0.0024 90 -79 235 17
Kongrou 0.0023 113 -123 213 64
Kongrou 0.0023 55 103 264 291
Kongrou 0.0022 -39 -97 180 149
Kongrou 0.0015 58 -97 266 38
Kongrou 0.0011 76 129 228 254
Kongrou 0.0010 92 62 215 323
Kongrou 0.0010 126 52 401 215
Rouzaofun 0.0282 67 60 239 174
Rouzaofun 0.0103 100 65 190 143
Rouzaofun 0.0034 21 -151 295 74
Rouzaofun 0.0034 45 0 118 61
Rouzaofun 0.0027 -39 -97 180 149
Rouzaofun 0.0025 90 -79 235 17
Rouzaofun 0.0020 47 79 270 312
Rouzaofun 0.0018 113 -123 213 64
Rouzaofun 0.0015 78 142 249 261
Rouzaofun 0.0013 7 -18 149 86
Rouzaofun 0.0012 126 52 401 215
Rouzaofun 0.0012 58 -97 266 38
Rouzaofun 0.0011 124 71 208 158
Rice_with_Shredded_Chicken 0.0148 67 60 239 174
Rice_with_Shredded_Chicken 0.0052 100 65 190 143
Rice_with_Shredded_Chicken 0.0038 21 -151 295 74
Rice_with_Shredded_Chicken 0.0024 61 96 255 297
Rice_with_Shredded_Chicken 0.0023 -62 -77 215 134
Rice_with_Shredded_Chicken 0.0021 45 0 118 61
Rice_with_Shredded_Chicken 0.0020 90 -79 235 17
Rice_with_Shredded_Chicken 0.0019 113 -123 213 64
Rice_with_Shredded_Chicken 0.0016 58 -97 266 38
Rice_with_Shredded_Chicken 0.0011 126 52 401 215
Rice_with_Shredded_Chicken 0.0011 76 129 228 254
migao 0.0335 67 60 239 174
migao 0.0074 100 65 190 143
migao 0.0034 21 -151 295 74
migao 0.0033 90 -79 235 17
migao 0.0030 -62 -77 215 134
migao 0.0027 61 96 255 297
migao 0.0024 45 0 118 61
migao 0.0020 113 -123 213 64
migao 0.0015 58 -97 266 38
migao 0.0014 76 129 228 254
migao 0.0012 126 52 401 215
wagui 0.0158 60 47 225 167
wagui 0.0056 100 65 190 143
wagui 0.0045 21 -151 295 74
wagui 0.0027 -39 -97 180 149
wagui 0.0023 45 0 118 61
wagui 0.0023 90 -79 235 17
wagui 0.0022 113 -123 213 64
wagui 0.0020 47 79 270 312
wagui 0.0011 96 173 162 215
wagui 0.0010 78 142 249 261
wagui 0.0010 126 52 401 215
wagui 0.0010 101 177 135 211
wagui 0.0010 116 208 142 243
