Kongrou 0.1356 47 90 126 168
Kongrou 0.0135 64 102 120 156
Kongrou 0.0030 139 192 174 227
Kongrou 0.0023 35 -135 265 87
Kongrou 0.0023 54 100 109 139
Kongrou 0.0016 5 4 39 25
Kongrou 0.0014 122 172 190 247
Kongrou 0.0013 132 203 161 235
Kongrou 0.0013 24 101 139 188
Kongrou 0.0012 153 191 190 227
Kongrou 0.0010 199 97 288 248
Kongrou 0.0010 58 109 240 325
Rouzaofun 0.1995 47 90 126 168
Rouzaofun 0.0140 64 102 120 156
Rouzaofun 0.0033 139 192 174 227
Rouzaofun 0.0026 35 -135 265 87
Rouzaofun 0.0023 24 101 139 188
Rouzaofun 0.0020 5 4 39 25
Rouzaofun 0.0019 54 100 109 139
Rouzaofun 0.0016 122 172 190 247
Rouzaofun 0.0015 132 203 161 235
Rouzaofun 0.0014 153 191 190 227
Rouzaofun 0.0011 58 109 240 325
Rouzaofun 0.0010 199 97 288 248
Rice_with_Shredded_Chicken 0.0888 47 90 126 168
Rice_with_Shredded_Chicken 0.0084 64 102 120 156
Rice_with_Shredded_Chicken 0.0034 139 192 174 227
Rice_with_Shredded_Chicken 0.0026 35 -135 265 87
Rice_with_Shredded_Chicken 0.0021 5 4 39 25
Rice_with_Shredded_Chicken 0.0019 132 203 161 235
Rice_with_Shredded_Chicken 0.0014 122 172 190 247
Rice_with_Shredded_Chicken 0.0014 153 191 190 227
Rice_with_Shredded_Chicken 0.0013 54 100 109 139
Rice_with_Shredded_Chicken 0.0010 24 101 139 188
migao 0.1666 47 90 126 168
migao 0.0105 64 102 120 156
migao 0.0037 139 192 174 227
migao 0.0023 35 -135 265 87
migao 0.0022 5 4 39 25
migao 0.0019 132 203 161 235
migao 0.0015 153 191 190 227
migao 0.0014 54 100 109 139
migao 0.0013 122 172 190 247
migao 0.0012 24 101 139 188
migao 0.0012 70 -69 237 34
migao 0.0010 130 -36 163 8
wagui 0.1264 47 90 126 168
wagui 0.0069 64 102 120 156
wagui 0.0048 5 4 39 25
wagui 0.0045 139 192 174 227
wagui 0.0030 35 -135 265 87
wagui 0.0030 115 22 252 142
wagui 0.0026 132 203 161 235
wagui 0.0021 153 191 190 227
wagui 0.0018 54 100 109 139
wagui 0.0014 24 101 139 188
wagui 0.0014 130 -36 163 8
wagui 0.0013 122 172 190 247
