Kongrou 0.0058 93 -144 269 77
Kongrou 0.0053 81 143 244 261
Kongrou 0.0052 0 74 26 103
Kongrou 0.0026 86 44 120 69
Kongrou 0.0022 92 -81 233 18
Kongrou 0.0018 90 58 216 327
Kongrou 0.0018 125 52 207 72
Kongrou 0.0017 56 102 262 294
Kongrou 0.0016 186 67 242 99
Kongrou 0.0013 4 74 32 124
Kongrou 0.0013 140 174 181 225
Kongrou 0.0013 -4 76 20 111
Kongrou 0.0012 49 9 156 104
Kongrou 0.0012 76 -39 284 184
Kongrou 0.0011 -6 68 21 98
Kongrou 0.0011 118 161 203 238
Kongrou 0.0011 -36 124 145 314
Rouzaofun 0.0139 0 74 26 103
Rouzaofun 0.0053 28 -156 332 87
Rouzaofun 0.0052 81 143 244 261
Rouzaofun 0.0050 46 51 195 121
Rouzaofun 0.0044 44 79 218 157
Rouzaofun 0.0034 4 74 32 124
Rouzaofun 0.0030 86 44 120 69
Rouzaofun 0.0029 -4 76 20 111
Rouzaofun 0.0029 125 52 207 72
Rouzaofun 0.0024 -6 68 21 98
Rouzaofun 0.0019 92 -81 233 18
Rouzaofun 0.0018 186 67 242 99
Rouzaofun 0.0017 49 9 156 104
Rouzaofun 0.0016 90 58 216 327
Rouzaofun 0.0015 111 -142 216 84
Rouzaofun 0.0015 118 161 203 238
Rouzaofun 0.0014 56 102 262 294
Rouzaofun 0.0013 59 -7 257 149
Rouzaofun 0.0013 5 74 41 102
Rouzaofun 0.0012 140 174 181 225
Rouzaofun 0.0010 -36 124 145 314
Rouzaofun 0.0010 -3 -131 193 64
Rice_with_Shredded_Chicken 0.0101 0 74 26 103
Rice_with_Shredded_Chicken 0.0055 75 -167 280 95
Rice_with_Shredded_Chicken 0.0033 81 143 244 261
Rice_with_Shredded_Chicken 0.0030 86 44 120 69
Rice_with_Shredded_Chicken 0.0030 125 52 207 72
Rice_with_Shredded_Chicken 0.0028 44 79 218 157
Rice_with_Shredded_Chicken 0.0027 4 74 32 124
Rice_with_Shredded_Chicken 0.0020 -4 76 20 111
Rice_with_Shredded_Chicken 0.0020 54 86 264 307
Rice_with_Shredded_Chicken 0.0018 49 9 156 104
Rice_with_Shredded_Chicken 0.0017 70 -11 287 153
Rice_with_Shredded_Chicken 0.0017 111 -142 216 84
Rice_with_Shredded_Chicken 0.0016 -6 68 21 98
Rice_with_Shredded_Chicken 0.0015 186 67 242 99
Rice_with_Shredded_Chicken 0.0014 92 -81 233 18
Rice_with_Shredded_Chicken 0.0011 140 174 181 225
Rice_with_Shredded_Chicken 0.0010 -36 124 145 314
Rice_with_Shredded_Chicken 0.0010 5 74 41 102
migao 0.0139 0 74 26 103
migao 0.0079 81 143 244 261
migao 0.0051 75 -167 280 95
migao 0.0031 4 74 32 124
migao 0.0029 92 -81 233 18
migao 0.0028 86 44 120 69
migao 0.0025 -4 76 20 111
migao 0.0022 125 52 207 72
migao 0.0022 54 86 264 307
migao 0.0021 44 79 218 157
migao 0.0021 46 51 195 121
migao 0.0019 186 67 242 99
migao 0.0019 111 -142 216 84
migao 0.0018 -6 68 21 98
migao 0.0016 76 -39 284 184
migao 0.0015 140 174 181 225
migao 0.0015 49 9 156 104
migao 0.0013 118 161 203 238
migao 0.0012 -81 124 187 309
migao 0.0012 5 74 41 102
wagui 0.0495 0 74 26 103
wagui 0.0079 125 52 207 72
wagui 0.0077 -4 76 20 111
wagui 0.0072 4 74 32 124
wagui 0.0059 -6 68 21 98
wagui 0.0058 28 -156 332 87
wagui 0.0049 44 79 218 157
wagui 0.0049 86 44 120 69
wagui 0.0043 186 67 242 99
wagui 0.0042 5 74 41 102
wagui 0.0040 81 143 244 261
wagui 0.0020 111 -142 216 84
wagui 0.0019 92 -81 233 18
wagui 0.0017 49 9 156 104
wagui 0.0017 140 174 181 225
wagui 0.0016 46 51 195 121
wagui 0.0016 54 86 264 307
wagui 0.0015 76 -39 284 184
wagui 0.0013 37 37 73 55
wagui 0.0013 -23 -128 214 58
wagui 0.0011 0 95 26 134
wagui 0.0011 131 4 170 36
wagui 0.0010 100 -125 301 56
wagui 0.0010 92 -27 113 4
