Kongrou 0.0049 74 49 149 128
Kongrou 0.0034 83 -68 224 32
Kongrou 0.0031 112 -118 196 85
Kongrou 0.0019 46 25 201 158
Kongrou 0.0015 37 -135 262 85
Kongrou 0.0012 141 60 355 254
Kongrou 0.0010 89 70 134 108
Rouzaofun 0.0359 44 37 203 165
Rouzaofun 0.0068 74 49 149 128
Rouzaofun 0.0028 83 -68 224 32
Rouzaofun 0.0022 112 -118 196 85
Rouzaofun 0.0020 97 57 398 254
Rouzaofun 0.0017 37 -135 262 85
Rouzaofun 0.0014 152 87 344 229
Rouzaofun 0.0011 58 64 135 143
Rice_with_Shredded_Chicken 0.0041 44 37 203 165
Rice_with_Shredded_Chicken 0.0036 74 49 149 128
Rice_with_Shredded_Chicken 0.0025 112 -118 196 85
Rice_with_Shredded_Chicken 0.0022 83 -68 224 32
Rice_with_Shredded_Chicken 0.0017 37 -135 262 85
Rice_with_Shredded_Chicken 0.0012 141 60 355 254
migao 0.0160 44 37 203 165
migao 0.0052 74 49 149 128
migao 0.0045 83 -68 224 32
migao 0.0027 112 -118 196 85
migao 0.0018 97 57 398 254
migao 0.0016 37 -135 262 85
migao 0.0013 152 87 344 229
wagui 0.0060 44 37 203 165
wagui 0.0043 74 49 149 128
wagui 0.0027 112 -118 196 85
wagui 0.0024 83 -68 224 32
wagui 0.0021 37 -135 262 85
wagui 0.0014 141 60 355 254
wagui 0.0010 89 70 134 108
