Kongrou 0.0354 182 48 276 143
Kongrou 0.0168 41 22 131 122
Kongrou 0.0132 98 -113 270 1
Kongrou 0.0113 165 16 292 129
Kongrou 0.0099 -3 18 157 156
Kongrou 0.0084 121 -174 248 64
Kongrou 0.0026 52 -137 221 2
Kongrou 0.0020 43 -197 314 66
Kongrou 0.0015 21 42 115 138
Kongrou 0.0013 -77 -139 289 16
Kongrou 0.0011 85 140 282 272
Kongrou 0.0011 58 44 114 100
Kongrou 0.0011 193 55 265 113
Kongrou 0.0011 -22 -4 40 89
Kongrou 0.0010 119 125 345 237
Rouzaofun 0.0549 182 48 276 143
Rouzaofun 0.0388 153 12 311 137
Rouzaofun 0.0213 41 22 131 122
Rouzaofun 0.0113 176 21 270 111
Rouzaofun 0.0101 98 -113 270 1
Rouzaofun 0.0068 121 -174 248 64
Rouzaofun 0.0033 200 29 294 127
Rouzaofun 0.0020 43 -197 314 66
Rouzaofun 0.0020 21 42 115 138
Rouzaofun 0.0016 85 140 282 272
Rouzaofun 0.0015 54 -176 195 40
Rouzaofun 0.0015 -77 -139 289 16
Rouzaofun 0.0013 -3 18 157 156
Rouzaofun 0.0013 -47 -4 64 90
Rouzaofun 0.0012 117 171 185 224
Rouzaofun 0.0011 58 44 114 100
Rouzaofun 0.0010 193 55 265 113
Rouzaofun 0.0010 -3 -18 318 182
Rouzaofun 0.0010 119 125 345 237
Rice_with_Shredded_Chicken 0.0219 182 48 276 143
Rice_with_Shredded_Chicken 0.0176 153 12 311 137
Rice_with_Shredded_Chicken 0.0108 41 22 131 122
Rice_with_Shredded_Chicken 0.0080 -3 18 157 156
Rice_with_Shredded_Chicken 0.0075 98 -113 270 1
Rice_with_Shredded_Chicken 0.0069 121 -174 248 64
Rice_with_Shredded_Chicken 0.0053 176 21 270 111
Rice_with_Shredded_Chicken 0.0021 43 -197 314 66
Rice_with_Shredded_Chicken 0.0018 54 -176 195 40
Rice_with_Shredded_Chicken 0.0017 -26 -156 240 35
Rice_with_Shredded_Chicken 0.0014 200 29 294 127
Rice_with_Shredded_Chicken 0.0014 -3 -18 318 182
migao 0.0414 182 48 276 143
migao 0.0197 153 12 311 137
migao 0.0152 98 -113 270 1
migao 0.0140 41 22 131 122
migao 0.0088 -3 18 157 156
migao 0.0077 176 21 270 111
migao 0.0069 121 -174 248 64
migao 0.0024 52 -137 221 2
migao 0.0022 200 29 294 127
migao 0.0021 85 140 282 272
migao 0.0019 43 -197 314 66
migao 0.0014 -26 -156 240 35
migao 0.0013 21 42 115 138
migao 0.0012 117 171 185 224
migao 0.0012 119 125 345 237
migao 0.0011 120 42 478 307
wagui 0.0276 182 48 276 143
wagui 0.0122 165 16 292 129
wagui 0.0101 41 22 131 122
wagui 0.0087 98 -113 270 1
wagui 0.0072 121 -174 248 64
wagui 0.0033 52 -137 221 2
wagui 0.0026 -26 -156 240 35
wagui 0.0025 43 -197 314 66
wagui 0.0020 117 171 185 224
wagui 0.0017 270 6 307 43
wagui 0.0016 15 0 85 25
wagui 0.0013 115 179 164 215
wagui 0.0010 -47 -4 64 90
