Kongrou 0.0199 147 0 248 50
Kongrou 0.0174 10 7 111 75
Kongrou 0.0073 100 52 269 161
Kongrou 0.0045 65 94 297 297
Kongrou 0.0027 91 -81 234 20
Kongrou 0.0026 115 70 207 149
Kongrou 0.0023 109 -146 217 88
Kongrou 0.0020 80 -167 277 95
Kongrou 0.0017 25 13 95 58
Rouzaofun 0.0498 91 60 257 174
Rouzaofun 0.0360 147 0 248 50
Rouzaofun 0.0265 10 7 111 75
Rouzaofun 0.0038 68 65 290 329
Rouzaofun 0.0037 -7 -14 285 195
Rouzaofun 0.0036 115 70 207 149
Rouzaofun 0.0022 91 -81 234 20
Rouzaofun 0.0022 42 -165 319 96
Rouzaofun 0.0019 109 -146 217 88
Rouzaofun 0.0017 25 13 95 58
Rouzaofun 0.0012 50 3 223 178
Rouzaofun 0.0011 62 -107 262 48
Rouzaofun 0.0011 151 67 245 142
Rice_with_Shredded_Chicken 0.0262 91 60 257 174
Rice_with_Shredded_Chicken 0.0150 147 0 248 50
Rice_with_Shredded_Chicken 0.0116 10 7 111 75
Rice_with_Shredded_Chicken 0.0037 68 65 290 329
Rice_with_Shredded_Chicken 0.0033 -7 -14 285 195
Rice_with_Shredded_Chicken 0.0020 80 -167 277 95
Rice_with_Shredded_Chicken 0.0020 109 -146 217 88
Rice_with_Shredded_Chicken 0.0017 91 -81 234 20
Rice_with_Shredded_Chicken 0.0016 115 70 207 149
Rice_with_Shredded_Chicken 0.0010 25 13 95 58
migao 0.0404 91 60 257 174
migao 0.0235 147 0 248 50
migao 0.0202 10 7 111 75
migao 0.0036 91 -81 234 20
migao 0.0035 69 94 290 300
migao 0.0025 115 70 207 149
migao 0.0023 109 -146 217 88
migao 0.0019 80 -167 277 95
migao 0.0016 -7 -14 285 195
migao 0.0012 25 13 95 58
wagui 0.0267 91 60 257 174
wagui 0.0231 147 0 248 50
wagui 0.0173 10 7 111 75
wagui 0.0038 68 65 290 329
wagui 0.0024 42 -165 319 96
wagui 0.0022 109 -146 217 88
wagui 0.0020 115 70 207 149
wagui 0.0020 91 -81 234 20
wagui 0.0012 25 13 95 58
wagui 0.0010 -4 124 19 169
wagui 0.0010 -7 -14 285 195
