Kongrou 0.0237 193 177 785 706
Kongrou 0.0073 619 776 778 918
Kongrou 0.0043 584 706 812 986
Kongrou 0.0038 589 751 729 903
Kongrou 0.0038 508 629 890 1064
Kongrou 0.0034 216 -546 1129 362
Kongrou 0.0027 321 -292 975 152
Kongrou 0.0022 468 -436 826 302
Kongrou 0.0019 586 801 693 931
Kongrou 0.0018 27 146 991 803
Kongrou 0.0018 653 762 823 893
Kongrou 0.0017 685 63 1240 669
Kongrou 0.0016 263 629 1030 1053
Kongrou 0.0015 443 123 1491 601
Kongrou 0.0011 -235 -383 359 157
Kongrou 0.0010 -397 -277 518 63
Rouzaofun 0.0108 193 177 785 706
Rouzaofun 0.0083 619 776 778 918
Rouzaofun 0.0047 584 706 812 986
Rouzaofun 0.0046 515 613 883 1040
Rouzaofun 0.0041 216 -546 1129 362
Rouzaofun 0.0039 589 751 729 903
Rouzaofun 0.0025 321 -292 975 152
Rouzaofun 0.0021 586 801 693 931
Rouzaofun 0.0020 653 762 823 893
Rouzaofun 0.0018 443 123 1491 601
Rouzaofun 0.0017 263 629 1030 1053
Rouzaofun 0.0017 685 63 1240 669
Rouzaofun 0.0016 468 -436 826 302
Rouzaofun 0.0012 -235 -383 359 157
Rouzaofun 0.0010 230 577 831 934
Rouzaofun 0.0010 131 427 894 1278
Rouzaofun 0.0010 -397 -277 518 63
Rice_with_Shredded_Chicken 0.0107 193 177 785 706
Rice_with_Shredded_Chicken 0.0083 619 776 778 918
Rice_with_Shredded_Chicken 0.0049 584 706 812 986
Rice_with_Shredded_Chicken 0.0046 508 629 890 1064
Rice_with_Shredded_Chicken 0.0040 216 -546 1129 362
Rice_with_Shredded_Chicken 0.0038 589 751 729 903
Rice_with_Shredded_Chicken 0.0024 586 801 693 931
Rice_with_Shredded_Chicken 0.0019 653 762 823 893
Rice_with_Shredded_Chicken 0.0019 685 63 1240 669
Rice_with_Shredded_Chicken 0.0019 468 -436 826 302
Rice_with_Shredded_Chicken 0.0018 443 123 1491 601
Rice_with_Shredded_Chicken 0.0017 321 -292 975 152
Rice_with_Shredded_Chicken 0.0014 263 629 1030 1053
migao 0.0171 193 177 785 706
migao 0.0090 619 776 778 918
migao 0.0044 584 706 812 986
migao 0.0043 589 751 729 903
migao 0.0039 515 613 883 1040
migao 0.0037 321 -292 975 152
migao 0.0034 285 -681 1049 498
migao 0.0023 586 801 693 931
migao 0.0020 468 -436 826 302
migao 0.0020 653 762 823 893
migao 0.0018 685 63 1240 669
migao 0.0017 443 123 1491 601
migao 0.0016 263 629 1030 1053
migao 0.0013 -235 -383 359 157
migao 0.0012 27 146 991 803
migao 0.0010 230 577 831 934
migao 0.0010 -479 532 725 1166
wagui 0.0110 619 776 778 918
wagui 0.0050 584 706 812 986
wagui 0.0048 589 751 729 903
wagui 0.0046 216 -546 1129 362
wagui 0.0044 515 613 883 1040
wagui 0.0029 586 801 693 931
wagui 0.0028 653 762 823 893
wagui 0.0023 321 -292 975 152
wagui 0.0019 468 -436 826 302
wagui 0.0018 443 123 1491 601
wagui 0.0018 193 177 785 706
wagui 0.0012 774 383 1018 483
wagui 0.0012 685 63 1240 669
wagui 0.0012 413 -34 550 73
wagui 0.0012 230 577 831 934
wagui 0.0012 610 815 748 956
wagui 0.0012 -235 -383 359 157
wagui 0.0010 263 629 1030 1053
