Kongrou 0.1035 171 212 478 495
Kongrou 0.0162 598 236 917 510
Kongrou 0.0055 865 643 965 733
Kongrou 0.0051 212 244 437 424
Kongrou 0.0037 416 -15 703 134
Kongrou 0.0034 326 -7 477 84
Kongrou 0.0025 436 -245 853 98
Kongrou 0.0022 458 -692 846 564
Kongrou 0.0019 468 -36 574 74
Kongrou 0.0015 445 -68 755 187
Kongrou 0.0015 218 -343 764 124
Kongrou 0.0014 244 -90 522 170
Kongrou 0.0013 369 -104 672 145
Kongrou 0.0011 0 485 254 775
Kongrou 0.0010 522 -381 849 246
Kongrou 0.0010 645 273 909 436
Kongrou 0.0010 426 -36 537 74
Rouzaofun 0.1774 171 212 478 495
Rouzaofun 0.0273 598 236 917 510
Rouzaofun 0.0102 865 643 965 733
Rouzaofun 0.0062 212 244 437 424
Rouzaofun 0.0041 416 -15 703 134
Rouzaofun 0.0030 326 -7 477 84
Rouzaofun 0.0027 468 -36 574 74
Rouzaofun 0.0017 458 -692 846 564
Rouzaofun 0.0016 378 -104 784 223
Rouzaofun 0.0016 436 -245 853 98
Rouzaofun 0.0014 244 -90 522 170
Rouzaofun 0.0013 426 -36 537 74
Rouzaofun 0.0011 54 188 435 561
Rouzaofun 0.0010 253 -532 724 316
Rouzaofun 0.0010 141 -588 1198 385
Rouzaofun 0.0010 645 273 909 436
Rice_with_Shredded_Chicken 0.0823 171 212 478 495
Rice_with_Shredded_Chicken 0.0118 865 643 965 733
Rice_with_Shredded_Chicken 0.0114 598 236 917 510
Rice_with_Shredded_Chicken 0.0043 212 244 437 424
Rice_with_Shredded_Chicken 0.0041 416 -15 703 134
Rice_with_Shredded_Chicken 0.0028 306 -6 458 83
Rice_with_Shredded_Chicken 0.0024 468 -36 574 74
Rice_with_Shredded_Chicken 0.0017 458 -692 846 564
Rice_with_Shredded_Chicken 0.0015 378 -104 784 223
Rice_with_Shredded_Chicken 0.0012 426 -36 537 74
Rice_with_Shredded_Chicken 0.0011 436 -245 853 98
Rice_with_Shredded_Chicken 0.0011 141 -588 1198 385
Rice_with_Shredded_Chicken 0.0011 244 -90 522 170
Rice_with_Shredded_Chicken 0.0010 253 -532 724 316
migao 0.1555 171 212 478 495
migao 0.0208 598 236 917 510
migao 0.0138 865 643 965 733
migao 0.0048 416 -15 703 134
migao 0.0045 212 244 437 424
migao 0.0032 326 -7 477 84
migao 0.0031 436 -245 853 98
migao 0.0027 468 -36 574 74
migao 0.0021 458 -692 846 564
migao 0.0015 218 -343 764 124
migao 0.0014 378 -104 784 223
migao 0.0013 426 -36 537 74
migao 0.0010 244 -90 522 170
wagui 0.1341 171 212 478 495
wagui 0.0383 865 643 965 733
wagui 0.0198 598 236 917 510
wagui 0.0053 416 -15 703 134
wagui 0.0052 326 -7 477 84
wagui 0.0051 212 244 437 424
wagui 0.0033 468 -36 574 74
wagui 0.0030 492 170 1042 557
wagui 0.0023 218 -343 764 124
wagui 0.0021 458 -692 846 564
wagui 0.0019 436 -245 853 98
wagui 0.0018 426 -36 537 74
wagui 0.0016 378 -104 784 223
wagui 0.0015 117 -43 1072 648
wagui 0.0014 64 191 605 535
wagui 0.0014 -62 -417 785 241
wagui 0.0013 141 -588 1198 385
wagui 0.0013 376 -34 507 73
wagui 0.0010 645 273 909 436
wagui 0.0010 45 506 210 716
