Kongrou 0.0039 84 106 491 366
Kongrou 0.0036 167 110 352 282
Kongrou 0.0012 312 187 739 817
Kongrou 0.0010 192 323 867 679
Rouzaofun 0.0070 82 127 493 392
Rouzaofun 0.0047 127 101 390 291
Rouzaofun 0.0012 325 245 830 753
Rice_with_Shredded_Chicken 0.0077 64 28 538 423
Rice_with_Shredded_Chicken 0.0025 127 101 390 291
Rice_with_Shredded_Chicken 0.0011 197 -186 676 278
Rice_with_Shredded_Chicken 0.0010 288 316 850 697
migao 0.0043 64 28 538 423
migao 0.0032 167 110 352 282
migao 0.0015 130 96 492 331
migao 0.0011 211 410 330 466
wagui 0.0033 127 101 390 291
wagui 0.0021 211 410 330 466
wagui 0.0021 84 106 491 366
wagui 0.0012 209 397 379 457
wagui 0.0011 288 316 850 697
