Kongrou 0.0134 592 52 807 280
Kongrou 0.0052 207 158 454 389
Kongrou 0.0045 72 148 573 414
Kongrou 0.0027 285 304 883 841
Kongrou 0.0013 670 82 790 251
Kongrou 0.0012 241 -2 481 57
Kongrou 0.0012 -5 47 683 487
Rouzaofun 0.0199 592 52 807 280
Rouzaofun 0.0088 72 148 573 414
Rouzaofun 0.0074 207 158 454 389
Rouzaofun 0.0022 294 178 865 971
Rouzaofun 0.0017 -1 20 813 516
Rouzaofun 0.0013 529 37 839 357
Rouzaofun 0.0012 670 82 790 251
Rouzaofun 0.0012 241 -2 481 57
Rouzaofun 0.0010 169 305 755 846
Rice_with_Shredded_Chicken 0.0084 592 52 807 280
Rice_with_Shredded_Chicken 0.0040 72 148 573 414
Rice_with_Shredded_Chicken 0.0034 -5 47 683 487
Rice_with_Shredded_Chicken 0.0033 207 158 454 389
Rice_with_Shredded_Chicken 0.0025 294 178 865 971
Rice_with_Shredded_Chicken 0.0010 205 281 716 869
migao 0.0170 592 52 807 280
migao 0.0053 99 141 608 420
migao 0.0050 207 158 454 389
migao 0.0028 -5 47 683 487
migao 0.0022 285 304 883 841
migao 0.0010 670 82 790 251
migao 0.0010 120 -83 553 614
wagui 0.0139 592 52 807 280
wagui 0.0051 155 138 504 410
wagui 0.0028 -5 47 683 487
wagui 0.0025 241 -2 481 57
wagui 0.0023 294 178 865 971
wagui 0.0014 670 82 790 251
wagui 0.0011 -15 280 536 525
wagui 0.0010 529 37 839 357
