Kongrou 0.0270 458 312 634 429
Kongrou 0.0241 197 299 309 382
Kongrou 0.0203 469 201 622 295
Kongrou 0.0174 313 227 471 330
Kongrou 0.0169 301 151 421 220
Kongrou 0.0168 164 297 342 413
Kongrou 0.0145 125 198 290 297
Kongrou 0.0142 186 122 290 188
Kongrou 0.0127 188 63 288 124
Kongrou 0.0117 289 36 371 90
Kongrou 0.0099 408 117 529 193
Kongrou 0.0087 541 132 673 209
Kongrou 0.0086 296 80 396 138
Kongrou 0.0068 369 45 477 111
Kongrou 0.0055 139 199 214 265
Kongrou 0.0053 499 185 592 249
Kongrou 0.0042 533 139 619 202
Kongrou 0.0038 311 92 411 157
Kongrou 0.0028 179 189 296 276
Kongrou 0.0026 740 265 812 353
Kongrou 0.0024 532 322 649 420
Kongrou 0.0024 429 -121 1079 231
Kongrou 0.0022 576 -177 933 289
Kongrou 0.0022 258 386 633 777
Kongrou 0.0020 380 257 465 330
Kongrou 0.0020 387 34 489 92
Kongrou 0.0016 459 148 630 317
Kongrou 0.0014 452 542 577 630
Kongrou 0.0013 745 363 808 439
Kongrou 0.0012 146 -32 659 474
Kongrou 0.0011 394 63 482 124
Kongrou 0.0011 99 275 374 434
Kongrou 0.0011 509 -296 1027 500
Kongrou 0.0010 7 272 69 345
Kongrou 0.0010 263 21 366 74
Kongrou 0.0010 295 -119 365 -30
Rouzaofun 0.0743 473 311 649 430
Rouzaofun 0.0558 469 201 622 295
Rouzaofun 0.0543 313 227 471 330
Rouzaofun 0.0514 188 63 288 124
Rouzaofun 0.0502 289 36 371 90
Rouzaofun 0.0482 301 151 421 220
Rouzaofun 0.0437 125 198 290 297
Rouzaofun 0.0397 186 122 290 188
Rouzaofun 0.0367 197 299 309 382
Rouzaofun 0.0357 164 297 342 413
Rouzaofun 0.0318 296 80 396 138
Rouzaofun 0.0303 541 132 673 209
Rouzaofun 0.0290 408 117 529 193
Rouzaofun 0.0225 369 45 477 111
Rouzaofun 0.0146 311 92 411 157
Rouzaofun 0.0123 139 199 214 265
Rouzaofun 0.0122 499 185 592 249
Rouzaofun 0.0109 533 139 619 202
Rouzaofun 0.0077 179 189 296 276
Rouzaofun 0.0069 387 34 489 92
Rouzaofun 0.0056 740 265 812 353
Rouzaofun 0.0038 394 63 482 124
Rouzaofun 0.0037 380 257 465 330
Rouzaofun 0.0035 201 50 305 107
Rouzaofun 0.0032 459 148 630 317
Rouzaofun 0.0030 99 275 374 434
Rouzaofun 0.0029 263 21 366 74
Rouzaofun 0.0027 745 363 808 439
Rouzaofun 0.0026 429 -121 1079 231
Rouzaofun 0.0022 576 -177 933 289
Rouzaofun 0.0020 130 147 312 318
Rouzaofun 0.0018 452 542 577 630
Rouzaofun 0.0017 167 390 719 772
Rouzaofun 0.0016 428 302 692 469
Rouzaofun 0.0015 7 272 69 345
Rouzaofun 0.0015 149 282 266 398
Rouzaofun 0.0014 295 189 455 368
Rouzaofun 0.0014 620 114 687 165
Rouzaofun 0.0013 267 92 451 281
Rouzaofun 0.0012 295 -119 365 -30
Rouzaofun 0.0012 343 265 472 353
Rouzaofun 0.0011 509 -296 1027 500
Rouzaofun 0.0011 597 -32 912 448
Rouzaofun 0.0011 429 558 538 645
Rouzaofun 0.0011 -190 311 373 878
Rouzaofun 0.0010 140 57 333 254
Rouzaofun 0.0010 -46 -15 839 472
Rouzaofun 0.0010 409 554 498 649
Rice_with_Shredded_Chicken 0.0690 301 151 421 220
Rice_with_Shredded_Chicken 0.0688 188 63 288 124
Rice_with_Shredded_Chicken 0.0666 469 201 622 295
Rice_with_Shredded_Chicken 0.0661 473 311 649 430
Rice_with_Shredded_Chicken 0.0607 289 36 371 90
Rice_with_Shredded_Chicken 0.0577 186 122 290 188
Rice_with_Shredded_Chicken 0.0551 313 227 471 330
Rice_with_Shredded_Chicken 0.0507 125 198 290 297
Rice_with_Shredded_Chicken 0.0376 408 117 529 193
Rice_with_Shredded_Chicken 0.0376 296 80 396 138
Rice_with_Shredded_Chicken 0.0352 541 132 673 209
Rice_with_Shredded_Chicken 0.0296 197 299 309 382
Rice_with_Shredded_Chicken 0.0275 164 297 342 413
Rice_with_Shredded_Chicken 0.0254 369 45 477 111
Rice_with_Shredded_Chicken 0.0162 311 92 411 157
Rice_with_Shredded_Chicken 0.0107 139 199 214 265
Rice_with_Shredded_Chicken 0.0102 499 185 592 249
Rice_with_Shredded_Chicken 0.0084 533 139 619 202
Rice_with_Shredded_Chicken 0.0061 179 189 296 276
Rice_with_Shredded_Chicken 0.0059 387 34 489 92
Rice_with_Shredded_Chicken 0.0046 740 265 812 353
Rice_with_Shredded_Chicken 0.0036 394 63 482 124
Rice_with_Shredded_Chicken 0.0028 745 363 808 439
Rice_with_Shredded_Chicken 0.0027 201 50 305 107
Rice_with_Shredded_Chicken 0.0026 380 257 465 330
Rice_with_Shredded_Chicken 0.0024 263 21 366 74
Rice_with_Shredded_Chicken 0.0024 459 148 630 317
Rice_with_Shredded_Chicken 0.0024 258 386 633 777
Rice_with_Shredded_Chicken 0.0022 429 -121 1079 231
Rice_with_Shredded_Chicken 0.0020 576 -177 933 289
Rice_with_Shredded_Chicken 0.0018 452 542 577 630
Rice_with_Shredded_Chicken 0.0017 -46 -15 839 472
Rice_with_Shredded_Chicken 0.0017 7 272 69 345
Rice_with_Shredded_Chicken 0.0014 99 275 374 434
Rice_with_Shredded_Chicken 0.0014 295 -119 365 -30
Rice_with_Shredded_Chicken 0.0014 620 114 687 165
Rice_with_Shredded_Chicken 0.0013 130 147 312 318
Rice_with_Shredded_Chicken 0.0012 267 92 451 281
Rice_with_Shredded_Chicken 0.0011 429 558 538 645
Rice_with_Shredded_Chicken 0.0010 409 554 498 649
Rice_with_Shredded_Chicken 0.0010 295 189 455 368
Rice_with_Shredded_Chicken 0.0010 149 282 266 398
Rice_with_Shredded_Chicken 0.0010 467 -355 1067 436
Rice_with_Shredded_Chicken 0.0010 597 -32 912 448
migao 0.1036 469 201 622 295
migao 0.0907 301 151 421 220
migao 0.0846 458 312 634 429
migao 0.0836 188 63 288 124
migao 0.0739 313 227 471 330
migao 0.0734 289 36 371 90
migao 0.0713 125 198 290 297
migao 0.0671 186 122 290 188
migao 0.0545 541 132 673 209
migao 0.0443 408 117 529 193
migao 0.0439 296 80 396 138
migao 0.0368 164 297 342 413
migao 0.0362 197 299 309 382
migao 0.0307 369 45 477 111
migao 0.0206 311 92 411 157
migao 0.0175 139 199 214 265
migao 0.0161 499 185 592 249
migao 0.0141 533 139 619 202
migao 0.0082 387 34 489 92
migao 0.0077 179 189 296 276
migao 0.0053 740 265 812 353
migao 0.0046 532 322 649 420
migao 0.0043 394 63 482 124
migao 0.0040 201 50 305 107
migao 0.0031 263 21 366 74
migao 0.0031 380 257 465 330
migao 0.0026 745 363 808 439
migao 0.0025 459 148 630 317
migao 0.0022 429 -121 1079 231
migao 0.0021 258 386 633 777
migao 0.0021 576 -177 933 289
migao 0.0020 452 542 577 630
migao 0.0018 620 114 687 165
migao 0.0016 99 275 374 434
migao 0.0015 149 282 266 398
migao 0.0014 7 272 69 345
migao 0.0013 130 147 312 318
migao 0.0012 94 -80 715 538
migao 0.0012 295 -119 365 -30
migao 0.0012 429 558 538 645
migao 0.0011 409 554 498 649
migao 0.0010 295 189 455 368
migao 0.0010 597 -32 912 448
migao 0.0010 -384 349 579 829
migao 0.0010 428 302 692 469
wagui 0.2723 188 63 288 124
wagui 0.2506 289 36 371 90
wagui 0.2465 301 151 421 220
wagui 0.2116 186 122 290 188
wagui 0.1903 469 201 622 295
wagui 0.1477 541 132 673 209
wagui 0.1468 296 80 396 138
wagui 0.1464 458 312 634 429
wagui 0.1388 313 227 471 330
wagui 0.1364 125 198 290 297
wagui 0.1237 408 117 529 193
wagui 0.0881 369 45 477 111
wagui 0.0844 197 299 309 382
wagui 0.0649 311 92 411 157
wagui 0.0551 164 297 342 413
wagui 0.0544 139 199 214 265
wagui 0.0416 499 185 592 249
wagui 0.0376 533 139 619 202
wagui 0.0233 387 34 489 92
wagui 0.0196 179 189 296 276
wagui 0.0190 740 265 812 353
wagui 0.0147 394 63 482 124
wagui 0.0130 201 50 305 107
wagui 0.0105 532 322 649 420
wagui 0.0099 263 21 366 74
wagui 0.0088 745 363 808 439
wagui 0.0083 620 114 687 165
wagui 0.0075 380 257 465 330
wagui 0.0049 7 272 69 345
wagui 0.0037 149 282 266 398
wagui 0.0026 404 108 502 172
wagui 0.0025 452 542 577 630
wagui 0.0023 459 148 630 317
wagui 0.0023 429 -121 1079 231
wagui 0.0021 295 -119 365 -30
wagui 0.0021 258 386 633 777
wagui 0.0021 573 163 671 240
wagui 0.0020 576 -177 933 289
wagui 0.0020 99 275 374 434
wagui 0.0019 343 265 472 353
wagui 0.0018 745 280 807 399
wagui 0.0017 300 110 392 170
wagui 0.0016 429 558 538 645
wagui 0.0016 225 65 312 122
wagui 0.0015 283 476 407 572
wagui 0.0015 318 205 465 292
wagui 0.0015 130 147 312 318
wagui 0.0014 409 554 498 649
wagui 0.0014 172 107 274 173
wagui 0.0014 757 340 826 432
wagui 0.0014 267 92 451 281
wagui 0.0013 710 0 813 128
wagui 0.0013 476 168 583 235
wagui 0.0012 527 220 625 306
wagui 0.0012 133 180 250 254
wagui 0.0012 509 -296 1027 500
wagui 0.0011 454 185 575 279
wagui 0.0011 -384 349 579 829
wagui 0.0011 140 57 333 254
wagui 0.0011 597 -32 912 448
wagui 0.0011 228 491 371 588
wagui 0.0010 613 122 694 189
wagui 0.0010 488 555 602 648
wagui 0.0010 295 189 455 368
wagui 0.0010 428 302 692 469
