Kongrou 0.0677 681 629 1191 918
Kongrou 0.0636 628 259 1073 596
Kongrou 0.0462 300 422 709 662
Kongrou 0.0440 306 747 761 973
Kongrou 0.0349 -13 540 386 835
Kongrou 0.0253 896 31 1266 245
Kongrou 0.0216 0 260 375 479
Kongrou 0.0163 1068 294 1381 619
Kongrou 0.0127 278 107 671 400
Kongrou 0.0108 1136 630 1432 917
Kongrou 0.0083 573 8 897 153
Kongrou 0.0062 97 623 331 808
Kongrou 0.0052 1214 163 1468 347
Kongrou 0.0025 1363 466 1489 676
Kongrou 0.0021 735 295 1077 503
Kongrou 0.0019 267 377 796 766
Kongrou 0.0018 1076 386 1317 581
Kongrou 0.0013 -302 -683 855 533
Kongrou 0.0011 357 -36 1147 1035
Kongrou 0.0011 1048 609 1571 937
Kongrou 0.0010 715 612 1101 820
Kongrou 0.0010 814 326 1056 471
Rouzaofun 0.1638 681 629 1191 918
Rouzaofun 0.1180 628 259 1073 596
Rouzaofun 0.0985 306 747 761 973
Rouzaofun 0.0938 298 407 707 679
Rouzaofun 0.0748 6 544 423 831
Rouzaofun 0.0531 0 260 375 479
Rouzaofun 0.0518 896 31 1266 245
Rouzaofun 0.0336 1068 294 1381 619
Rouzaofun 0.0267 1136 630 1432 917
Rouzaofun 0.0227 573 8 897 153
Rouzaofun 0.0224 278 107 671 400
Rouzaofun 0.0143 1214 163 1468 347
Rouzaofun 0.0087 1363 466 1489 676
Rouzaofun 0.0076 97 623 331 808
Rouzaofun 0.0028 735 295 1077 503
Rouzaofun 0.0027 1048 609 1571 937
Rouzaofun 0.0024 1076 386 1317 581
Rouzaofun 0.0022 -56 216 484 523
Rouzaofun 0.0020 910 291 1479 679
Rouzaofun 0.0020 831 -57 1328 276
Rouzaofun 0.0017 715 612 1101 820
Rouzaofun 0.0015 537 -54 927 220
Rouzaofun 0.0013 -302 -683 855 533
Rouzaofun 0.0013 814 326 1056 471
Rouzaofun 0.0013 357 -36 1147 1035
Rouzaofun 0.0011 -118 551 1164 1620
Rice_with_Shredded_Chicken 0.0733 306 747 761 973
Rice_with_Shredded_Chicken 0.0655 681 629 1191 918
Rice_with_Shredded_Chicken 0.0588 300 422 709 662
Rice_with_Shredded_Chicken 0.0494 628 259 1073 596
Rice_with_Shredded_Chicken 0.0428 0 260 375 479
Rice_with_Shredded_Chicken 0.0427 896 31 1266 245
Rice_with_Shredded_Chicken 0.0336 -13 540 386 835
Rice_with_Shredded_Chicken 0.0228 573 8 897 153
Rice_with_Shredded_Chicken 0.0194 1136 630 1432 917
Rice_with_Shredded_Chicken 0.0170 1068 294 1381 619
Rice_with_Shredded_Chicken 0.0143 1214 163 1468 347
Rice_with_Shredded_Chicken 0.0120 278 107 671 400
Rice_with_Shredded_Chicken 0.0081 1363 466 1489 676
Rice_with_Shredded_Chicken 0.0047 97 623 331 808
Rice_with_Shredded_Chicken 0.0018 267 377 796 766
Rice_with_Shredded_Chicken 0.0016 735 295 1077 503
Rice_with_Shredded_Chicken 0.0015 1076 386 1317 581
Rice_with_Shredded_Chicken 0.0013 -119 -85 1620 1102
Rice_with_Shredded_Chicken 0.0013 1048 609 1571 937
Rice_with_Shredded_Chicken 0.0012 715 612 1101 820
Rice_with_Shredded_Chicken 0.0012 -302 -683 855 533
Rice_with_Shredded_Chicken 0.0011 -56 216 484 523
Rice_with_Shredded_Chicken 0.0011 -118 551 1164 1620
Rice_with_Shredded_Chicken 0.0010 831 -57 1328 276
migao 0.1153 681 629 1191 918
migao 0.1017 628 259 1073 596
migao 0.0781 306 747 761 973
migao 0.0749 300 422 709 662
migao 0.0554 0 260 375 479
migao 0.0535 6 544 423 831
migao 0.0460 896 31 1266 245
migao 0.0256 1068 294 1381 619
migao 0.0251 1136 630 1432 917
migao 0.0218 573 8 897 153
migao 0.0173 1214 163 1468 347
migao 0.0166 278 107 671 400
migao 0.0123 1363 466 1489 676
migao 0.0067 97 623 331 808
migao 0.0028 267 377 796 766
migao 0.0021 1076 386 1317 581
migao 0.0017 735 295 1077 503
migao 0.0017 1048 609 1571 937
migao 0.0013 -56 216 484 523
migao 0.0013 831 -57 1328 276
migao 0.0013 357 -36 1147 1035
migao 0.0012 715 612 1101 820
migao 0.0011 -118 551 1164 1620
migao 0.0011 -302 -683 855 533
migao 0.0010 910 291 1479 679
wagui 0.1137 681 629 1191 918
wagui 0.1089 306 747 761 973
wagui 0.0946 300 422 709 662
wagui 0.0923 0 260 375 479
wagui 0.0841 628 259 1073 596
wagui 0.0838 896 31 1266 245
wagui 0.0594 573 8 897 153
wagui 0.0561 1214 163 1468 347
wagui 0.0545 -13 540 386 835
wagui 0.0387 1363 466 1489 676
wagui 0.0357 1136 630 1432 917
wagui 0.0278 1068 294 1381 619
wagui 0.0188 278 107 671 400
wagui 0.0092 97 623 331 808
wagui 0.0032 1076 386 1317 581
wagui 0.0027 267 377 796 766
wagui 0.0025 715 612 1101 820
wagui 0.0023 735 295 1077 503
wagui 0.0023 1385 404 1525 625
wagui 0.0018 31 221 342 405
wagui 0.0018 814 326 1056 471
wagui 0.0017 310 722 584 940
wagui 0.0017 1048 609 1571 937
wagui 0.0015 831 -57 1328 276
wagui 0.0014 1299 182 1497 384
wagui 0.0014 -302 -683 855 533
wagui 0.0013 537 -54 927 220
wagui 0.0012 -56 216 484 523
wagui 0.0012 959 229 1489 624
wagui 0.0011 1403 461 1564 683
wagui 0.0010 928 -15 1234 180
wagui 0.0010 1261 684 1476 923
