Kongrou 0.0259 3 175 207 509
Kongrou 0.0069 308 226 747 576
Kongrou 0.0024 197 -628 962 356
Kongrou 0.0021 101 -183 1065 392
Kongrou 0.0018 686 380 832 652
Kongrou 0.0016 535 12 678 171
Kongrou 0.0013 408 -272 780 433
Kongrou 0.0013 343 -116 845 287
Kongrou 0.0011 34 206 214 402
Kongrou 0.0010 621 11 1012 368
Rouzaofun 0.0401 3 175 207 509
Rouzaofun 0.0104 308 226 747 576
Rouzaofun 0.0028 197 -628 962 356
Rouzaofun 0.0023 343 -116 845 287
Rouzaofun 0.0022 686 380 832 652
Rouzaofun 0.0021 89 -360 1205 556
Rouzaofun 0.0019 535 12 678 171
Rouzaofun 0.0016 408 -272 780 433
Rouzaofun 0.0015 621 11 1012 368
Rouzaofun 0.0015 198 -180 1093 385
Rouzaofun 0.0013 34 206 214 402
Rouzaofun 0.0013 34 -13 559 199
Rouzaofun 0.0011 763 393 947 638
Rouzaofun 0.0011 -34 125 321 485
Rouzaofun 0.0010 496 -17 713 203
Rouzaofun 0.0010 579 387 937 685
Rice_with_Shredded_Chicken 0.0212 3 175 207 509
Rice_with_Shredded_Chicken 0.0058 308 226 747 576
Rice_with_Shredded_Chicken 0.0027 197 -628 962 356
Rice_with_Shredded_Chicken 0.0021 686 380 832 652
Rice_with_Shredded_Chicken 0.0021 101 -183 1065 392
Rice_with_Shredded_Chicken 0.0017 535 12 678 171
Rice_with_Shredded_Chicken 0.0014 408 -272 780 433
Rice_with_Shredded_Chicken 0.0013 343 -116 845 287
Rice_with_Shredded_Chicken 0.0011 546 744 627 867
migao 0.0382 3 175 207 509
migao 0.0067 308 226 747 576
migao 0.0026 101 -183 1065 392
migao 0.0024 197 -628 962 356
migao 0.0023 686 380 832 652
migao 0.0022 535 12 678 171
migao 0.0018 343 -116 845 287
migao 0.0017 408 -272 780 433
migao 0.0013 276 -308 914 86
migao 0.0012 276 514 837 882
migao 0.0011 621 11 1012 368
migao 0.0010 34 206 214 402
migao 0.0010 310 222 808 1185
migao 0.0010 546 744 627 867
migao 0.0010 763 393 947 638
wagui 0.0322 3 175 207 509
wagui 0.0066 308 226 747 576
wagui 0.0033 535 12 678 171
wagui 0.0032 197 -628 962 356
wagui 0.0021 101 -183 1065 392
wagui 0.0018 343 -116 845 287
wagui 0.0016 686 380 832 652
wagui 0.0016 546 744 627 867
wagui 0.0013 621 11 1012 368
wagui 0.0013 34 206 214 402
wagui 0.0013 583 734 703 877
wagui 0.0012 588 698 736 835
wagui 0.0012 496 -17 713 203
wagui 0.0012 408 -272 780 433
wagui 0.0011 534 692 676 843
