Kongrou 0.0564 216 151 825 553
Kongrou 0.0375 0 201 171 598
Kongrou 0.0070 -29 146 239 655
Kongrou 0.0043 326 -284 859 59
Kongrou 0.0036 410 -508 780 293
Kongrou 0.0021 220 -387 962 172
Kongrou 0.0020 32 280 177 521
Kongrou 0.0019 108 30 410 153
Kongrou 0.0013 815 549 893 635
Kongrou 0.0013 213 379 949 1055
Kongrou 0.0012 383 59 888 637
Kongrou 0.0011 109 -591 1044 308
Rouzaofun 0.0527 0 201 171 598
Rouzaofun 0.0378 232 162 883 544
Rouzaofun 0.0119 -29 146 239 655
Rouzaofun 0.0037 326 -284 859 59
Rouzaofun 0.0026 81 8 436 177
Rouzaofun 0.0026 410 -508 780 293
Rouzaofun 0.0023 32 280 177 521
Rouzaofun 0.0019 815 549 893 635
Rouzaofun 0.0019 220 -387 962 172
Rouzaofun 0.0012 109 -591 1044 308
Rouzaofun 0.0011 215 306 943 1131
Rice_with_Shredded_Chicken 0.0271 0 201 171 598
Rice_with_Shredded_Chicken 0.0183 232 162 883 544
Rice_with_Shredded_Chicken 0.0052 -29 146 239 655
Rice_with_Shredded_Chicken 0.0028 410 -508 780 293
Rice_with_Shredded_Chicken 0.0028 326 -284 859 59
Rice_with_Shredded_Chicken 0.0022 220 -387 962 172
Rice_with_Shredded_Chicken 0.0017 815 549 893 635
Rice_with_Shredded_Chicken 0.0015 32 280 177 521
Rice_with_Shredded_Chicken 0.0013 109 -591 1044 308
Rice_with_Shredded_Chicken 0.0012 108 30 410 153
Rice_with_Shredded_Chicken 0.0011 227 308 930 1131
migao 0.0516 232 162 883 544
migao 0.0461 0 201 171 598
migao 0.0087 -29 146 239 655
migao 0.0056 326 -284 859 59
migao 0.0031 410 -508 780 293
migao 0.0023 220 -387 962 172
migao 0.0019 32 280 177 521
migao 0.0016 815 549 893 635
migao 0.0016 108 30 410 153
migao 0.0013 227 308 930 1131
migao 0.0012 109 -591 1044 308
wagui 0.1803 232 162 883 544
wagui 0.0396 0 201 171 598
wagui 0.0098 -29 146 239 655
wagui 0.0031 410 -508 780 293
wagui 0.0030 326 -284 859 59
wagui 0.0028 815 549 893 635
wagui 0.0023 108 30 410 153
wagui 0.0017 32 280 177 521
wagui 0.0016 109 -591 1044 308
wagui 0.0012 361 649 501 768
wagui 0.0012 -162 178 349 609
wagui 0.0011 215 306 943 1131
wagui 0.0011 220 -387 962 172
wagui 0.0011 486 -22 1009 271
wagui 0.0010 -29 28 528 294
