Kongrou 0.0057 217 197 843 599
Kongrou 0.0051 368 -295 837 70
Kongrou 0.0042 414 -769 805 560
Kongrou 0.0028 -25 35 1047 657
Kongrou 0.0020 466 79 1063 561
Kongrou 0.0020 322 -623 1003 363
Kongrou 0.0019 181 -370 718 69
Kongrou 0.0015 -307 -206 384 411
Kongrou 0.0013 -119 -184 236 436
Kongrou 0.0011 580 754 693 887
Kongrou 0.0011 176 -267 835 780
Kongrou 0.0010 478 -435 809 218
Kongrou 0.0010 268 -336 1022 122
Rouzaofun 0.0035 368 -295 837 70
Rouzaofun 0.0031 414 -769 805 560
Rouzaofun 0.0025 217 197 843 599
Rouzaofun 0.0020 10 -78 1003 749
Rouzaofun 0.0018 316 -490 884 269
Rouzaofun 0.0015 -410 -114 525 365
Rouzaofun 0.0014 -119 -184 236 436
Rouzaofun 0.0014 181 -370 718 69
Rouzaofun 0.0013 580 754 693 887
Rouzaofun 0.0011 -258 -342 343 553
Rouzaofun 0.0011 373 50 923 657
Rice_with_Shredded_Chicken 0.0040 217 197 843 599
Rice_with_Shredded_Chicken 0.0034 -25 35 1047 657
Rice_with_Shredded_Chicken 0.0034 414 -769 805 560
Rice_with_Shredded_Chicken 0.0024 316 -490 884 269
Rice_with_Shredded_Chicken 0.0022 368 -295 837 70
Rice_with_Shredded_Chicken 0.0015 580 754 693 887
Rice_with_Shredded_Chicken 0.0014 -410 -114 525 365
Rice_with_Shredded_Chicken 0.0013 -119 -184 236 436
Rice_with_Shredded_Chicken 0.0012 89 -401 805 108
migao 0.0062 368 -295 837 70
migao 0.0049 217 197 843 599
migao 0.0038 414 -769 805 560
migao 0.0037 -25 35 1047 657
migao 0.0022 316 -490 884 269
migao 0.0019 181 -370 718 69
migao 0.0016 -410 -114 525 365
migao 0.0015 580 754 693 887
migao 0.0012 -119 -184 236 436
migao 0.0010 176 -267 835 780
migao 0.0010 466 79 1063 561
wagui 0.0289 -25 35 1047 657
wagui 0.0277 217 197 843 599
wagui 0.0040 414 -769 805 560
wagui 0.0038 368 -295 837 70
wagui 0.0033 466 79 1063 561
wagui 0.0027 181 -370 718 69
wagui 0.0022 573 758 663 883
wagui 0.0021 184 -533 1154 272
wagui 0.0017 -410 -114 525 365
wagui 0.0012 176 -267 835 780
wagui 0.0011 236 -630 739 335
wagui 0.0011 -119 -184 236 436
wagui 0.0011 597 751 715 890
wagui 0.0010 -108 24 623 382
wagui 0.0010 8 4 128 186
