Kongrou 0.0012 283 55 488 193
Rouzaofun 0.0069 487 1 658 97
Rouzaofun 0.0050 231 423 514 614
Rouzaofun 0.0046 247 -4 427 45
Rouzaofun 0.0036 492 309 744 524
Rouzaofun 0.0027 544 109 740 261
Rouzaofun 0.0014 -2 331 58 420
Rouzaofun 0.0010 139 227 376 430
Rice_with_Shredded_Chicken 0.0087 -2 331 58 420
Rice_with_Shredded_Chicken 0.0078 77 30 170 107
Rice_with_Shredded_Chicken 0.0032 -9 26 172 210
Rice_with_Shredded_Chicken 0.0017 513 304 794 533
Rice_with_Shredded_Chicken 0.0017 247 -4 427 45
Rice_with_Shredded_Chicken 0.0015 -28 515 860 1207
Rice_with_Shredded_Chicken 0.0011 56 23 158 82
Rice_with_Shredded_Chicken 0.0010 112 228 367 432
Rice_with_Shredded_Chicken 0.0010 227 433 518 623
migao 0.0071 -2 331 58 420
migao 0.0020 76 25 171 83
migao 0.0019 574 111 772 259
migao 0.0017 490 304 780 532
migao 0.0014 112 228 367 432
migao 0.0013 198 410 515 621
migao 0.0010 283 55 488 193
wagui 0.9903 216 433 492 619
wagui 0.9685 509 307 765 525
wagui 0.9314 568 112 759 258
wagui 0.9258 112 228 367 432
wagui 0.7651 498 4 672 96
wagui 0.5394 283 64 489 203
wagui 0.1798 796 255 1080 443
wagui 0.1674 -2 331 58 420
wagui 0.0474 247 -4 427 45
wagui 0.0338 -1 350 34 433
wagui 0.0226 708 -6 882 45
wagui 0.0202 77 30 170 107
wagui 0.0041 92 -45 1112 653
wagui 0.0028 -2 371 26 556
wagui 0.0014 11 74 188 202
wagui 0.0012 798 84 1114 478
wagui 0.0012 0 325 59 506
wagui 0.0012 -3 95 29 234
wagui 0.0011 1171 193 1204 550
wagui 0.0011 0 194 111 321
wagui 0.0010 56 23 158 82
