Kongrou 0.0278 305 189 772 600
Kongrou 0.0107 147 162 1139 964
Kongrou 0.0064 550 -462 1344 104
Kongrou 0.0050 631 -983 1275 648
Kongrou 0.0025 169 105 904 560
Kongrou 0.0023 231 -770 1880 364
Kongrou 0.0023 1302 506 1620 958
Kongrou 0.0016 -329 -490 381 385
Kongrou 0.0016 -630 -377 702 270
Kongrou 0.0012 1336 598 1586 870
Kongrou 0.0012 1168 462 1753 1006
Rouzaofun 0.0422 305 189 772 600
Rouzaofun 0.0126 53 265 1114 981
Rouzaofun 0.0051 550 -462 1344 104
Rouzaofun 0.0041 169 105 904 560
Rouzaofun 0.0038 631 -983 1275 648
Rouzaofun 0.0038 1302 506 1620 958
Rouzaofun 0.0029 231 -770 1880 364
Rouzaofun 0.0020 1168 462 1753 1006
Rouzaofun 0.0017 1336 598 1586 870
Rouzaofun 0.0016 -630 -377 702 270
Rouzaofun 0.0015 -2 351 709 932
Rouzaofun 0.0013 -329 -490 381 385
Rouzaofun 0.0013 1278 330 1580 827
Rouzaofun 0.0012 49 -19 1296 1336
Rouzaofun 0.0010 1349 449 1573 773
Rice_with_Shredded_Chicken 0.0178 284 196 731 593
Rice_with_Shredded_Chicken 0.0125 53 265 1114 981
Rice_with_Shredded_Chicken 0.0042 631 -983 1275 648
Rice_with_Shredded_Chicken 0.0038 204 172 930 681
Rice_with_Shredded_Chicken 0.0032 550 -462 1344 104
Rice_with_Shredded_Chicken 0.0029 451 -662 1434 313
Rice_with_Shredded_Chicken 0.0023 205 -1007 1632 582
Rice_with_Shredded_Chicken 0.0021 1310 346 1610 873
Rice_with_Shredded_Chicken 0.0016 -630 -377 702 270
Rice_with_Shredded_Chicken 0.0015 -329 -490 381 385
Rice_with_Shredded_Chicken 0.0013 1168 462 1753 1006
Rice_with_Shredded_Chicken 0.0012 1336 598 1586 870
migao 0.0306 284 196 731 593
migao 0.0134 61 163 1106 960
migao 0.0080 550 -462 1344 104
migao 0.0046 204 172 930 681
migao 0.0045 631 -983 1275 648
migao 0.0029 1302 506 1620 958
migao 0.0028 451 -662 1434 313
migao 0.0022 205 -1007 1632 582
migao 0.0018 -630 -377 702 270
migao 0.0016 1168 462 1753 1006
migao 0.0013 1336 598 1586 870
migao 0.0011 -329 -490 381 385
migao 0.0011 49 -19 1296 1336
wagui 0.0250 284 196 731 593
wagui 0.0223 53 265 1114 981
wagui 0.0047 631 -983 1275 648
wagui 0.0046 550 -462 1344 104
wagui 0.0045 204 172 930 681
wagui 0.0036 1310 346 1610 873
wagui 0.0033 231 -770 1880 364
wagui 0.0023 1336 598 1586 870
wagui 0.0019 1168 462 1753 1006
wagui 0.0015 -434 -412 503 304
wagui 0.0012 1349 449 1573 773
wagui 0.0011 874 1186 1004 1392
wagui 0.0010 1266 531 1593 995
wagui 0.0010 259 -584 1152 109
wagui 0.0010 -2 351 709 932
