Kongrou 0.0015 203 97 275 155
Kongrou 0.0013 60 30 202 163
Rouzaofun 0.0030 204 103 275 168
Rouzaofun 0.0027 140 157 224 180
Rouzaofun 0.0019 153 2 230 80
Rouzaofun 0.0015 5 38 63 129
Rouzaofun 0.0012 13 1 129 38
Rice_with_Shredded_Chicken 0.0024 4 51 63 147
Rice_with_Shredded_Chicken 0.0014 199 104 271 176
Rice_with_Shredded_Chicken 0.0012 13 1 129 38
migao 0.0054 4 51 63 147
migao 0.0039 0 3 17 46
migao 0.0018 13 1 129 38
migao 0.0015 198 98 271 155
migao 0.0010 153 6 231 86
wagui 0.9890 198 101 271 161
wagui 0.9353 60 40 202 154
wagui 0.6654 153 6 231 86
wagui 0.6605 4 51 63 147
wagui 0.4609 13 1 129 38
wagui 0.3493 140 157 224 180
wagui 0.0987 0 3 17 46
wagui 0.0614 139 0 215 61
wagui 0.0162 37 151 94 182
wagui 0.0081 0 0 8 50
wagui 0.0075 121 152 243 184
wagui 0.0059 59 93 177 157
wagui 0.0049 114 48 196 139
wagui 0.0035 163 161 242 182
wagui 0.0017 49 40 167 116
wagui 0.0016 0 5 24 65
wagui 0.0015 55 46 129 152
wagui 0.0011 269 119 274 174
wagui 0.0010 18 32 70 125
