Kongrou 0.0057 99 -154 263 87
Kongrou 0.0047 85 46 263 125
Kongrou 0.0037 60 48 225 165
Kongrou 0.0024 57 17 312 134
Kongrou 0.0023 99 -78 225 16
Kongrou 0.0019 0 91 26 149
Kongrou 0.0017 137 18 378 175
Kongrou 0.0016 -7 78 32 173
Kongrou 0.0014 49 67 176 152
Kongrou 0.0013 212 16 306 177
Kongrou 0.0011 106 0 242 149
Rouzaofun 0.0068 52 48 212 166
Rouzaofun 0.0048 31 -149 329 77
Rouzaofun 0.0040 0 91 26 149
Rouzaofun 0.0031 -7 78 32 173
Rouzaofun 0.0020 44 69 172 150
Rouzaofun 0.0017 174 -23 353 163
Rouzaofun 0.0017 99 -78 225 16
Rouzaofun 0.0016 74 32 274 118
Rouzaofun 0.0014 106 0 242 149
Rouzaofun 0.0014 212 16 306 177
Rouzaofun 0.0014 108 -198 220 142
Rouzaofun 0.0011 254 131 280 172
Rouzaofun 0.0011 134 27 382 188
Rouzaofun 0.0010 -11 -155 201 88
Rouzaofun 0.0010 117 -23 152 11
Rice_with_Shredded_Chicken 0.0053 79 -167 277 96
Rice_with_Shredded_Chicken 0.0052 52 48 212 166
Rice_with_Shredded_Chicken 0.0034 0 91 26 149
Rice_with_Shredded_Chicken 0.0021 -7 78 32 173
Rice_with_Shredded_Chicken 0.0019 85 46 263 125
Rice_with_Shredded_Chicken 0.0016 40 22 308 129
Rice_with_Shredded_Chicken 0.0016 137 18 378 175
Rice_with_Shredded_Chicken 0.0015 108 -198 220 142
Rice_with_Shredded_Chicken 0.0014 212 16 306 177
Rice_with_Shredded_Chicken 0.0011 44 69 172 150
Rice_with_Shredded_Chicken 0.0011 254 131 280 172
Rice_with_Shredded_Chicken 0.0011 99 -78 225 16
Rice_with_Shredded_Chicken 0.0010 -11 -155 201 88
Rice_with_Shredded_Chicken 0.0010 106 0 242 149
migao 0.0075 52 48 212 166
migao 0.0045 79 -167 277 96
migao 0.0044 0 91 26 149
migao 0.0029 99 -78 225 16
migao 0.0027 -6 78 32 183
migao 0.0025 85 46 263 125
migao 0.0018 57 17 312 134
migao 0.0017 108 -198 220 142
migao 0.0015 137 18 378 175
migao 0.0013 212 16 306 177
migao 0.0011 44 69 172 150
migao 0.0011 117 -23 152 11
migao 0.0011 106 0 242 149
migao 0.0010 254 131 280 172
wagui 0.0259 52 48 212 166
wagui 0.0087 0 91 26 149
wagui 0.0072 65 45 262 126
wagui 0.0058 31 -149 329 77
wagui 0.0031 -7 78 32 173
wagui 0.0025 158 26 360 167
wagui 0.0022 254 131 280 172
wagui 0.0018 108 -198 220 142
wagui 0.0017 99 -78 225 16
wagui 0.0016 4 101 32 160
wagui 0.0016 78 11 313 140
wagui 0.0015 43 76 173 153
wagui 0.0014 3 84 33 135
wagui 0.0013 212 16 306 177
wagui 0.0012 117 -23 152 11
wagui 0.0012 83 0 123 29
wagui 0.0011 47 -101 195 18
wagui 0.0011 194 173 233 205
wagui 0.0011 7 7 72 33
wagui 0.0010 -11 -155 201 88
wagui 0.0010 126 -3 244 153
wagui 0.0010 87 129 129 154
