Kongrou 0.0952 146 69 219 133
Kongrou 0.0363 12 72 79 112
Kongrou 0.0303 88 31 141 74
Kongrou 0.0303 51 103 128 168
Kongrou 0.0184 165 23 220 52
Kongrou 0.0129 62 109 118 152
Kongrou 0.0085 36 31 85 65
Kongrou 0.0083 151 74 205 118
Kongrou 0.0065 56 22 104 44
Kongrou 0.0037 155 13 229 63
Kongrou 0.0032 0 69 101 124
Kongrou 0.0030 27 22 94 74
Kongrou 0.0029 86 -129 248 98
Kongrou 0.0020 172 72 222 121
Kongrou 0.0020 81 109 330 320
Kongrou 0.0018 87 -66 234 40
Kongrou 0.0018 121 -103 200 78
Kongrou 0.0017 50 26 100 60
Kongrou 0.0015 41 75 80 108
Kongrou 0.0014 8 78 54 115
Kongrou 0.0010 106 28 151 78
Kongrou 0.0010 143 74 242 158
Rouzaofun 0.1945 150 70 225 133
Rouzaofun 0.0702 11 66 80 117
Rouzaofun 0.0582 51 103 128 168
Rouzaofun 0.0544 93 29 145 76
Rouzaofun 0.0463 165 23 220 52
Rouzaofun 0.0185 62 109 118 152
Rouzaofun 0.0139 56 22 104 44
Rouzaofun 0.0089 155 13 229 63
Rouzaofun 0.0087 36 31 85 65
Rouzaofun 0.0057 157 69 209 114
Rouzaofun 0.0040 27 22 94 74
Rouzaofun 0.0032 41 75 80 108
Rouzaofun 0.0031 41 -148 292 111
Rouzaofun 0.0027 64 36 164 79
Rouzaofun 0.0024 50 26 100 60
Rouzaofun 0.0022 106 111 382 317
Rouzaofun 0.0018 87 -66 234 40
Rouzaofun 0.0017 8 78 54 115
Rouzaofun 0.0014 39 12 111 65
Rouzaofun 0.0012 133 66 202 127
Rouzaofun 0.0012 121 -103 200 78
Rice_with_Shredded_Chicken 0.0808 146 69 219 133
Rice_with_Shredded_Chicken 0.0455 12 72 79 112
Rice_with_Shredded_Chicken 0.0446 88 31 141 74
Rice_with_Shredded_Chicken 0.0428 165 23 220 52
Rice_with_Shredded_Chicken 0.0259 51 103 128 168
Rice_with_Shredded_Chicken 0.0139 56 22 104 44
Rice_with_Shredded_Chicken 0.0131 62 109 118 152
Rice_with_Shredded_Chicken 0.0069 36 31 85 65
Rice_with_Shredded_Chicken 0.0063 151 74 205 118
Rice_with_Shredded_Chicken 0.0049 155 13 229 63
Rice_with_Shredded_Chicken 0.0035 0 69 101 124
Rice_with_Shredded_Chicken 0.0027 41 -148 292 111
Rice_with_Shredded_Chicken 0.0023 27 22 94 74
Rice_with_Shredded_Chicken 0.0023 41 75 80 108
Rice_with_Shredded_Chicken 0.0017 50 26 100 60
Rice_with_Shredded_Chicken 0.0015 172 72 222 121
Rice_with_Shredded_Chicken 0.0015 85 -82 235 58
Rice_with_Shredded_Chicken 0.0015 121 -103 200 78
Rice_with_Shredded_Chicken 0.0015 81 109 330 320
Rice_with_Shredded_Chicken 0.0013 8 78 54 115
Rice_with_Shredded_Chicken 0.0012 121 198 147 230
Rice_with_Shredded_Chicken 0.0012 64 36 164 79
Rice_with_Shredded_Chicken 0.0010 106 28 151 78
migao 0.1650 150 70 225 133
migao 0.0724 88 31 141 74
migao 0.0527 12 72 79 112
migao 0.0451 51 103 128 168
migao 0.0412 165 23 220 52
migao 0.0187 56 22 104 44
migao 0.0152 62 109 118 152
migao 0.0107 36 31 85 65
migao 0.0056 155 13 229 63
migao 0.0045 157 69 209 114
migao 0.0043 0 69 101 124
migao 0.0030 27 22 94 74
migao 0.0029 71 -129 259 91
migao 0.0028 41 75 80 108
migao 0.0025 87 -66 234 40
migao 0.0024 50 26 100 60
migao 0.0023 81 109 330 320
migao 0.0019 8 78 54 115
migao 0.0016 64 36 164 79
migao 0.0015 106 28 151 78
migao 0.0015 121 -103 200 78
migao 0.0012 121 198 147 230
migao 0.0010 39 12 111 65
migao 0.0010 23 37 59 68
wagui 0.1271 165 23 220 52
wagui 0.1209 150 70 225 133
wagui 0.1045 88 31 141 74
wagui 0.0736 12 72 79 112
wagui 0.0575 56 22 104 44
wagui 0.0428 51 103 128 168
wagui 0.0195 62 109 118 152
wagui 0.0166 36 31 85 65
wagui 0.0087 155 13 229 63
wagui 0.0069 41 75 80 108
wagui 0.0065 157 69 209 114
wagui 0.0046 50 26 100 60
wagui 0.0041 0 69 101 124
wagui 0.0035 41 -148 292 111
wagui 0.0032 8 78 54 115
wagui 0.0025 106 28 151 78
wagui 0.0022 27 22 94 74
wagui 0.0020 121 198 147 230
wagui 0.0019 23 37 59 68
wagui 0.0018 167 32 218 63
wagui 0.0017 157 20 199 46
wagui 0.0016 64 36 164 79
wagui 0.0016 87 -66 234 40
wagui 0.0014 121 -103 200 78
wagui 0.0011 86 27 132 59
wagui 0.0011 165 93 219 139
wagui 0.0010 106 111 382 317
wagui 0.0010 55 120 106 160
wagui 0.0010 65 100 115 132
