Kongrou 0.0262 14 88 123 185
Kongrou 0.0048 -1 185 61 257
Kongrou 0.0031 -27 79 170 209
Kongrou 0.0028 24 113 104 199
Kongrou 0.0023 7 101 101 162
Kongrou 0.0022 -66 168 150 279
Kongrou 0.0018 43 107 105 155
Kongrou 0.0015 -6 145 91 302
Kongrou 0.0012 12 26 141 194
Kongrou 0.0010 -7 188 107 265
Kongrou 0.0010 -41 25 113 237
Rouzaofun 0.0397 14 88 123 185
Rouzaofun 0.0055 -1 185 61 257
Rouzaofun 0.0044 7 117 121 216
Rouzaofun 0.0030 -36 42 147 218
Rouzaofun 0.0028 7 101 101 162
Rouzaofun 0.0022 -66 168 150 279
Rouzaofun 0.0017 43 107 105 155
Rouzaofun 0.0016 -6 145 91 302
Rouzaofun 0.0014 -7 188 107 265
Rouzaofun 0.0012 44 114 114 199
Rice_with_Shredded_Chicken 0.0235 14 88 123 185
Rice_with_Shredded_Chicken 0.0034 -1 185 61 257
Rice_with_Shredded_Chicken 0.0026 7 117 121 216
Rice_with_Shredded_Chicken 0.0020 -66 168 150 279
Rice_with_Shredded_Chicken 0.0019 -27 79 170 209
Rice_with_Shredded_Chicken 0.0016 -6 145 91 302
Rice_with_Shredded_Chicken 0.0014 7 101 101 162
Rice_with_Shredded_Chicken 0.0012 -14 8 206 247
Rice_with_Shredded_Chicken 0.0011 43 107 105 155
migao 0.0319 14 88 123 185
migao 0.0048 -1 185 61 257
migao 0.0030 7 117 121 216
migao 0.0027 -66 168 150 279
migao 0.0025 -27 79 170 209
migao 0.0020 7 101 101 162
migao 0.0014 -6 145 91 302
migao 0.0013 43 107 105 155
migao 0.0012 12 26 141 194
migao 0.0010 -7 188 107 265
wagui 0.0326 14 88 123 185
wagui 0.0058 -15 27 164 229
wagui 0.0050 -1 185 61 257
wagui 0.0034 7 117 121 216
wagui 0.0033 -66 168 150 279
wagui 0.0021 7 101 101 162
wagui 0.0014 -6 145 91 302
wagui 0.0012 -7 188 107 265
wagui 0.0012 43 107 105 155
wagui 0.0011 59 55 129 88
