Kongrou 0.0032 86 15 263 136
Kongrou 0.0031 94 -79 231 17
Kongrou 0.0026 111 -165 217 107
Kongrou 0.0016 33 -159 327 89
Kongrou 0.0013 42 103 320 290
Kongrou 0.0013 75 -114 248 54
Kongrou 0.0010 -88 -111 278 41
Rouzaofun 0.0124 71 13 235 138
Rouzaofun 0.0024 94 -79 231 17
Rouzaofun 0.0020 85 -159 276 91
Rouzaofun 0.0015 46 -21 225 200
Rouzaofun 0.0014 -23 -137 213 70
Rouzaofun 0.0012 42 103 320 290
Rice_with_Shredded_Chicken 0.0113 36 7 277 174
Rice_with_Shredded_Chicken 0.0021 111 -165 217 107
Rice_with_Shredded_Chicken 0.0016 33 -159 327 89
Rice_with_Shredded_Chicken 0.0016 94 -79 231 17
Rice_with_Shredded_Chicken 0.0016 75 -114 248 54
Rice_with_Shredded_Chicken 0.0015 -23 -137 213 70
Rice_with_Shredded_Chicken 0.0012 87 -8 221 157
Rice_with_Shredded_Chicken 0.0011 42 103 320 290
migao 0.0048 71 13 235 138
migao 0.0039 94 -79 231 17
migao 0.0024 111 -165 217 107
migao 0.0015 75 -114 248 54
migao 0.0014 33 -159 327 89
migao 0.0011 -15 -114 203 45
migao 0.0010 42 103 320 290
wagui 0.0285 36 7 277 174
wagui 0.0030 77 6 251 123
wagui 0.0024 111 -165 217 107
wagui 0.0023 94 -79 231 17
wagui 0.0021 33 -159 327 89
wagui 0.0015 -15 -114 203 45
wagui 0.0010 31 9 169 162
wagui 0.0010 42 103 320 290
wagui 0.0010 108 42 234 135
