Kongrou 0.0032 161 90 235 151
Kongrou 0.0028 239 90 312 151
Kongrou 0.0011 221 0 270 40
Rouzaofun 0.0033 161 90 235 151
Rouzaofun 0.0032 239 90 312 151
migao 0.0016 160 95 235 156
migao 0.0014 239 90 312 151
migao 0.0012 215 1 267 40
wagui 0.9921 237 95 303 154
wagui 0.9921 157 95 229 155
wagui 0.8899 216 2 268 45
wagui 0.1065 5 96 71 154
wagui 0.0738 198 39 259 92
wagui 0.0410 79 98 143 152
wagui 0.0322 50 45 111 98
wagui 0.0261 157 3 208 44
wagui 0.0039 97 4 146 44
wagui 0.0024 123 42 179 91
wagui 0.0024 9 -1 301 162
wagui 0.0019 29 2 84 47
