Kongrou 0.0028 120 97 205 157
Kongrou 0.0027 116 55 175 87
Rouzaofun 0.0094 120 97 205 157
Rouzaofun 0.0076 107 58 168 91
Rice_with_Shredded_Chicken 0.0021 180 11 203 23
Rice_with_Shredded_Chicken 0.0011 120 97 205 157
Rice_with_Shredded_Chicken 0.0011 81 1 120 22
migao 0.0012 115 95 212 159
wagui 0.9981 114 58 171 90
wagui 0.9953 109 98 196 156
wagui 0.0396 180 11 203 23
wagui 0.0236 81 1 120 22
wagui 0.0127 52 17 103 53
wagui 0.0049 122 10 147 24
wagui 0.0040 99 49 183 100
wagui 0.0027 111 16 159 54
wagui 0.0019 170 16 214 52
wagui 0.0014 177 42 233 94
wagui 0.0013 80 9 121 35
wagui 0.0013 128 1 165 23
