Kongrou 0.0075 82 43 245 140
Kongrou 0.0035 61 10 278 183
Kongrou 0.0029 237 15 266 43
Kongrou 0.0016 202 -57 306 121
Kongrou 0.0013 176 -23 331 87
Kongrou 0.0011 -103 -27 120 179
Kongrou 0.0011 218 -5 284 65
Rouzaofun 0.0473 82 43 245 140
Rouzaofun 0.0055 72 -13 265 201
Rouzaofun 0.0035 237 15 266 43
Rouzaofun 0.0022 146 -36 361 101
Rouzaofun 0.0021 202 -57 306 121
Rouzaofun 0.0015 -103 -27 120 179
Rouzaofun 0.0014 202 -17 299 77
Rouzaofun 0.0010 107 35 226 113
Rouzaofun 0.0010 102 -55 246 60
Rouzaofun 0.0010 -71 8 96 144
Rouzaofun 0.0010 139 57 253 152
Rouzaofun 0.0010 134 202 159 235
Rice_with_Shredded_Chicken 0.0119 61 10 278 183
Rice_with_Shredded_Chicken 0.0094 82 43 245 140
Rice_with_Shredded_Chicken 0.0033 237 15 266 43
Rice_with_Shredded_Chicken 0.0018 202 -57 306 121
Rice_with_Shredded_Chicken 0.0018 146 -36 361 101
Rice_with_Shredded_Chicken 0.0014 202 -17 299 77
Rice_with_Shredded_Chicken 0.0011 134 202 159 235
Rice_with_Shredded_Chicken 0.0011 -103 -27 120 179
Rice_with_Shredded_Chicken 0.0011 -71 8 96 144
migao 0.0223 82 43 245 140
migao 0.0066 61 10 278 183
migao 0.0033 237 15 266 43
migao 0.0019 202 -57 306 121
migao 0.0019 176 -23 331 87
migao 0.0011 134 202 159 235
migao 0.0011 -71 8 96 144
migao 0.0011 218 -5 284 65
migao 0.0010 50 149 198 232
migao 0.0010 -103 -27 120 179
wagui 0.0601 82 43 245 140
wagui 0.0282 61 10 278 183
wagui 0.0069 237 15 266 43
wagui 0.0026 176 -23 331 87
wagui 0.0019 202 -57 306 121
wagui 0.0016 103 0 160 19
wagui 0.0016 218 -5 284 65
wagui 0.0015 134 202 159 235
wagui 0.0012 102 -55 246 60
wagui 0.0012 -103 -27 120 179
wagui 0.0010 110 207 133 240
