Kongrou 0.0052 37 37 203 153
Kongrou 0.0010 101 49 211 137
Rouzaofun 0.0053 45 44 215 146
Rouzaofun 0.0019 42 -1 207 197
Rouzaofun 0.0013 119 56 193 129
Rouzaofun 0.0011 233 94 254 130
Rouzaofun 0.0011 58 -36 221 52
Rouzaofun 0.0010 82 -2 105 24
Rice_with_Shredded_Chicken 0.0054 23 21 226 180
Rice_with_Shredded_Chicken 0.0012 233 88 253 126
migao 0.0045 45 44 215 146
migao 0.0019 42 -1 207 197
migao 0.0014 233 94 254 130
migao 0.0013 -111 133 173 298
wagui 0.0271 45 44 215 146
wagui 0.0133 26 -7 223 173
wagui 0.0037 233 94 254 130
wagui 0.0017 231 141 256 170
wagui 0.0015 42 -7 68 9
wagui 0.0013 41 22 161 187
wagui 0.0011 82 -2 105 24
wagui 0.0010 233 79 254 116
wagui 0.0010 -111 133 173 298
