Rouzaofun 0.0030 50 109 120 158
Rouzaofun 0.0023 175 120 236 164
Rouzaofun 0.0021 204 49 251 79
Rouzaofun 0.0019 14 1 284 164
Rouzaofun 0.0017 69 21 109 41
Rouzaofun 0.0015 117 85 168 122
Rouzaofun 0.0010 115 56 157 81
Rice_with_Shredded_Chicken 0.0017 56 107 123 158
Rice_with_Shredded_Chicken 0.0016 177 120 241 164
migao 0.0017 56 107 123 158
migao 0.0016 69 21 109 41
migao 0.0015 283 131 300 170
migao 0.0014 204 49 251 79
migao 0.0010 177 120 241 164
wagui 0.9228 176 118 242 161
wagui 0.8658 56 107 123 158
wagui 0.7251 69 23 109 42
wagui 0.6602 122 86 173 122
wagui 0.5624 115 56 157 81
wagui 0.5536 66 45 110 68
wagui 0.5140 107 13 141 29
wagui 0.4792 204 49 251 79
wagui 0.2744 115 32 152 51
wagui 0.2424 144 17 181 37
wagui 0.2214 180 75 229 108
wagui 0.1782 159 43 202 68
wagui 0.1037 50 71 103 104
wagui 0.0179 14 1 284 164
wagui 0.0030 80 8 185 125
wagui 0.0029 283 131 300 170
wagui 0.0022 283 84 298 146
wagui 0.0015 223 43 256 61
wagui 0.0013 21 31 127 148
wagui 0.0010 272 92 299 162
