Kongrou 0.0157 55 8 233 148
Kongrou 0.0043 106 -107 249 7
Kongrou 0.0030 88 153 242 255
Kongrou 0.0023 117 -195 241 100
Kongrou 0.0021 76 100 270 298
Kongrou 0.0016 36 -196 358 88
Kongrou 0.0015 72 -134 281 38
Kongrou 0.0015 103 35 231 378
Kongrou 0.0011 51 -128 213 7
Kongrou 0.0010 21 -100 223 70
Kongrou 0.0010 117 109 457 242
Rouzaofun 0.0160 71 20 240 158
Rouzaofun 0.0026 106 -107 249 7
Rouzaofun 0.0025 88 153 242 255
Rouzaofun 0.0019 105 -167 287 60
Rouzaofun 0.0019 36 -196 358 88
Rouzaofun 0.0014 76 100 270 298
Rouzaofun 0.0013 103 35 231 378
Rouzaofun 0.0012 5 -109 200 94
Rouzaofun 0.0012 50 23 185 127
Rouzaofun 0.0011 -2 -72 245 44
Rouzaofun 0.0011 117 109 457 242
Rice_with_Shredded_Chicken 0.0235 68 6 243 150
Rice_with_Shredded_Chicken 0.0020 106 -107 249 7
Rice_with_Shredded_Chicken 0.0019 84 -200 304 92
Rice_with_Shredded_Chicken 0.0018 57 81 288 317
Rice_with_Shredded_Chicken 0.0013 103 35 231 378
Rice_with_Shredded_Chicken 0.0011 177 74 390 278
Rice_with_Shredded_Chicken 0.0011 88 153 242 255
Rice_with_Shredded_Chicken 0.0010 -2 -72 245 44
migao 0.0191 68 6 243 150
migao 0.0045 106 -107 249 7
migao 0.0043 88 153 242 255
migao 0.0019 117 -195 241 100
migao 0.0018 57 81 288 317
migao 0.0017 72 -134 281 38
migao 0.0015 36 -196 358 88
migao 0.0014 103 35 231 378
migao 0.0012 -2 -72 245 44
migao 0.0011 -61 -106 274 85
migao 0.0010 177 74 390 278
wagui 0.1422 68 6 243 150
wagui 0.0024 106 -107 249 7
wagui 0.0023 36 -196 358 88
wagui 0.0021 88 153 242 255
wagui 0.0020 117 -195 241 100
wagui 0.0017 57 81 288 317
wagui 0.0015 51 -128 213 7
wagui 0.0014 -61 -106 274 85
wagui 0.0014 103 35 231 378
wagui 0.0013 10 -69 41 -10
wagui 0.0012 126 213 155 248
wagui 0.0011 57 22 190 128
wagui 0.0011 -2 -72 245 44
wagui 0.0011 177 74 390 278
