Kongrou 0.0047 183 -3 249 52
Kongrou 0.0034 3 104 51 193
Kongrou 0.0026 100 13 183 66
Kongrou 0.0026 68 55 201 188
Kongrou 0.0017 59 3 134 56
Kongrou 0.0015 165 -1 277 61
Kongrou 0.0015 84 90 159 168
Kongrou 0.0014 -15 99 69 199
Kongrou 0.0013 142 196 181 231
Kongrou 0.0013 21 11 239 181
Kongrou 0.0013 136 201 166 236
Rouzaofun 0.0071 183 -3 249 52
Rouzaofun 0.0058 21 11 239 181
Rouzaofun 0.0049 3 104 51 193
Rouzaofun 0.0036 100 13 183 66
Rouzaofun 0.0033 70 59 219 184
Rouzaofun 0.0027 165 -1 277 61
Rouzaofun 0.0026 69 84 174 173
Rouzaofun 0.0025 59 3 134 56
Rouzaofun 0.0024 -15 99 69 199
Rouzaofun 0.0015 142 196 181 231
Rouzaofun 0.0014 136 201 166 236
Rice_with_Shredded_Chicken 0.0113 21 11 239 181
Rice_with_Shredded_Chicken 0.0040 183 -3 249 52
Rice_with_Shredded_Chicken 0.0025 70 59 219 184
Rice_with_Shredded_Chicken 0.0023 3 104 51 193
Rice_with_Shredded_Chicken 0.0018 165 -1 277 61
Rice_with_Shredded_Chicken 0.0018 100 13 183 66
Rice_with_Shredded_Chicken 0.0016 142 196 181 231
Rice_with_Shredded_Chicken 0.0015 136 201 166 236
Rice_with_Shredded_Chicken 0.0015 69 84 174 173
Rice_with_Shredded_Chicken 0.0013 59 3 134 56
Rice_with_Shredded_Chicken 0.0012 -15 99 69 199
migao 0.0064 183 -3 249 52
migao 0.0043 3 104 51 193
migao 0.0039 21 11 239 181
migao 0.0030 70 59 219 184
migao 0.0024 100 13 183 66
migao 0.0020 59 3 134 56
migao 0.0018 165 -1 277 61
migao 0.0017 69 84 174 173
migao 0.0017 142 196 181 231
migao 0.0016 -15 99 69 199
migao 0.0015 136 201 166 236
wagui 0.0154 70 59 219 184
wagui 0.0131 21 11 239 181
wagui 0.0064 183 -3 249 52
wagui 0.0042 3 104 51 193
wagui 0.0028 100 13 183 66
wagui 0.0022 69 84 174 173
wagui 0.0021 165 -1 277 61
wagui 0.0021 -15 99 69 199
wagui 0.0021 142 196 181 231
wagui 0.0020 59 3 134 56
wagui 0.0019 136 201 166 236
wagui 0.0013 97 181 156 207
wagui 0.0010 211 5 252 44
