Kongrou 0.0219 7 12 251 180
Kongrou 0.0024 -10 177 15 200
Kongrou 0.0017 134 203 159 234
Kongrou 0.0016 34 2 214 121
Kongrou 0.0013 -88 68 144 363
Kongrou 0.0010 77 141 211 283
Rouzaofun 0.3745 7 12 251 180
Rouzaofun 0.0067 34 2 214 121
Rouzaofun 0.0038 -10 177 15 200
Rouzaofun 0.0019 134 203 159 234
Rouzaofun 0.0018 44 0 164 184
Rouzaofun 0.0014 43 46 216 228
Rouzaofun 0.0013 -88 68 144 363
Rouzaofun 0.0011 44 146 204 235
Rouzaofun 0.0010 105 177 157 200
Rice_with_Shredded_Chicken 0.0646 7 12 251 180
Rice_with_Shredded_Chicken 0.0030 -10 177 15 200
Rice_with_Shredded_Chicken 0.0023 134 203 159 234
Rice_with_Shredded_Chicken 0.0015 34 2 214 121
Rice_with_Shredded_Chicken 0.0011 -115 121 174 309
Rice_with_Shredded_Chicken 0.0010 77 141 211 283
migao 0.2007 7 12 251 180
migao 0.0034 -10 177 15 200
migao 0.0022 134 203 159 234
migao 0.0018 34 2 214 121
migao 0.0014 -115 121 174 309
migao 0.0011 44 0 164 184
migao 0.0010 105 177 157 200
migao 0.0010 44 146 204 235
migao 0.0010 43 46 216 228
migao 0.0010 83 157 226 265
wagui 0.0453 7 12 251 180
wagui 0.0059 -10 177 15 200
wagui 0.0030 134 203 159 234
wagui 0.0018 105 177 157 200
wagui 0.0014 -8 171 23 197
wagui 0.0013 97 182 146 206
wagui 0.0011 -88 68 144 363
wagui 0.0010 44 146 204 235
