Kongrou 0.0096 65 41 241 152
Kongrou 0.0026 103 -78 220 17
Kongrou 0.0018 112 -229 216 173
Kongrou 0.0015 64 101 254 293
Kongrou 0.0014 53 -107 272 28
Rouzaofun 0.0253 76 44 251 148
Rouzaofun 0.0017 103 -78 220 17
Rouzaofun 0.0014 112 -229 216 173
Rouzaofun 0.0012 52 94 265 299
Rouzaofun 0.0011 78 140 248 262
Rouzaofun 0.0011 62 -168 200 88
Rouzaofun 0.0011 130 12 261 177
Rouzaofun 0.0010 -61 -162 123 93
Rice_with_Shredded_Chicken 0.0177 76 44 251 148
Rice_with_Shredded_Chicken 0.0017 61 101 256 293
Rice_with_Shredded_Chicken 0.0014 112 -229 216 173
Rice_with_Shredded_Chicken 0.0014 82 -108 245 26
Rice_with_Shredded_Chicken 0.0011 -61 -162 123 93
migao 0.0215 76 44 251 148
migao 0.0031 103 -78 220 17
migao 0.0017 61 101 256 293
migao 0.0016 112 -229 216 173
migao 0.0013 46 -101 196 20
migao 0.0012 62 -168 200 88
wagui 0.1357 76 44 251 148
wagui 0.0020 56 -101 208 18
wagui 0.0017 169 5 348 124
wagui 0.0016 112 -229 216 173
wagui 0.0012 61 101 256 293
wagui 0.0011 -61 -162 123 93
wagui 0.0010 62 -168 200 88
