Kongrou 0.0476 87 35 163 98
Kongrou 0.0346 163 71 238 128
Kongrou 0.0329 68 114 134 189
Kongrou 0.0189 30 44 87 99
Kongrou 0.0188 169 80 214 119
Kongrou 0.0055 79 130 132 173
Kongrou 0.0049 143 21 192 55
Kongrou 0.0031 96 38 153 76
Kongrou 0.0031 106 46 163 88
Kongrou 0.0026 179 72 232 108
Kongrou 0.0023 -3 -10 251 216
Kongrou 0.0022 46 25 201 180
Kongrou 0.0020 87 46 144 87
Kongrou 0.0020 184 86 236 123
Kongrou 0.0016 12 40 114 93
Kongrou 0.0013 70 120 123 164
Kongrou 0.0012 54 103 157 172
Rouzaofun 0.0911 79 32 161 91
Rouzaofun 0.0685 163 71 238 128
Rouzaofun 0.0581 68 114 134 189
Rouzaofun 0.0364 30 44 87 99
Rouzaofun 0.0280 169 80 214 119
Rouzaofun 0.0126 -3 -10 251 216
Rouzaofun 0.0100 143 21 192 55
Rouzaofun 0.0063 79 130 132 173
Rouzaofun 0.0046 179 72 232 108
Rouzaofun 0.0045 46 25 201 180
Rouzaofun 0.0040 93 37 148 77
Rouzaofun 0.0035 12 40 114 93
Rouzaofun 0.0034 106 46 163 88
Rouzaofun 0.0030 184 86 236 123
Rouzaofun 0.0025 52 102 150 173
Rouzaofun 0.0023 75 104 165 200
Rouzaofun 0.0016 70 120 123 164
Rouzaofun 0.0016 149 16 204 70
Rouzaofun 0.0011 80 40 188 112
Rouzaofun 0.0010 93 124 138 161
Rice_with_Shredded_Chicken 0.0398 79 32 161 91
Rice_with_Shredded_Chicken 0.0292 163 71 238 128
Rice_with_Shredded_Chicken 0.0271 68 114 134 189
Rice_with_Shredded_Chicken 0.0205 -3 -10 251 216
Rice_with_Shredded_Chicken 0.0188 169 80 214 119
Rice_with_Shredded_Chicken 0.0174 30 44 87 99
Rice_with_Shredded_Chicken 0.0069 143 21 192 55
Rice_with_Shredded_Chicken 0.0044 79 130 132 173
Rice_with_Shredded_Chicken 0.0036 46 25 201 180
Rice_with_Shredded_Chicken 0.0029 179 72 232 108
Rice_with_Shredded_Chicken 0.0027 93 37 148 77
Rice_with_Shredded_Chicken 0.0023 106 46 163 88
Rice_with_Shredded_Chicken 0.0019 184 86 236 123
Rice_with_Shredded_Chicken 0.0017 12 40 114 93
Rice_with_Shredded_Chicken 0.0012 54 103 157 172
Rice_with_Shredded_Chicken 0.0011 70 120 123 164
migao 0.0694 79 32 161 91
migao 0.0510 163 71 238 128
migao 0.0458 68 114 134 189
migao 0.0275 30 44 87 99
migao 0.0242 169 80 214 119
migao 0.0083 143 21 192 55
migao 0.0076 -3 -10 251 216
migao 0.0054 79 130 132 173
migao 0.0040 46 25 201 180
migao 0.0033 179 72 232 108
migao 0.0031 93 37 148 77
migao 0.0027 106 46 163 88
migao 0.0024 184 86 236 123
migao 0.0020 12 40 114 93
migao 0.0016 52 102 150 173
migao 0.0015 75 104 165 200
migao 0.0013 70 120 123 164
wagui 0.0606 79 32 161 91
wagui 0.0482 163 71 238 128
wagui 0.0419 169 80 214 119
wagui 0.0395 68 114 134 189
wagui 0.0243 30 44 87 99
wagui 0.0198 143 21 192 55
wagui 0.0148 -3 -10 251 216
wagui 0.0073 179 72 232 108
wagui 0.0059 79 130 132 173
wagui 0.0042 93 37 148 77
wagui 0.0037 46 25 201 180
wagui 0.0036 184 86 236 123
wagui 0.0030 106 46 163 88
wagui 0.0021 167 23 196 63
wagui 0.0020 12 40 114 93
wagui 0.0018 52 102 150 173
wagui 0.0018 70 120 123 164
wagui 0.0017 176 68 225 94
wagui 0.0015 87 120 135 155
wagui 0.0015 75 104 165 200
wagui 0.0011 149 16 204 70
wagui 0.0010 137 17 188 41
