Kongrou 0.0101 201 46 835 505
Kongrou 0.0032 578 36 1304 436
Kongrou 0.0027 331 58 648 320
Kongrou 0.0025 331 563 849 908
Kongrou 0.0022 765 -88 1115 566
Kongrou 0.0016 341 288 851 1198
Kongrou 0.0012 167 -379 993 439
Kongrou 0.0010 14 0 195 415
Rouzaofun 0.0063 672 52 1207 428
Rouzaofun 0.0040 259 88 851 540
Rouzaofun 0.0035 328 40 652 299
Rouzaofun 0.0032 765 -88 1115 566
Rouzaofun 0.0021 331 563 849 908
Rouzaofun 0.0021 78 -2 921 667
Rouzaofun 0.0014 14 0 195 415
Rouzaofun 0.0014 442 -231 1317 736
Rouzaofun 0.0014 341 288 851 1198
Rouzaofun 0.0012 196 0 361 69
Rouzaofun 0.0012 658 478 974 668
Rouzaofun 0.0011 848 5 1015 409
Rouzaofun 0.0010 167 -379 993 439
Rice_with_Shredded_Chicken 0.0058 78 -2 921 667
Rice_with_Shredded_Chicken 0.0039 578 36 1304 436
Rice_with_Shredded_Chicken 0.0035 256 54 855 498
Rice_with_Shredded_Chicken 0.0028 765 -88 1115 566
Rice_with_Shredded_Chicken 0.0015 331 58 648 320
Rice_with_Shredded_Chicken 0.0015 331 563 849 908
Rice_with_Shredded_Chicken 0.0014 341 288 851 1198
Rice_with_Shredded_Chicken 0.0012 450 -199 1329 728
Rice_with_Shredded_Chicken 0.0012 167 -379 993 439
Rice_with_Shredded_Chicken 0.0011 196 0 361 69
migao 0.0054 201 46 835 505
migao 0.0045 672 52 1207 428
migao 0.0037 331 563 849 908
migao 0.0029 765 -88 1115 566
migao 0.0024 331 58 648 320
migao 0.0018 450 -199 1329 728
migao 0.0014 341 288 851 1198
migao 0.0012 196 0 361 69
migao 0.0011 167 -379 993 439
migao 0.0011 14 0 195 415
wagui 0.0083 672 52 1207 428
wagui 0.0055 196 0 361 69
wagui 0.0042 201 46 835 505
wagui 0.0028 765 -88 1115 566
wagui 0.0020 274 37 704 341
wagui 0.0018 930 57 1010 166
wagui 0.0017 331 563 849 908
wagui 0.0015 17 542 118 645
wagui 0.0015 450 -199 1329 728
wagui 0.0014 341 288 851 1198
wagui 0.0013 908 55 995 205
wagui 0.0013 12 58 160 203
wagui 0.0012 167 -379 993 439
wagui 0.0012 658 478 974 668
wagui 0.0012 14 0 195 415
wagui 0.0010 391 654 510 763
wagui 0.0010 848 5 1015 409
