Kongrou 0.0020 208 375 416 576
Kongrou 0.0014 393 203 566 354
Kongrou 0.0011 166 210 334 352
Kongrou 0.0010 446 356 676 544
Rouzaofun 0.0055 208 375 416 576
Rouzaofun 0.0042 384 194 577 363
Rouzaofun 0.0039 166 210 334 352
Rouzaofun 0.0016 434 362 661 566
Rice_with_Shredded_Chicken 0.0027 369 207 567 397
Rice_with_Shredded_Chicken 0.0025 141 217 334 387
Rice_with_Shredded_Chicken 0.0025 190 390 406 586
migao 0.9979 453 376 669 575
migao 0.9941 362 201 546 374
migao 0.9856 178 377 391 573
migao 0.9848 141 210 334 371
wagui 0.0026 190 390 406 586
wagui 0.0023 369 207 567 397
wagui 0.0012 154 201 347 360
