Kongrou 0.0283 183 303 537 722
Kongrou 0.0081 557 137 846 477
Kongrou 0.0066 187 62 537 492
Kongrou 0.0033 473 197 930 417
Kongrou 0.0026 42 334 685 680
Kongrou 0.0018 426 653 670 988
Kongrou 0.0012 -54 -170 742 309
Kongrou 0.0012 507 758 704 895
Kongrou 0.0011 317 362 585 714
Kongrou 0.0010 217 416 646 659
Kongrou 0.0010 616 218 825 396
Kongrou 0.0010 264 620 851 1010
Rouzaofun 0.1553 183 303 537 722
Rouzaofun 0.0147 43 365 685 728
Rouzaofun 0.0131 133 62 517 491
Rouzaofun 0.0110 557 137 846 477
Rouzaofun 0.0055 475 198 965 415
Rouzaofun 0.0030 -54 -170 742 309
Rouzaofun 0.0023 317 362 585 714
Rouzaofun 0.0020 168 142 465 395
Rouzaofun 0.0019 217 416 646 659
Rouzaofun 0.0018 426 653 670 988
Rouzaofun 0.0016 462 121 1037 518
Rouzaofun 0.0015 235 -186 1068 323
Rouzaofun 0.0015 507 758 704 895
Rouzaofun 0.0012 616 218 825 396
Rouzaofun 0.0012 216 201 418 336
Rouzaofun 0.0010 264 620 851 1010
Rouzaofun 0.0010 501 786 632 905
Rouzaofun 0.0010 415 -278 891 399
Rice_with_Shredded_Chicken 0.0160 594 74 904 556
Rice_with_Shredded_Chicken 0.0123 133 62 517 491
Rice_with_Shredded_Chicken 0.0119 187 304 537 786
Rice_with_Shredded_Chicken 0.0047 42 334 685 680
Rice_with_Shredded_Chicken 0.0044 475 198 965 415
Rice_with_Shredded_Chicken 0.0030 462 121 1037 518
Rice_with_Shredded_Chicken 0.0023 545 134 819 480
Rice_with_Shredded_Chicken 0.0019 288 363 576 712
Rice_with_Shredded_Chicken 0.0016 235 -186 1068 323
Rice_with_Shredded_Chicken 0.0016 426 653 670 988
Rice_with_Shredded_Chicken 0.0013 507 758 704 895
Rice_with_Shredded_Chicken 0.0013 -54 -170 742 309
Rice_with_Shredded_Chicken 0.0011 501 786 632 905
Rice_with_Shredded_Chicken 0.0010 415 -278 891 399
Rice_with_Shredded_Chicken 0.0010 264 620 851 1010
migao 0.1813 187 304 537 786
migao 0.0368 133 62 517 491
migao 0.0185 43 365 685 728
migao 0.0108 594 74 904 556
migao 0.0059 473 197 930 417
migao 0.0035 462 121 1037 518
migao 0.0031 545 134 819 480
migao 0.0026 426 653 670 988
migao 0.0025 288 363 576 712
migao 0.0021 -54 -170 742 309
migao 0.0014 507 758 704 895
migao 0.0013 235 -186 1068 323
migao 0.0012 168 142 465 395
migao 0.0011 264 620 851 1010
migao 0.0011 216 201 418 336
migao 0.0010 501 786 632 905
wagui 0.1192 594 74 904 556
wagui 0.0825 133 62 517 491
wagui 0.0406 183 303 537 722
wagui 0.0136 462 121 1037 518
wagui 0.0096 42 334 685 680
wagui 0.0062 475 198 965 415
wagui 0.0048 -54 -170 742 309
wagui 0.0044 545 134 819 480
wagui 0.0023 235 -186 1068 323
wagui 0.0017 216 201 418 336
wagui 0.0016 265 18 485 135
wagui 0.0014 510 787 662 904
wagui 0.0013 3 -58 348 380
wagui 0.0013 616 218 825 396
wagui 0.0013 168 142 465 395
wagui 0.0012 526 758 724 895
wagui 0.0012 415 -278 891 399
wagui 0.0011 217 416 646 659
wagui 0.0011 426 653 670 988
wagui 0.0010 317 362 585 714
