Kongrou 0.0316 43 33 256 199
Kongrou 0.0030 66 56 162 168
Kongrou 0.0013 139 187 184 230
Kongrou 0.0010 5 -24 84 109
Kongrou 0.0010 118 171 195 246
Rouzaofun 0.4651 41 33 258 199
Rouzaofun 0.0074 4 -13 85 117
Rouzaofun 0.0074 117 59 271 183
Rouzaofun 0.0029 158 36 249 166
Rouzaofun 0.0028 -29 -3 137 108
Rouzaofun 0.0025 66 56 162 168
Rouzaofun 0.0020 49 -48 250 80
Rouzaofun 0.0016 134 187 179 231
Rouzaofun 0.0016 144 -34 243 39
Rouzaofun 0.0013 118 171 195 246
Rouzaofun 0.0011 92 -14 197 40
Rouzaofun 0.0010 102 81 227 202
Rice_with_Shredded_Chicken 0.0862 41 33 258 199
Rice_with_Shredded_Chicken 0.0038 -27 -4 116 109
Rice_with_Shredded_Chicken 0.0020 117 59 271 183
Rice_with_Shredded_Chicken 0.0019 76 -46 262 78
Rice_with_Shredded_Chicken 0.0015 130 195 173 232
Rice_with_Shredded_Chicken 0.0010 118 171 195 246
Rice_with_Shredded_Chicken 0.0010 59 61 150 164
Rice_with_Shredded_Chicken 0.0010 12 162 136 240
migao 0.1800 41 33 258 199
migao 0.0034 -27 -4 116 109
migao 0.0025 117 59 271 183
migao 0.0016 139 187 184 230
migao 0.0012 66 56 162 168
migao 0.0011 158 158 336 276
wagui 0.0271 43 33 256 199
wagui 0.0017 139 187 184 230
wagui 0.0010 -27 -4 116 109
wagui 0.0010 174 112 320 316
wagui 0.0010 118 171 195 246
wagui 0.0010 0 99 148 302
