Kongrou 0.0063 33 100 225 337
Kongrou 0.0048 -25 122 283 291
Kongrou 0.0024 267 439 431 515
Kongrou 0.0020 279 318 436 618
Kongrou 0.0018 178 64 632 387
Kongrou 0.0017 174 395 390 510
Kongrou 0.0017 159 -294 571 121
Kongrou 0.0014 105 368 608 572
Kongrou 0.0013 199 -209 732 338
Rouzaofun 0.0115 33 100 225 337
Rouzaofun 0.0099 224 16 627 408
Rouzaofun 0.0082 -25 122 283 291
Rouzaofun 0.0016 267 439 431 515
Rouzaofun 0.0016 279 318 436 618
Rouzaofun 0.0015 159 -294 571 121
Rouzaofun 0.0013 203 -21 405 129
Rouzaofun 0.0013 105 368 608 572
Rouzaofun 0.0012 199 -209 732 338
Rouzaofun 0.0012 27 -64 603 491
Rouzaofun 0.0011 207 -2 419 72
Rouzaofun 0.0010 261 400 491 548
Rouzaofun 0.0010 56 160 202 277
Rouzaofun 0.0010 -46 170 255 341
Rice_with_Shredded_Chicken 0.0887 224 16 627 408
Rice_with_Shredded_Chicken 0.0070 -22 131 280 306
Rice_with_Shredded_Chicken 0.0065 14 47 204 401
Rice_with_Shredded_Chicken 0.0036 203 -21 405 129
Rice_with_Shredded_Chicken 0.0020 138 -243 599 71
Rice_with_Shredded_Chicken 0.0015 28 -332 720 153
Rice_with_Shredded_Chicken 0.0014 279 318 436 618
Rice_with_Shredded_Chicken 0.0013 267 439 431 515
Rice_with_Shredded_Chicken 0.0012 105 368 608 572
Rice_with_Shredded_Chicken 0.0012 47 73 235 291
Rice_with_Shredded_Chicken 0.0010 261 400 491 548
migao 0.0140 224 16 627 408
migao 0.0103 -22 131 280 306
migao 0.0034 16 74 216 290
migao 0.0025 267 439 431 515
migao 0.0021 138 -243 599 71
migao 0.0020 279 318 436 618
migao 0.0014 105 368 608 572
migao 0.0013 203 -21 405 129
migao 0.0012 28 -332 720 153
migao 0.0011 261 400 491 548
migao 0.0010 199 -209 732 338
wagui 0.0440 224 16 627 408
wagui 0.0319 19 15 197 390
wagui 0.0130 203 -21 405 129
wagui 0.0102 -65 89 285 363
wagui 0.0056 -41 119 274 269
wagui 0.0029 41 103 240 334
wagui 0.0027 28 3 157 41
wagui 0.0017 28 -332 720 153
wagui 0.0016 207 -2 419 72
wagui 0.0016 138 -243 599 71
wagui 0.0013 279 318 436 618
wagui 0.0013 267 439 431 515
wagui 0.0011 105 368 608 572
wagui 0.0010 260 347 367 435
