Kongrou 0.1002 132 -41 878 586
Kongrou 0.0062 166 -75 662 425
Kongrou 0.0047 435 -431 713 59
Kongrou 0.0046 424 -239 699 -109
Kongrou 0.0044 707 71 890 446
Kongrou 0.0032 188 -335 958 -31
Kongrou 0.0029 429 -304 777 -53
Kongrou 0.0017 255 -559 917 144
Kongrou 0.0016 606 21 933 487
Kongrou 0.0013 481 -310 642 34
Kongrou 0.0013 374 -339 510 59
Kongrou 0.0011 424 632 695 755
Kongrou 0.0011 180 -308 481 23
Kongrou 0.0010 437 437 709 922
Rouzaofun 0.0070 132 -41 878 586
Rouzaofun 0.0036 435 -431 713 59
Rouzaofun 0.0029 424 -239 699 -109
Rouzaofun 0.0027 707 71 890 446
Rouzaofun 0.0026 429 -304 777 -53
Rouzaofun 0.0024 188 -335 958 -31
Rouzaofun 0.0014 374 -339 510 59
Rouzaofun 0.0013 255 -559 917 144
Rouzaofun 0.0013 481 -310 642 34
Rouzaofun 0.0010 635 142 963 416
Rouzaofun 0.0010 223 553 505 756
Rice_with_Shredded_Chicken 0.0568 132 -41 878 586
Rice_with_Shredded_Chicken 0.0037 435 -431 713 59
Rice_with_Shredded_Chicken 0.0029 429 -304 777 -53
Rice_with_Shredded_Chicken 0.0026 424 -239 699 -109
Rice_with_Shredded_Chicken 0.0025 188 -335 958 -31
Rice_with_Shredded_Chicken 0.0021 707 71 890 446
Rice_with_Shredded_Chicken 0.0017 255 -559 917 144
Rice_with_Shredded_Chicken 0.0015 481 -310 642 34
Rice_with_Shredded_Chicken 0.0010 679 198 1276 1117
Rice_with_Shredded_Chicken 0.0010 401 572 804 805
migao 0.0505 132 -41 878 586
migao 0.0044 707 71 890 446
migao 0.0042 424 -239 699 -109
migao 0.0041 435 -431 713 59
migao 0.0031 429 -304 777 -53
migao 0.0028 188 -335 958 -31
migao 0.0023 481 -310 642 34
migao 0.0022 374 -339 510 59
migao 0.0016 201 -503 980 91
migao 0.0015 424 632 695 755
migao 0.0012 635 142 963 416
migao 0.0011 166 -75 662 425
migao 0.0011 401 572 804 805
migao 0.0010 437 437 709 922
migao 0.0010 206 544 482 765
wagui 0.0103 132 -41 878 586
wagui 0.0034 707 71 890 446
wagui 0.0030 424 -239 699 -109
wagui 0.0030 435 -431 713 59
wagui 0.0026 188 -335 958 -31
wagui 0.0016 80 -613 1117 187
wagui 0.0015 429 -304 777 -53
wagui 0.0015 374 -339 510 59
wagui 0.0015 180 -308 481 23
wagui 0.0014 481 -310 642 34
wagui 0.0012 635 142 963 416
wagui 0.0011 303 -313 604 -118
