Kongrou 0.0567 92 26 192 188
Kongrou 0.0427 214 -11 277 82
Kongrou 0.0152 57 49 227 164
Kongrou 0.0094 63 -18 157 64
Kongrou 0.0066 199 11 292 70
Kongrou 0.0045 -3 32 50 134
Kongrou 0.0023 -18 41 76 115
Kongrou 0.0022 12 1 267 182
Kongrou 0.0019 227 11 274 71
Kongrou 0.0016 102 64 187 155
Kongrou 0.0015 -4 15 51 87
Kongrou 0.0012 0 45 36 120
Kongrou 0.0010 39 77 276 313
Kongrou 0.0010 10 22 68 123
Rouzaofun 0.0745 213 -6 278 88
Rouzaofun 0.0534 95 37 189 196
Rouzaofun 0.0405 63 -18 157 64
Rouzaofun 0.0276 47 49 229 174
Rouzaofun 0.0131 199 11 292 70
Rouzaofun 0.0093 -1 32 60 134
Rouzaofun 0.0036 227 11 274 71
Rouzaofun 0.0030 12 1 267 182
Rouzaofun 0.0024 26 -31 195 76
Rouzaofun 0.0019 -5 27 31 138
Rouzaofun 0.0017 89 69 180 160
Rouzaofun 0.0015 73 2 153 48
Rouzaofun 0.0015 60 82 208 148
Rouzaofun 0.0012 39 -4 187 44
Rouzaofun 0.0012 7 51 50 104
Rouzaofun 0.0012 -3 10 51 102
Rouzaofun 0.0011 209 27 271 75
Rouzaofun 0.0010 49 91 269 300
Rice_with_Shredded_Chicken 0.0437 214 -11 277 82
Rice_with_Shredded_Chicken 0.0286 47 49 229 174
Rice_with_Shredded_Chicken 0.0102 199 11 292 70
Rice_with_Shredded_Chicken 0.0085 95 37 189 196
Rice_with_Shredded_Chicken 0.0058 66 -8 161 49
Rice_with_Shredded_Chicken 0.0057 -1 32 60 134
Rice_with_Shredded_Chicken 0.0018 12 1 267 182
Rice_with_Shredded_Chicken 0.0013 -4 20 31 135
Rice_with_Shredded_Chicken 0.0013 26 -31 195 76
Rice_with_Shredded_Chicken 0.0012 227 11 274 71
Rice_with_Shredded_Chicken 0.0012 49 91 269 300
Rice_with_Shredded_Chicken 0.0012 79 81 210 148
migao 0.1035 213 -6 278 88
migao 0.0923 92 26 192 188
migao 0.0648 57 49 227 164
migao 0.0550 63 -18 157 64
migao 0.0157 199 11 292 70
migao 0.0076 -3 32 50 134
migao 0.0042 -18 41 76 115
migao 0.0033 26 -31 195 76
migao 0.0021 227 11 274 71
migao 0.0020 12 1 267 182
migao 0.0018 10 22 68 123
migao 0.0015 102 64 187 155
migao 0.0014 -4 15 51 87
migao 0.0013 60 82 208 148
migao 0.0011 67 3 149 47
migao 0.0011 39 -4 187 44
migao 0.0010 0 45 36 120
migao 0.0010 39 77 276 313
wagui 0.0587 213 -6 278 88
wagui 0.0247 63 -18 157 64
wagui 0.0116 199 11 292 70
wagui 0.0087 -3 32 50 134
wagui 0.0083 57 49 227 164
wagui 0.0066 95 37 189 196
wagui 0.0043 -18 41 76 115
wagui 0.0025 10 22 68 123
wagui 0.0024 26 -31 195 76
wagui 0.0018 -4 15 51 87
wagui 0.0015 227 11 274 71
wagui 0.0014 0 45 36 120
wagui 0.0013 7 51 50 104
wagui 0.0011 79 81 210 148
wagui 0.0011 49 91 269 300
wagui 0.0010 145 201 177 240
