Kongrou 0.0364 -2 286 112 561
Kongrou 0.0242 444 46 626 259
Kongrou 0.0193 422 292 598 506
Kongrou 0.0124 0 115 183 290
Kongrou 0.0123 177 -15 376 174
Kongrou 0.0111 235 160 416 392
Kongrou 0.0065 380 328 665 471
Kongrou 0.0065 400 84 669 222
Kongrou 0.0056 188 199 464 353
Kongrou 0.0050 -49 342 134 505
Kongrou 0.0041 6 346 103 501
Kongrou 0.0032 130 18 423 140
Kongrou 0.0024 438 344 582 454
Kongrou 0.0022 448 100 596 206
Kongrou 0.0020 280 502 495 642
Kongrou 0.0017 201 29 352 130
Kongrou 0.0016 121 354 309 543
Kongrou 0.0013 363 591 632 651
Kongrou 0.0013 379 560 617 681
Kongrou 0.0011 248 225 378 328
Kongrou 0.0010 452 317 593 409
Kongrou 0.0010 478 77 616 181
Rouzaofun 0.1183 -2 286 112 561
Rouzaofun 0.0864 444 46 626 259
Rouzaofun 0.0663 422 292 598 506
Rouzaofun 0.0308 177 -15 376 174
Rouzaofun 0.0195 235 160 416 392
Rouzaofun 0.0194 400 84 669 222
Rouzaofun 0.0192 373 329 647 470
Rouzaofun 0.0121 0 115 183 290
Rouzaofun 0.0114 -12 352 147 520
Rouzaofun 0.0105 188 199 464 353
Rouzaofun 0.0083 130 18 423 140
Rouzaofun 0.0063 139 293 327 615
Rouzaofun 0.0059 280 502 495 642
Rouzaofun 0.0051 438 344 582 454
Rouzaofun 0.0050 459 95 610 212
Rouzaofun 0.0050 3 341 105 482
Rouzaofun 0.0035 201 29 352 130
Rouzaofun 0.0028 121 346 309 527
Rouzaofun 0.0022 2 397 108 525
Rouzaofun 0.0020 17 60 202 404
Rouzaofun 0.0020 443 128 577 228
Rouzaofun 0.0020 363 591 632 651
Rouzaofun 0.0018 366 28 691 291
Rouzaofun 0.0018 332 279 679 532
Rouzaofun 0.0018 -12 147 147 357
Rouzaofun 0.0017 377 265 669 435
Rouzaofun 0.0016 -42 147 251 307
Rouzaofun 0.0015 379 560 617 681
Rouzaofun 0.0015 252 222 399 331
Rouzaofun 0.0014 72 115 210 339
Rouzaofun 0.0014 452 317 593 409
Rouzaofun 0.0013 -4 39 643 601
Rouzaofun 0.0010 59 332 405 577
Rouzaofun 0.0010 33 161 176 269
Rice_with_Shredded_Chicken 0.0775 -2 286 112 561
Rice_with_Shredded_Chicken 0.0471 184 -35 379 204
Rice_with_Shredded_Chicken 0.0420 444 46 626 259
Rice_with_Shredded_Chicken 0.0333 422 292 598 506
Rice_with_Shredded_Chicken 0.0245 231 109 431 448
Rice_with_Shredded_Chicken 0.0152 139 293 327 615
Rice_with_Shredded_Chicken 0.0124 380 328 665 471
Rice_with_Shredded_Chicken 0.0123 400 84 669 222
Rice_with_Shredded_Chicken 0.0085 0 115 183 290
Rice_with_Shredded_Chicken 0.0082 -12 352 147 520
Rice_with_Shredded_Chicken 0.0081 188 199 464 353
Rice_with_Shredded_Chicken 0.0060 130 18 423 140
Rice_with_Shredded_Chicken 0.0050 282 474 480 680
Rice_with_Shredded_Chicken 0.0040 17 60 202 404
Rice_with_Shredded_Chicken 0.0032 156 127 503 390
Rice_with_Shredded_Chicken 0.0030 3 341 105 482
Rice_with_Shredded_Chicken 0.0027 366 28 691 291
Rice_with_Shredded_Chicken 0.0024 438 344 582 454
Rice_with_Shredded_Chicken 0.0024 332 279 679 532
Rice_with_Shredded_Chicken 0.0022 459 95 610 212
Rice_with_Shredded_Chicken 0.0022 59 332 405 577
Rice_with_Shredded_Chicken 0.0022 -4 39 643 601
Rice_with_Shredded_Chicken 0.0018 201 29 352 130
Rice_with_Shredded_Chicken 0.0017 306 518 468 626
Rice_with_Shredded_Chicken 0.0016 363 591 632 651
Rice_with_Shredded_Chicken 0.0013 368 265 654 436
Rice_with_Shredded_Chicken 0.0013 121 346 309 527
Rice_with_Shredded_Chicken 0.0013 379 560 617 681
Rice_with_Shredded_Chicken 0.0012 -42 147 251 307
Rice_with_Shredded_Chicken 0.0010 2 397 108 525
migao 0.1016 -2 286 112 561
migao 0.0605 444 46 626 259
migao 0.0417 422 292 598 506
migao 0.0195 177 -15 376 174
migao 0.0175 400 84 669 222
migao 0.0161 373 329 647 470
migao 0.0133 235 160 416 392
migao 0.0133 0 115 183 290
migao 0.0114 -12 352 147 520
migao 0.0105 188 199 464 353
migao 0.0072 130 18 423 140
migao 0.0041 280 502 495 642
migao 0.0037 438 344 582 454
migao 0.0034 3 341 105 482
migao 0.0033 448 100 596 206
migao 0.0026 139 293 327 615
migao 0.0024 201 29 352 130
migao 0.0016 363 591 632 651
migao 0.0015 2 397 108 525
migao 0.0015 -42 147 251 307
migao 0.0014 17 60 202 404
migao 0.0012 377 265 669 435
migao 0.0012 121 346 309 527
migao 0.0011 478 77 616 181
migao 0.0011 452 317 593 409
migao 0.0010 253 209 398 319
migao 0.0010 -12 147 147 357
migao 0.0010 445 139 600 241
wagui 0.0562 -2 286 112 561
wagui 0.0277 444 46 626 259
wagui 0.0218 422 292 598 506
wagui 0.0211 282 474 480 680
wagui 0.0136 177 -15 376 174
wagui 0.0127 0 115 183 290
wagui 0.0096 380 328 665 471
wagui 0.0096 400 84 669 222
wagui 0.0090 235 160 416 392
wagui 0.0084 -15 341 150 506
wagui 0.0070 188 199 464 353
wagui 0.0048 306 518 468 626
wagui 0.0045 130 18 423 140
wagui 0.0032 363 591 632 651
wagui 0.0021 379 560 617 681
wagui 0.0017 121 354 309 543
wagui 0.0017 438 344 582 454
wagui 0.0015 448 100 596 206
wagui 0.0013 201 29 352 130
wagui 0.0013 5 375 105 521
wagui 0.0012 -42 147 251 307
wagui 0.0010 3 337 106 462
wagui 0.0010 17 60 202 404
wagui 0.0010 212 437 552 722
