Kongrou 0.0133 754 112 1272 974
Kongrou 0.0055 291 105 1483 851
Kongrou 0.0050 462 -9 1070 844
Kongrou 0.0031 709 -378 1159 -111
Kongrou 0.0027 714 -611 1196 97
Kongrou 0.0020 441 -523 1460 5
Kongrou 0.0014 661 349 1454 759
Kongrou 0.0014 656 1007 1084 1206
Kongrou 0.0014 687 702 1096 1468
Kongrou 0.0011 137 554 1716 1553
Kongrou 0.0011 463 897 944 1188
Kongrou 0.0010 559 845 1196 1236
Kongrou 0.0010 422 -832 1396 242
Rouzaofun 0.0375 257 -34 1349 918
Rouzaofun 0.0175 473 81 1063 869
Rouzaofun 0.0027 709 -378 1159 -111
Rouzaofun 0.0025 144 -7 744 135
Rouzaofun 0.0021 661 349 1454 759
Rouzaofun 0.0021 714 -611 1196 97
Rouzaofun 0.0018 441 -523 1460 5
Rouzaofun 0.0015 117 -88 794 188
Rouzaofun 0.0014 566 226 995 761
Rouzaofun 0.0010 687 702 1096 1468
Rice_with_Shredded_Chicken 0.0534 257 -34 1349 918
Rice_with_Shredded_Chicken 0.0045 754 112 1272 974
Rice_with_Shredded_Chicken 0.0042 117 -88 794 188
Rice_with_Shredded_Chicken 0.0029 473 81 1063 869
Rice_with_Shredded_Chicken 0.0026 709 -378 1159 -111
Rice_with_Shredded_Chicken 0.0022 533 198 1483 887
Rice_with_Shredded_Chicken 0.0020 714 -611 1196 97
Rice_with_Shredded_Chicken 0.0017 441 -523 1460 5
Rice_with_Shredded_Chicken 0.0014 661 349 1454 759
Rice_with_Shredded_Chicken 0.0012 70 -999 1800 385
Rice_with_Shredded_Chicken 0.0012 144 -7 744 135
Rice_with_Shredded_Chicken 0.0011 289 480 1567 1629
Rice_with_Shredded_Chicken 0.0011 422 -832 1396 242
Rice_with_Shredded_Chicken 0.0010 687 702 1096 1468
Rice_with_Shredded_Chicken 0.0010 634 920 1240 1277
migao 0.0238 257 -34 1349 918
migao 0.0075 473 81 1063 869
migao 0.0034 709 -378 1159 -111
migao 0.0032 754 112 1272 974
migao 0.0024 714 -611 1196 97
migao 0.0023 144 -7 744 135
migao 0.0021 533 198 1483 887
migao 0.0020 661 349 1454 759
migao 0.0019 441 -523 1460 5
migao 0.0015 656 1007 1084 1206
migao 0.0013 687 702 1096 1468
migao 0.0010 634 920 1240 1277
migao 0.0010 137 554 1716 1553
wagui 0.0025 144 -7 744 135
wagui 0.0017 714 -611 1196 97
wagui 0.0016 441 -523 1460 5
wagui 0.0016 257 -34 1349 918
wagui 0.0016 709 -378 1159 -111
wagui 0.0014 70 -999 1800 385
wagui 0.0013 661 349 1454 759
wagui 0.0010 656 1007 1084 1206
