Kongrou 0.1416 54 366 877 875
Kongrou 0.0238 631 114 987 515
Kongrou 0.0234 305 288 813 749
Kongrou 0.0041 61 105 1022 811
Kongrou 0.0038 443 109 1174 515
Kongrou 0.0019 888 326 1083 773
Kongrou 0.0015 298 -341 1112 412
Kongrou 0.0011 652 172 1237 915
Rouzaofun 0.0130 161 283 911 813
Rouzaofun 0.0075 98 201 529 499
Rouzaofun 0.0047 631 114 987 515
Rouzaofun 0.0021 888 326 1083 773
Rouzaofun 0.0019 443 109 1174 515
Rouzaofun 0.0016 71 428 863 966
Rouzaofun 0.0016 390 -343 1016 420
Rouzaofun 0.0010 -136 -349 721 423
Rouzaofun 0.0010 823 406 1149 694
Rice_with_Shredded_Chicken 0.0427 98 201 529 499
Rice_with_Shredded_Chicken 0.0151 54 366 877 875
Rice_with_Shredded_Chicken 0.0034 631 114 987 515
Rice_with_Shredded_Chicken 0.0022 443 109 1174 515
Rice_with_Shredded_Chicken 0.0016 -115 150 738 557
Rice_with_Shredded_Chicken 0.0014 888 326 1083 773
Rice_with_Shredded_Chicken 0.0013 390 -343 1016 420
Rice_with_Shredded_Chicken 0.0010 61 105 1022 811
migao 0.0663 115 343 954 903
migao 0.0093 631 114 987 515
migao 0.0067 305 288 813 749
migao 0.0051 98 201 529 499
migao 0.0030 443 109 1174 515
migao 0.0017 888 326 1083 773
migao 0.0012 298 -341 1112 412
migao 0.0011 823 406 1149 694
wagui 0.0484 98 201 529 499
wagui 0.0089 161 283 911 813
wagui 0.0016 888 326 1083 773
wagui 0.0015 -12 -151 941 414
wagui 0.0014 298 -341 1112 412
wagui 0.0014 -115 150 738 557
wagui 0.0012 631 114 987 515
wagui 0.0010 71 428 863 966
wagui 0.0010 605 -68 1091 193
