Kongrou 0.0267 24 30 131 167
Kongrou 0.0158 -18 57 174 158
Kongrou 0.0074 162 29 248 109
Kongrou 0.0067 141 120 244 199
Kongrou 0.0025 46 -1 146 57
Kongrou 0.0025 89 112 294 208
Kongrou 0.0021 134 40 276 98
Kongrou 0.0013 7 -11 261 196
Kongrou 0.0013 143 202 185 238
Kongrou 0.0012 172 48 239 90
Kongrou 0.0011 52 67 139 154
Kongrou 0.0011 174 -35 305 220
Rouzaofun 0.1791 156 0 250 133
Rouzaofun 0.1107 26 36 129 179
Rouzaofun 0.0645 -18 57 174 158
Rouzaofun 0.0527 53 -16 143 66
Rouzaofun 0.0467 141 120 244 199
Rouzaofun 0.0188 117 26 288 128
Rouzaofun 0.0095 171 33 260 115
Rouzaofun 0.0069 89 112 294 208
Rouzaofun 0.0054 134 40 276 98
Rouzaofun 0.0036 6 15 265 171
Rouzaofun 0.0034 19 -24 176 75
Rouzaofun 0.0021 172 48 239 90
Rouzaofun 0.0019 143 202 185 238
Rouzaofun 0.0015 52 67 139 154
Rouzaofun 0.0014 -3 32 8 74
Rouzaofun 0.0011 1 70 149 131
Rouzaofun 0.0011 174 -35 305 220
Rouzaofun 0.0010 54 6 137 49
Rice_with_Shredded_Chicken 0.2302 141 120 244 199
Rice_with_Shredded_Chicken 0.1973 53 -16 143 66
Rice_with_Shredded_Chicken 0.1938 26 36 129 179
Rice_with_Shredded_Chicken 0.1155 -18 57 174 158
Rice_with_Shredded_Chicken 0.0942 156 0 250 133
Rice_with_Shredded_Chicken 0.0133 117 26 288 128
Rice_with_Shredded_Chicken 0.0127 89 112 294 208
Rice_with_Shredded_Chicken 0.0059 19 -24 176 75
Rice_with_Shredded_Chicken 0.0041 171 33 260 115
Rice_with_Shredded_Chicken 0.0035 7 -11 261 196
Rice_with_Shredded_Chicken 0.0033 134 40 276 98
Rice_with_Shredded_Chicken 0.0027 163 -13 262 43
Rice_with_Shredded_Chicken 0.0019 -3 32 8 74
Rice_with_Shredded_Chicken 0.0018 143 202 185 238
migao 0.0980 26 36 129 179
migao 0.0661 -18 57 174 158
migao 0.0411 141 120 244 199
migao 0.0307 53 -16 143 66
migao 0.0282 156 0 250 133
migao 0.0055 171 33 260 115
migao 0.0046 117 26 288 128
migao 0.0042 89 112 294 208
migao 0.0041 134 40 276 98
migao 0.0021 7 -11 261 196
migao 0.0020 -3 32 8 74
migao 0.0017 143 202 185 238
migao 0.0017 19 -24 176 75
migao 0.0015 172 48 239 90
migao 0.0010 52 67 139 154
wagui 0.1196 53 -16 143 66
wagui 0.0936 141 120 244 199
wagui 0.0349 24 30 131 167
wagui 0.0274 -18 57 174 158
wagui 0.0106 156 0 250 133
wagui 0.0060 89 112 294 208
wagui 0.0041 19 -24 176 75
wagui 0.0037 -3 32 8 74
wagui 0.0036 171 33 260 115
wagui 0.0035 117 26 288 128
wagui 0.0023 143 202 185 238
wagui 0.0023 134 40 276 98
wagui 0.0013 7 -11 261 196
wagui 0.0011 150 196 199 233
