Kongrou 0.0264 42 88 600 491
Kongrou 0.0049 153 75 365 429
Kongrou 0.0040 378 150 544 390
Kongrou 0.0039 296 -87 502 10
Kongrou 0.0031 272 377 444 670
Kongrou 0.0031 290 -188 524 98
Kongrou 0.0025 169 403 545 639
Kongrou 0.0024 255 65 673 423
Kongrou 0.0023 330 187 592 353
Kongrou 0.0022 189 -154 621 66
Kongrou 0.0013 174 93 378 274
Kongrou 0.0011 -20 -1 32 75
Kongrou 0.0010 303 486 423 573
Rouzaofun 0.0050 378 150 544 390
Rouzaofun 0.0036 296 -87 502 10
Rouzaofun 0.0033 330 187 592 353
Rouzaofun 0.0032 27 31 612 450
Rouzaofun 0.0029 278 413 424 638
Rouzaofun 0.0025 169 403 545 639
Rouzaofun 0.0023 290 -188 524 98
Rouzaofun 0.0019 189 -154 621 66
Rouzaofun 0.0013 303 486 423 573
Rouzaofun 0.0013 94 100 470 406
Rouzaofun 0.0013 -20 -1 32 75
Rouzaofun 0.0012 174 93 378 274
Rouzaofun 0.0011 361 345 647 505
Rice_with_Shredded_Chicken 0.0106 85 50 655 439
Rice_with_Shredded_Chicken 0.0032 278 413 424 638
Rice_with_Shredded_Chicken 0.0030 361 345 647 505
Rice_with_Shredded_Chicken 0.0028 378 150 544 390
Rice_with_Shredded_Chicken 0.0026 296 -87 502 10
Rice_with_Shredded_Chicken 0.0026 169 403 545 639
Rice_with_Shredded_Chicken 0.0025 290 -188 524 98
Rice_with_Shredded_Chicken 0.0024 330 187 592 353
Rice_with_Shredded_Chicken 0.0018 189 -154 621 66
Rice_with_Shredded_Chicken 0.0016 77 98 437 408
Rice_with_Shredded_Chicken 0.0015 -20 -1 32 75
Rice_with_Shredded_Chicken 0.0012 303 486 423 573
migao 0.0123 94 68 639 509
migao 0.0046 296 -87 502 10
migao 0.0042 378 150 544 390
migao 0.0040 278 413 424 638
migao 0.0037 330 187 592 353
migao 0.0031 94 100 470 406
migao 0.0029 290 -188 524 98
migao 0.0025 169 403 545 639
migao 0.0023 189 -154 621 66
migao 0.0015 -20 -1 32 75
migao 0.0012 265 124 642 430
migao 0.0012 303 486 423 573
wagui 0.0028 378 150 544 390
wagui 0.0025 272 377 444 670
wagui 0.0024 330 187 592 353
wagui 0.0024 296 -87 502 10
wagui 0.0022 361 345 647 505
wagui 0.0022 290 -188 524 98
wagui 0.0021 -20 -1 32 75
wagui 0.0018 189 -154 621 66
wagui 0.0018 169 403 545 639
wagui 0.0015 21 -33 254 142
wagui 0.0011 303 486 423 573
wagui 0.0011 75 27 560 462
