Kongrou 0.0132 31 255 1194 1385
Kongrou 0.0024 581 -108 1249 396
Kongrou 0.0019 403 77 1462 1350
Rouzaofun 0.0765 67 436 1372 1436
Rouzaofun 0.0059 413 116 1229 1310
Rouzaofun 0.0057 581 -108 1249 396
Rouzaofun 0.0012 -16 175 1012 1254
Rouzaofun 0.0010 527 -68 1565 1502
Rouzaofun 0.0010 201 266 1692 1186
Rice_with_Shredded_Chicken 0.8121 83 157 1352 1498
Rice_with_Shredded_Chicken 0.0663 -214 522 1659 1352
Rice_with_Shredded_Chicken 0.0115 581 -108 1249 396
Rice_with_Shredded_Chicken 0.0028 79 351 919 1297
Rice_with_Shredded_Chicken 0.0024 527 -68 1565 1502
Rice_with_Shredded_Chicken 0.0023 376 -83 1506 631
migao 0.0467 60 102 1371 1345
migao 0.0031 581 -108 1249 396
migao 0.0018 -24 424 1025 1439
wagui 0.0263 207 236 1219 1401
wagui 0.0095 -183 354 1629 1310
wagui 0.0053 581 -108 1249 396
