Kongrou 0.0266 284 26 545 536
Kongrou 0.0128 186 123 644 500
Kongrou 0.0036 356 528 580 661
Kongrou 0.0026 346 390 609 785
Kongrou 0.0021 227 452 724 719
Kongrou 0.0020 267 503 499 630
Kongrou 0.0019 166 -366 754 152
Kongrou 0.0017 180 264 743 875
Kongrou 0.0016 54 11 742 523
Kongrou 0.0014 291 217 554 484
Rouzaofun 0.0103 195 86 634 476
Rouzaofun 0.0035 356 528 580 661
Rouzaofun 0.0021 227 452 724 719
Rouzaofun 0.0019 346 390 609 785
Rouzaofun 0.0018 210 229 604 441
Rouzaofun 0.0015 166 -366 754 152
Rouzaofun 0.0014 43 84 755 569
Rouzaofun 0.0013 594 2 804 84
Rouzaofun 0.0013 285 228 611 883
Rouzaofun 0.0010 103 -30 418 161
Rice_with_Shredded_Chicken 0.0062 195 86 634 476
Rice_with_Shredded_Chicken 0.0057 103 -30 418 161
Rice_with_Shredded_Chicken 0.0034 356 528 580 661
Rice_with_Shredded_Chicken 0.0018 85 -314 716 96
Rice_with_Shredded_Chicken 0.0018 227 452 724 719
Rice_with_Shredded_Chicken 0.0017 346 390 609 785
Rice_with_Shredded_Chicken 0.0016 285 228 611 883
Rice_with_Shredded_Chicken 0.0013 532 -42 791 231
Rice_with_Shredded_Chicken 0.0013 210 229 604 441
Rice_with_Shredded_Chicken 0.0012 -72 -449 882 228
migao 0.0422 195 86 634 476
migao 0.0044 356 528 580 661
migao 0.0025 346 390 609 785
migao 0.0023 227 452 724 719
migao 0.0019 43 84 755 569
migao 0.0018 210 229 604 441
migao 0.0018 180 264 743 875
migao 0.0016 85 -314 716 96
migao 0.0012 594 2 804 84
wagui 0.0069 103 -30 418 161
wagui 0.0057 195 86 634 476
wagui 0.0022 594 2 804 84
wagui 0.0021 346 390 609 785
wagui 0.0018 356 528 580 661
wagui 0.0016 166 -366 754 152
wagui 0.0016 532 -42 791 231
wagui 0.0015 227 452 724 719
wagui 0.0015 285 228 611 883
wagui 0.0014 267 503 499 630
wagui 0.0013 210 229 604 441
wagui 0.0012 43 84 755 569
wagui 0.0012 -72 -449 882 228
