Kongrou 0.0902 8 -16 100 62
Kongrou 0.0272 72 11 195 172
Kongrou 0.0261 -1 47 46 150
Kongrou 0.0175 206 24 256 144
Kongrou 0.0103 34 35 233 147
Kongrou 0.0084 191 46 271 123
Kongrou 0.0070 -35 -24 144 70
Kongrou 0.0059 -13 65 58 133
Kongrou 0.0015 210 53 252 115
Kongrou 0.0014 0 62 45 116
Kongrou 0.0012 0 69 34 139
Kongrou 0.0011 -1 -11 264 166
Rouzaofun 0.3384 42 17 218 178
Rouzaofun 0.0400 -1 47 46 150
Rouzaofun 0.0337 206 24 256 144
Rouzaofun 0.0191 19 -16 108 62
Rouzaofun 0.0135 103 32 204 170
Rouzaofun 0.0129 191 46 271 123
Rouzaofun 0.0085 -13 65 58 133
Rouzaofun 0.0034 -35 -24 144 70
Rouzaofun 0.0029 127 -15 222 58
Rouzaofun 0.0023 210 53 252 115
Rouzaofun 0.0019 0 62 45 116
Rouzaofun 0.0016 0 69 34 139
Rouzaofun 0.0010 60 29 149 173
Rice_with_Shredded_Chicken 0.0951 42 17 218 178
Rice_with_Shredded_Chicken 0.0582 8 -16 100 62
Rice_with_Shredded_Chicken 0.0281 -1 47 46 150
Rice_with_Shredded_Chicken 0.0202 206 24 256 144
Rice_with_Shredded_Chicken 0.0095 191 46 271 123
Rice_with_Shredded_Chicken 0.0075 -35 -24 144 70
Rice_with_Shredded_Chicken 0.0071 -13 65 58 133
Rice_with_Shredded_Chicken 0.0043 127 -15 222 58
Rice_with_Shredded_Chicken 0.0011 210 53 252 115
Rice_with_Shredded_Chicken 0.0011 103 32 204 170
Rice_with_Shredded_Chicken 0.0010 0 62 45 116
migao 0.1970 42 17 218 178
migao 0.0642 8 -16 100 62
migao 0.0496 -1 47 46 150
migao 0.0339 206 24 256 144
migao 0.0164 191 46 271 123
migao 0.0120 -13 65 58 133
migao 0.0075 -35 -24 144 70
migao 0.0041 103 32 204 170
migao 0.0014 210 53 252 115
migao 0.0014 0 62 45 116
migao 0.0011 127 -15 222 58
migao 0.0011 0 69 34 139
migao 0.0010 118 178 185 226
wagui 0.0335 -1 47 46 150
wagui 0.0290 8 -16 100 62
wagui 0.0226 206 24 256 144
wagui 0.0130 191 46 271 123
wagui 0.0126 42 17 218 178
wagui 0.0111 127 -15 222 58
wagui 0.0093 -13 65 58 133
wagui 0.0031 -35 -24 144 70
wagui 0.0015 0 62 45 116
wagui 0.0013 210 53 252 115
wagui 0.0011 0 69 34 139
wagui 0.0010 10 176 118 245
