Kongrou 0.0706 402 -12 618 169
Kongrou 0.0256 30 101 203 301
Kongrou 0.0085 223 31 404 248
Kongrou 0.0079 173 257 355 417
Kongrou 0.0069 336 3 683 128
Kongrou 0.0065 427 12 592 119
Kongrou 0.0061 -16 135 249 267
Kongrou 0.0057 375 163 572 362
Kongrou 0.0037 44 143 188 260
Kongrou 0.0036 175 67 452 213
Kongrou 0.0015 413 218 534 309
Kongrou 0.0015 244 91 383 189
Kongrou 0.0014 259 85 368 145
Kongrou 0.0013 469 30 601 152
Kongrou 0.0012 309 199 637 326
Kongrou 0.0012 225 -266 616 89
Kongrou 0.0010 280 -223 485 72
Kongrou 0.0010 277 -129 472 -13
Rouzaofun 0.1152 402 -12 618 169
Rouzaofun 0.0827 30 101 203 301
Rouzaofun 0.0195 -16 135 249 267
Rouzaofun 0.0157 223 31 404 248
Rouzaofun 0.0145 336 3 683 128
Rouzaofun 0.0098 173 257 355 417
Rouzaofun 0.0094 427 12 592 119
Rouzaofun 0.0088 44 143 188 260
Rouzaofun 0.0083 175 67 452 213
Rouzaofun 0.0071 375 163 572 362
Rouzaofun 0.0025 309 199 637 326
Rouzaofun 0.0024 244 91 383 189
Rouzaofun 0.0022 259 85 368 145
Rouzaofun 0.0021 228 0 399 58
Rouzaofun 0.0021 469 30 601 152
Rouzaofun 0.0016 413 218 534 309
Rouzaofun 0.0011 277 -129 472 -13
Rouzaofun 0.0011 211 115 366 214
Rouzaofun 0.0010 120 277 432 396
Rice_with_Shredded_Chicken 0.0930 402 -12 618 169
Rice_with_Shredded_Chicken 0.0477 30 101 203 301
Rice_with_Shredded_Chicken 0.0136 -16 135 249 267
Rice_with_Shredded_Chicken 0.0131 213 -13 402 302
Rice_with_Shredded_Chicken 0.0117 336 3 683 128
Rice_with_Shredded_Chicken 0.0114 393 120 567 418
Rice_with_Shredded_Chicken 0.0063 173 257 355 417
Rice_with_Shredded_Chicken 0.0062 175 67 452 213
Rice_with_Shredded_Chicken 0.0051 427 12 592 119
Rice_with_Shredded_Chicken 0.0043 44 143 188 260
Rice_with_Shredded_Chicken 0.0021 309 199 637 326
Rice_with_Shredded_Chicken 0.0013 -59 68 277 324
Rice_with_Shredded_Chicken 0.0013 228 0 399 58
Rice_with_Shredded_Chicken 0.0013 244 91 383 189
Rice_with_Shredded_Chicken 0.0013 259 85 368 145
Rice_with_Shredded_Chicken 0.0012 -9 31 648 382
Rice_with_Shredded_Chicken 0.0011 225 -266 616 89
Rice_with_Shredded_Chicken 0.0010 137 23 475 270
migao 0.1424 402 -12 618 169
migao 0.0548 30 101 203 301
migao 0.0165 -16 135 249 267
migao 0.0152 336 3 683 128
migao 0.0095 223 31 404 248
migao 0.0078 173 257 355 417
migao 0.0071 427 12 592 119
migao 0.0070 175 67 452 213
migao 0.0064 44 143 188 260
migao 0.0058 375 163 572 362
migao 0.0024 309 199 637 326
migao 0.0021 259 85 368 145
migao 0.0020 228 0 399 58
migao 0.0017 244 91 383 189
migao 0.0012 413 218 534 309
migao 0.0012 277 -129 472 -13
migao 0.0012 469 30 601 152
migao 0.0011 225 -266 616 89
migao 0.0010 280 -223 485 72
wagui 0.1032 402 -12 618 169
wagui 0.0680 393 120 567 418
wagui 0.0286 30 101 203 301
wagui 0.0106 336 3 683 128
wagui 0.0096 -16 135 249 267
wagui 0.0075 173 257 355 417
wagui 0.0060 223 31 404 248
wagui 0.0051 427 12 592 119
wagui 0.0044 175 67 452 213
wagui 0.0026 317 147 645 392
wagui 0.0026 44 143 188 260
wagui 0.0018 413 218 534 309
wagui 0.0017 228 0 399 58
wagui 0.0017 315 201 656 325
wagui 0.0014 259 85 368 145
wagui 0.0010 469 30 601 152
wagui 0.0010 196 -303 640 119
wagui 0.0010 244 91 383 189
