Kongrou 0.0256 113 78 190 140
Kongrou 0.0201 -10 -13 189 165
Kongrou 0.0022 132 86 180 132
Kongrou 0.0016 233 21 259 67
Kongrou 0.0011 26 52 194 219
Rouzaofun 0.0396 113 78 190 140
Rouzaofun 0.0197 -10 -13 189 165
Rouzaofun 0.0052 233 21 259 67
Rouzaofun 0.0044 132 86 180 132
Rouzaofun 0.0030 126 133 240 208
Rouzaofun 0.0017 225 173 257 194
Rouzaofun 0.0012 238 13 263 55
Rice_with_Shredded_Chicken 0.0334 113 78 190 140
Rice_with_Shredded_Chicken 0.0218 -10 -13 189 165
Rice_with_Shredded_Chicken 0.0043 233 21 259 67
Rice_with_Shredded_Chicken 0.0025 126 133 240 208
Rice_with_Shredded_Chicken 0.0024 225 173 257 194
Rice_with_Shredded_Chicken 0.0021 132 86 180 132
migao 0.0560 113 78 190 140
migao 0.0282 -10 -13 189 165
migao 0.0074 233 21 259 67
migao 0.0036 225 173 257 194
migao 0.0028 132 86 180 132
migao 0.0014 238 13 263 55
wagui 0.0885 113 78 190 140
wagui 0.0312 -10 -13 189 165
wagui 0.0142 233 21 259 67
wagui 0.0115 225 173 257 194
wagui 0.0079 126 133 240 208
wagui 0.0058 132 86 180 132
wagui 0.0030 238 13 263 55
wagui 0.0023 74 127 267 223
wagui 0.0018 175 174 218 193
wagui 0.0011 92 113 161 135
wagui 0.0010 1 55 211 217
