Kongrou 0.5785 32 1 562 450
Kongrou 0.0307 0 234 125 456
Kongrou 0.0078 276 -88 472 15
Kongrou 0.0075 -34 273 161 418
Kongrou 0.0072 14 -45 240 198
Kongrou 0.0050 264 -179 499 95
Kongrou 0.0039 295 391 457 593
Kongrou 0.0036 340 453 456 538
Kongrou 0.0023 190 360 570 617
Kongrou 0.0022 329 471 420 543
Kongrou 0.0018 185 -279 595 168
Kongrou 0.0017 -36 -59 632 231
Kongrou 0.0015 95 26 436 354
Kongrou 0.0015 288 -13 369 38
Kongrou 0.0013 0 279 103 413
Rouzaofun 0.0555 32 1 562 450
Rouzaofun 0.0369 0 234 125 456
Rouzaofun 0.0107 -34 273 161 418
Rouzaofun 0.0064 276 -88 472 15
Rouzaofun 0.0046 340 453 456 538
Rouzaofun 0.0043 295 391 457 593
Rouzaofun 0.0039 264 -179 499 95
Rouzaofun 0.0031 329 471 420 543
Rouzaofun 0.0025 190 360 570 617
Rouzaofun 0.0024 288 -13 369 38
Rouzaofun 0.0022 14 -45 240 198
Rouzaofun 0.0016 0 279 103 413
Rouzaofun 0.0014 185 -279 595 168
Rouzaofun 0.0013 239 420 372 456
Rouzaofun 0.0010 216 425 348 474
Rice_with_Shredded_Chicken 0.0221 3 247 122 467
Rice_with_Shredded_Chicken 0.0215 93 2 491 452
Rice_with_Shredded_Chicken 0.0087 -34 273 161 418
Rice_with_Shredded_Chicken 0.0054 276 -88 472 15
Rice_with_Shredded_Chicken 0.0049 337 471 435 543
Rice_with_Shredded_Chicken 0.0043 295 391 457 593
Rice_with_Shredded_Chicken 0.0041 264 -179 499 95
Rice_with_Shredded_Chicken 0.0026 190 360 570 617
Rice_with_Shredded_Chicken 0.0022 288 -13 369 38
Rice_with_Shredded_Chicken 0.0020 185 -279 595 168
Rice_with_Shredded_Chicken 0.0011 314 453 412 539
Rice_with_Shredded_Chicken 0.0011 319 473 384 543
migao 0.2330 49 3 547 449
migao 0.0444 0 234 125 456
migao 0.0137 -34 273 161 418
migao 0.0084 276 -88 472 15
migao 0.0048 264 -179 499 95
migao 0.0045 340 453 456 538
migao 0.0045 295 391 457 593
migao 0.0032 14 -45 240 198
migao 0.0031 329 471 420 543
migao 0.0025 288 -13 369 38
migao 0.0024 190 360 570 617
migao 0.0016 185 -214 603 106
migao 0.0015 227 423 360 477
migao 0.0011 222 420 343 455
migao 0.0011 0 279 103 413
migao 0.0010 -71 -16 326 215
wagui 0.0824 49 3 547 449
wagui 0.0292 3 247 122 467
wagui 0.0105 -34 273 161 418
wagui 0.0049 14 -45 240 198
wagui 0.0047 337 471 435 543
wagui 0.0043 276 -88 472 15
wagui 0.0038 264 -179 499 95
wagui 0.0033 288 -13 369 38
wagui 0.0025 287 329 475 650
wagui 0.0024 312 412 482 580
wagui 0.0019 289 396 416 588
wagui 0.0018 -71 -16 326 215
wagui 0.0018 239 420 372 456
wagui 0.0016 190 360 570 617
wagui 0.0016 185 -279 595 168
wagui 0.0012 216 425 348 474
wagui 0.0011 314 453 412 539
wagui 0.0010 319 473 384 543
