Kongrou 0.0060 78 -20 184 130
Kongrou 0.0058 -1 -19 234 164
Kongrou 0.0026 63 -128 251 57
Kongrou 0.0017 41 0 220 110
Kongrou 0.0014 119 -53 201 -2
Kongrou 0.0014 117 -93 210 34
Kongrou 0.0010 92 96 266 297
Rouzaofun 0.0679 25 16 246 165
Rouzaofun 0.0024 63 -128 251 57
Rouzaofun 0.0017 119 -53 201 -2
Rouzaofun 0.0016 78 -20 184 130
Rouzaofun 0.0012 117 -93 210 34
Rouzaofun 0.0011 41 0 220 110
Rouzaofun 0.0010 92 96 266 297
Rouzaofun 0.0010 -58 21 121 203
Rice_with_Shredded_Chicken 0.0076 25 16 246 165
Rice_with_Shredded_Chicken 0.0029 55 -105 259 33
Rice_with_Shredded_Chicken 0.0028 19 -151 299 78
Rice_with_Shredded_Chicken 0.0019 67 -21 175 131
Rice_with_Shredded_Chicken 0.0016 119 -53 201 -2
Rice_with_Shredded_Chicken 0.0011 117 -93 210 34
Rice_with_Shredded_Chicken 0.0010 31 0 209 111
migao 0.0867 -1 -19 234 164
migao 0.0036 78 -20 184 130
migao 0.0029 55 -105 259 33
migao 0.0027 35 46 238 178
migao 0.0023 31 0 209 111
migao 0.0021 19 -151 299 78
migao 0.0019 119 -53 201 -2
migao 0.0014 117 -93 210 34
migao 0.0011 92 96 266 297
wagui 0.1856 -1 -19 234 164
wagui 0.0358 78 -20 184 130
wagui 0.0111 44 17 199 156
wagui 0.0038 42 -5 218 95
wagui 0.0029 19 -151 299 78
wagui 0.0023 55 -105 259 33
wagui 0.0015 16 67 259 198
wagui 0.0012 117 -93 210 34
wagui 0.0011 119 -53 201 -2
