Kongrou 0.0626 294 120 520 366
Kongrou 0.0308 39 264 251 529
Kongrou 0.0114 217 167 565 319
Kongrou 0.0088 -22 324 313 500
Kongrou 0.0041 317 161 497 296
Kongrou 0.0036 421 594 548 691
Kongrou 0.0026 61 317 229 478
Kongrou 0.0016 315 202 499 346
Kongrou 0.0014 370 517 598 771
Kongrou 0.0012 600 137 799 411
Kongrou 0.0010 -2 275 171 549
Kongrou 0.0010 251 488 640 809
Kongrou 0.0010 439 571 591 683
Rouzaofun 0.1246 294 120 520 366
Rouzaofun 0.0580 43 274 248 550
Rouzaofun 0.0246 217 167 565 319
Rouzaofun 0.0169 -22 324 313 500
Rouzaofun 0.0071 317 161 497 296
Rouzaofun 0.0051 421 594 548 691
Rouzaofun 0.0039 61 317 229 478
Rouzaofun 0.0034 600 137 799 411
Rouzaofun 0.0026 315 202 499 346
Rouzaofun 0.0020 370 517 598 771
Rouzaofun 0.0017 456 72 950 473
Rouzaofun 0.0016 539 108 785 509
Rouzaofun 0.0012 439 571 591 683
Rouzaofun 0.0012 535 142 864 344
Rouzaofun 0.0011 338 374 600 544
Rouzaofun 0.0011 610 266 758 374
Rouzaofun 0.0010 395 594 481 693
Rouzaofun 0.0010 251 488 640 809
Rice_with_Shredded_Chicken 0.0794 294 120 520 366
Rice_with_Shredded_Chicken 0.0313 43 274 248 550
Rice_with_Shredded_Chicken 0.0179 217 167 565 319
Rice_with_Shredded_Chicken 0.0134 -22 324 313 500
Rice_with_Shredded_Chicken 0.0057 421 594 548 691
Rice_with_Shredded_Chicken 0.0038 317 161 497 296
Rice_with_Shredded_Chicken 0.0020 370 517 598 771
Rice_with_Shredded_Chicken 0.0019 358 347 596 582
Rice_with_Shredded_Chicken 0.0017 61 317 229 478
Rice_with_Shredded_Chicken 0.0016 600 137 799 411
Rice_with_Shredded_Chicken 0.0013 251 488 640 809
Rice_with_Shredded_Chicken 0.0013 439 571 591 683
Rice_with_Shredded_Chicken 0.0012 315 202 499 346
Rice_with_Shredded_Chicken 0.0012 395 594 481 693
migao 0.1384 294 120 520 366
migao 0.0547 43 274 248 550
migao 0.0265 217 167 565 319
migao 0.0182 -22 324 313 500
migao 0.0051 421 594 548 691
migao 0.0049 317 161 497 296
migao 0.0024 61 317 229 478
migao 0.0017 344 491 535 756
migao 0.0017 600 137 799 411
migao 0.0016 315 202 499 346
migao 0.0015 388 519 611 769
migao 0.0012 439 571 591 683
migao 0.0011 251 488 640 809
migao 0.0010 395 594 481 693
wagui 0.0842 294 120 520 366
wagui 0.0330 43 274 248 550
wagui 0.0185 217 167 565 319
wagui 0.0124 -22 324 313 500
wagui 0.0065 421 594 548 691
wagui 0.0036 303 160 479 297
wagui 0.0027 325 342 571 586
wagui 0.0020 370 517 598 771
wagui 0.0017 334 185 511 334
wagui 0.0017 61 317 229 478
wagui 0.0016 600 137 799 411
wagui 0.0015 439 571 591 683
wagui 0.0014 577 32 930 291
wagui 0.0011 395 594 481 693
