Kongrou 0.0418 228 80 540 545
Kongrou 0.0342 117 162 647 464
Kongrou 0.0230 70 -38 330 239
Kongrou 0.0052 230 201 459 468
Kongrou 0.0034 577 93 821 270
Kongrou 0.0032 -51 -54 446 250
Kongrou 0.0021 449 286 640 476
Kongrou 0.0018 152 -367 766 157
Kongrou 0.0014 158 229 532 410
Kongrou 0.0013 215 199 820 589
Kongrou 0.0010 25 469 366 705
Kongrou 0.0010 622 125 806 239
Kongrou 0.0010 -138 353 161 703
Rouzaofun 0.0098 577 93 821 270
Rouzaofun 0.0050 230 201 459 468
Rouzaofun 0.0033 117 162 647 464
Rouzaofun 0.0028 622 125 806 239
Rouzaofun 0.0021 157 245 533 424
Rouzaofun 0.0015 53 10 329 168
Rouzaofun 0.0015 465 325 625 440
Rouzaofun 0.0014 152 -367 766 157
Rouzaofun 0.0010 -138 353 161 703
Rouzaofun 0.0010 -262 327 292 717
Rice_with_Shredded_Chicken 0.0093 117 162 647 464
Rice_with_Shredded_Chicken 0.0060 414 -40 660 174
Rice_with_Shredded_Chicken 0.0052 228 80 540 545
Rice_with_Shredded_Chicken 0.0051 577 93 821 270
Rice_with_Shredded_Chicken 0.0039 70 -38 330 239
Rice_with_Shredded_Chicken 0.0025 230 201 459 468
Rice_with_Shredded_Chicken 0.0016 152 -367 766 157
Rice_with_Shredded_Chicken 0.0015 -51 -54 446 250
Rice_with_Shredded_Chicken 0.0015 157 245 533 424
Rice_with_Shredded_Chicken 0.0011 364 500 510 745
Rice_with_Shredded_Chicken 0.0011 25 469 366 705
migao 0.0219 117 162 647 464
migao 0.0125 228 80 540 545
migao 0.0071 70 -38 330 239
migao 0.0068 577 93 821 270
migao 0.0050 230 201 459 468
migao 0.0023 157 245 533 424
migao 0.0019 622 125 806 239
migao 0.0019 -51 -54 446 250
migao 0.0015 449 286 640 476
migao 0.0015 152 -367 766 157
migao 0.0013 364 500 510 745
migao 0.0011 -138 353 161 703
migao 0.0011 341 537 531 653
wagui 0.0068 414 -40 660 174
wagui 0.0034 577 93 821 270
wagui 0.0027 230 201 459 468
wagui 0.0018 117 162 647 464
wagui 0.0016 152 -367 766 157
wagui 0.0014 70 -38 330 239
wagui 0.0014 157 245 533 424
wagui 0.0013 449 286 640 476
