Kongrou 0.0179 462 156 1079 1099
Kongrou 0.0144 231 321 1306 1052
Kongrou 0.0057 564 289 1064 805
Kongrou 0.0055 137 -104 779 389
Kongrou 0.0048 919 22 1449 396
Kongrou 0.0029 369 -732 1469 308
Kongrou 0.0017 -110 -116 1026 508
Kongrou 0.0014 667 -541 1124 183
Kongrou 0.0014 652 -272 1098 -52
Kongrou 0.0012 979 91 1388 328
Kongrou 0.0012 635 198 1274 1170
Kongrou 0.0011 266 -452 1520 100
Rouzaofun 0.1144 954 -53 1445 446
Rouzaofun 0.0247 138 -79 788 464
Rouzaofun 0.0093 273 170 1336 1110
Rouzaofun 0.0063 564 289 1064 805
Rouzaofun 0.0046 777 -121 1615 515
Rouzaofun 0.0042 -110 -116 1026 508
Rouzaofun 0.0040 979 91 1388 328
Rouzaofun 0.0024 369 -732 1469 308
Rouzaofun 0.0020 783 71 1583 345
Rouzaofun 0.0015 439 358 1104 1137
Rouzaofun 0.0011 667 -541 1124 183
Rouzaofun 0.0010 652 -272 1098 -52
Rouzaofun 0.0010 127 -343 1721 430
Rice_with_Shredded_Chicken 0.2220 138 -79 788 464
Rice_with_Shredded_Chicken 0.1296 273 170 1336 1110
Rice_with_Shredded_Chicken 0.0576 954 -53 1445 446
Rice_with_Shredded_Chicken 0.0124 -110 -116 1026 508
Rice_with_Shredded_Chicken 0.0040 777 -121 1615 515
Rice_with_Shredded_Chicken 0.0038 564 289 1064 805
Rice_with_Shredded_Chicken 0.0031 348 -641 1493 213
Rice_with_Shredded_Chicken 0.0021 467 128 1073 1002
Rice_with_Shredded_Chicken 0.0016 979 91 1388 328
Rice_with_Shredded_Chicken 0.0012 667 -541 1124 183
Rice_with_Shredded_Chicken 0.0010 783 71 1583 345
Rice_with_Shredded_Chicken 0.0010 652 -272 1098 -52
migao 0.0572 273 170 1336 1110
migao 0.0233 954 -53 1445 446
migao 0.0211 138 -79 788 464
migao 0.0061 564 289 1064 805
migao 0.0042 467 128 1073 1002
migao 0.0033 348 -641 1493 213
migao 0.0031 979 91 1388 328
migao 0.0024 -110 -116 1026 508
migao 0.0015 652 -272 1098 -52
migao 0.0013 777 -121 1615 515
migao 0.0013 667 -541 1124 183
migao 0.0013 783 71 1583 345
wagui 0.0655 138 -79 788 464
wagui 0.0105 273 170 1336 1110
wagui 0.0088 954 -53 1445 446
wagui 0.0049 -110 -116 1026 508
wagui 0.0039 564 289 1064 805
wagui 0.0025 165 -814 1701 374
wagui 0.0013 777 -121 1615 515
wagui 0.0012 979 91 1388 328
wagui 0.0010 652 -272 1098 -52
wagui 0.0010 667 -541 1124 183
