Kongrou 0.0185 430 292 707 434
Kongrou 0.0159 316 400 694 627
Kongrou 0.0118 669 312 1070 457
Kongrou 0.0092 129 295 449 430
Kongrou 0.0067 -38 417 362 653
Kongrou 0.0023 702 298 950 427
Kongrou 0.0022 747 77 907 174
Kongrou 0.0021 -8 456 285 614
Kongrou 0.0018 50 -12 424 384
Kongrou 0.0014 569 78 741 175
Kongrou 0.0012 265 -437 1019 312
Kongrou 0.0011 440 -164 878 103
Kongrou 0.0010 -176 -39 653 406
Rouzaofun 0.0683 430 292 707 434
Rouzaofun 0.0453 669 312 1070 457
Rouzaofun 0.0367 129 295 449 430
Rouzaofun 0.0308 319 418 691 651
Rouzaofun 0.0162 -38 417 362 653
Rouzaofun 0.0135 50 -12 424 384
Rouzaofun 0.0059 -185 10 662 441
Rouzaofun 0.0048 702 298 950 427
Rouzaofun 0.0046 -8 456 285 614
Rouzaofun 0.0022 40 302 198 381
Rouzaofun 0.0022 702 432 1082 723
Rouzaofun 0.0022 747 77 907 174
Rouzaofun 0.0020 114 259 467 510
Rouzaofun 0.0014 342 423 579 604
Rouzaofun 0.0013 435 257 747 510
Rouzaofun 0.0012 187 -335 1102 201
Rouzaofun 0.0012 569 78 741 175
Rouzaofun 0.0012 440 -164 878 103
Rice_with_Shredded_Chicken 0.0687 430 292 707 434
Rice_with_Shredded_Chicken 0.0314 669 312 1070 457
Rice_with_Shredded_Chicken 0.0304 129 295 449 430
Rice_with_Shredded_Chicken 0.0225 316 400 694 627
Rice_with_Shredded_Chicken 0.0124 -38 417 362 653
Rice_with_Shredded_Chicken 0.0038 713 371 1049 767
Rice_with_Shredded_Chicken 0.0035 702 298 950 427
Rice_with_Shredded_Chicken 0.0033 45 -16 429 471
Rice_with_Shredded_Chicken 0.0033 -185 10 662 441
Rice_with_Shredded_Chicken 0.0027 -8 456 285 614
Rice_with_Shredded_Chicken 0.0022 40 302 198 381
Rice_with_Shredded_Chicken 0.0017 747 77 907 174
Rice_with_Shredded_Chicken 0.0017 114 259 467 510
Rice_with_Shredded_Chicken 0.0016 187 -335 1102 201
Rice_with_Shredded_Chicken 0.0010 440 -164 878 103
migao 0.1146 430 292 707 434
migao 0.0557 669 312 1070 457
migao 0.0493 129 295 449 430
migao 0.0304 316 400 694 627
migao 0.0121 -38 417 362 653
migao 0.0062 702 298 950 427
migao 0.0045 50 -12 424 384
migao 0.0041 -8 456 285 614
migao 0.0039 40 302 198 381
migao 0.0035 747 77 907 174
migao 0.0033 -185 10 662 441
migao 0.0017 713 371 1049 767
migao 0.0016 569 78 741 175
migao 0.0016 187 -335 1102 201
migao 0.0014 114 259 467 510
migao 0.0013 440 -164 878 103
migao 0.0010 747 112 907 227
migao 0.0010 333 453 589 616
wagui 0.2275 430 292 707 434
wagui 0.1037 669 312 1070 457
wagui 0.0967 129 295 449 430
wagui 0.0423 316 400 694 627
wagui 0.0227 -38 417 362 653
wagui 0.0225 713 371 1049 767
wagui 0.0149 702 298 950 427
wagui 0.0069 40 302 198 381
wagui 0.0064 -8 456 285 614
wagui 0.0062 45 -16 429 471
wagui 0.0060 747 77 907 174
wagui 0.0034 114 259 467 510
wagui 0.0027 747 112 907 227
wagui 0.0026 569 78 741 175
wagui 0.0025 -185 10 662 441
wagui 0.0021 766 212 890 298
wagui 0.0021 435 257 747 510
wagui 0.0014 333 453 589 616
wagui 0.0014 379 356 694 770
wagui 0.0014 452 266 684 374
wagui 0.0014 187 -335 1102 201
wagui 0.0014 734 448 1005 579
wagui 0.0014 789 513 1036 686
wagui 0.0011 415 -57 917 341
wagui 0.0011 158 260 420 381
