Kongrou 0.0127 131 -73 220 -20
Kongrou 0.0097 130 -125 228 28
Kongrou 0.0064 79 -100 278 2
Kongrou 0.0049 155 -19 271 62
Kongrou 0.0039 3 12 216 143
Kongrou 0.0037 49 -5 170 162
Kongrou 0.0035 116 188 211 226
Kongrou 0.0029 125 132 210 276
Kongrou 0.0024 47 -138 299 27
Kongrou 0.0023 44 154 291 255
Kongrou 0.0022 89 164 175 227
Kongrou 0.0019 109 -95 149 24
Kongrou 0.0018 6 -200 344 84
Kongrou 0.0018 145 -91 206 20
Kongrou 0.0011 50 -84 144 12
Kongrou 0.0010 53 87 294 307
Kongrou 0.0010 -84 124 109 321
Rouzaofun 0.2565 60 -8 181 165
Rouzaofun 0.0989 17 14 223 141
Rouzaofun 0.0109 131 -73 220 -20
Rouzaofun 0.0084 130 -125 228 28
Rouzaofun 0.0055 79 -100 278 2
Rouzaofun 0.0028 116 188 211 226
Rouzaofun 0.0025 155 -19 271 62
Rouzaofun 0.0022 145 -91 206 20
Rouzaofun 0.0022 125 132 210 276
Rouzaofun 0.0022 44 154 291 255
Rouzaofun 0.0021 6 -200 344 84
Rouzaofun 0.0021 47 -138 299 27
Rouzaofun 0.0020 109 -95 149 24
Rouzaofun 0.0013 45 -71 222 -2
Rouzaofun 0.0012 -2 -111 103 15
Rouzaofun 0.0011 67 157 149 274
Rouzaofun 0.0010 17 -29 280 194
Rice_with_Shredded_Chicken 0.0328 17 14 223 141
Rice_with_Shredded_Chicken 0.0174 60 -8 181 165
Rice_with_Shredded_Chicken 0.0159 155 -19 271 62
Rice_with_Shredded_Chicken 0.0119 131 -73 220 -20
Rice_with_Shredded_Chicken 0.0081 130 -125 228 28
Rice_with_Shredded_Chicken 0.0056 79 -100 278 2
Rice_with_Shredded_Chicken 0.0035 47 -138 299 27
Rice_with_Shredded_Chicken 0.0029 6 -200 344 84
Rice_with_Shredded_Chicken 0.0027 145 -91 206 20
Rice_with_Shredded_Chicken 0.0022 99 -39 324 81
Rice_with_Shredded_Chicken 0.0021 125 132 210 276
Rice_with_Shredded_Chicken 0.0020 116 188 211 226
Rice_with_Shredded_Chicken 0.0019 44 154 291 255
Rice_with_Shredded_Chicken 0.0014 -2 -111 103 15
Rice_with_Shredded_Chicken 0.0010 109 -95 149 24
Rice_with_Shredded_Chicken 0.0010 185 64 389 285
Rice_with_Shredded_Chicken 0.0010 51 86 296 311
migao 0.0754 60 -8 181 165
migao 0.0689 17 14 223 141
migao 0.0131 131 -73 220 -20
migao 0.0089 130 -125 228 28
migao 0.0065 79 -100 278 2
migao 0.0041 116 188 211 226
migao 0.0039 155 -19 271 62
migao 0.0037 47 -138 299 27
migao 0.0030 109 -95 149 24
migao 0.0029 145 -91 206 20
migao 0.0028 125 132 210 276
migao 0.0023 44 154 291 255
migao 0.0023 6 -200 344 84
migao 0.0015 45 -71 222 -2
migao 0.0012 68 -126 198 52
migao 0.0010 99 -39 324 81
migao 0.0010 -84 124 109 321
wagui 0.0325 155 -19 271 62
wagui 0.0202 17 14 223 141
wagui 0.0144 60 -8 181 165
wagui 0.0097 131 -73 220 -20
wagui 0.0078 130 -125 228 28
wagui 0.0064 79 -100 278 2
wagui 0.0035 6 -200 344 84
wagui 0.0027 47 -138 299 27
wagui 0.0025 99 -39 324 81
wagui 0.0024 145 -91 206 20
wagui 0.0023 109 -95 149 24
wagui 0.0021 116 188 211 226
wagui 0.0019 44 154 291 255
wagui 0.0018 125 132 210 276
wagui 0.0017 102 169 185 222
wagui 0.0016 85 -87 179 -29
wagui 0.0012 50 -84 144 12
wagui 0.0011 45 -71 222 -2
wagui 0.0011 170 0 273 35
wagui 0.0010 185 64 389 285
