Kongrou 0.0015 261 217 1077 640
Kongrou 0.0012 481 163 942 695
Kongrou 0.0011 68 -48 431 368
Kongrou 0.0010 39 102 962 564
Rouzaofun 0.0244 68 -48 431 368
Rouzaofun 0.0037 252 88 1045 703
Rouzaofun 0.0020 -61 -26 629 347
Rouzaofun 0.0014 356 176 838 681
Rouzaofun 0.0013 532 -43 891 206
Rice_with_Shredded_Chicken 0.1292 68 -48 431 368
Rice_with_Shredded_Chicken 0.0528 252 88 1045 703
Rice_with_Shredded_Chicken 0.0126 532 -43 891 206
Rice_with_Shredded_Chicken 0.0057 -61 -26 629 347
Rice_with_Shredded_Chicken 0.0043 356 176 838 681
Rice_with_Shredded_Chicken 0.0011 552 171 948 688
Rice_with_Shredded_Chicken 0.0011 125 -390 877 115
migao 0.0101 68 -48 431 368
migao 0.0054 252 88 1045 703
migao 0.0011 532 -43 891 206
wagui 0.0137 68 -48 431 368
wagui 0.0038 532 -43 891 206
wagui 0.0031 252 88 1045 703
wagui 0.0014 927 110 1014 266
wagui 0.0012 -61 -26 629 347
wagui 0.0011 323 555 505 670
