Kongrou 0.0043 973 361 1218 661
Kongrou 0.0029 140 64 1100 608
Kongrou 0.0025 532 -505 904 70
Kongrou 0.0024 530 -325 876 -90
Kongrou 0.0024 964 229 1226 560
Kongrou 0.0018 989 277 1202 469
Kongrou 0.0017 24 1 367 142
Kongrou 0.0017 316 -437 1113 0
Kongrou 0.0016 400 -58 936 644
Kongrou 0.0012 513 686 894 928
Kongrou 0.0010 519 545 916 1050
Rouzaofun 0.0066 181 -84 1009 688
Rouzaofun 0.0055 0 -26 394 216
Rouzaofun 0.0047 978 440 1213 631
Rouzaofun 0.0035 991 18 1199 218
Rouzaofun 0.0031 46 21 345 168
Rouzaofun 0.0026 989 277 1202 469
Rouzaofun 0.0022 530 -325 876 -90
Rouzaofun 0.0022 964 229 1226 560
Rouzaofun 0.0021 532 -505 904 70
Rouzaofun 0.0015 316 -437 1113 0
Rouzaofun 0.0014 490 9 940 664
Rouzaofun 0.0013 513 686 894 928
Rouzaofun 0.0010 296 568 1132 1021
Rice_with_Shredded_Chicken 0.1082 181 -84 1009 688
Rice_with_Shredded_Chicken 0.0059 28 -80 382 295
Rice_with_Shredded_Chicken 0.0026 973 361 1218 661
Rice_with_Shredded_Chicken 0.0026 490 9 940 664
Rice_with_Shredded_Chicken 0.0025 24 1 367 142
Rice_with_Shredded_Chicken 0.0024 530 -325 876 -90
Rice_with_Shredded_Chicken 0.0022 287 -16 772 603
Rice_with_Shredded_Chicken 0.0020 532 -505 904 70
Rice_with_Shredded_Chicken 0.0018 991 18 1199 218
Rice_with_Shredded_Chicken 0.0015 316 -437 1113 0
Rice_with_Shredded_Chicken 0.0014 513 686 894 928
Rice_with_Shredded_Chicken 0.0014 962 233 1229 510
Rice_with_Shredded_Chicken 0.0011 63 -748 1341 237
Rice_with_Shredded_Chicken 0.0010 313 -664 1053 172
migao 0.0150 181 -84 1009 688
migao 0.0048 973 361 1218 661
migao 0.0042 24 1 367 142
migao 0.0035 991 18 1199 218
migao 0.0027 530 -325 876 -90
migao 0.0024 532 -505 904 70
migao 0.0023 989 277 1202 469
migao 0.0021 964 229 1226 560
migao 0.0017 513 686 894 928
migao 0.0016 316 -437 1113 0
migao 0.0013 28 -80 382 295
migao 0.0010 519 545 916 1050
wagui 0.0059 181 -84 1009 688
wagui 0.0023 978 440 1213 631
wagui 0.0023 24 1 367 142
wagui 0.0020 532 -505 904 70
wagui 0.0019 991 18 1199 218
wagui 0.0018 989 277 1202 469
wagui 0.0016 530 -325 876 -90
wagui 0.0015 316 -437 1113 0
wagui 0.0012 63 -748 1341 237
wagui 0.0011 964 229 1226 560
