Kongrou 0.0021 21 167 246 435
Kongrou 0.0019 636 110 798 430
Kongrou 0.0018 615 18 789 81
Kongrou 0.0015 330 340 986 903
Kongrou 0.0012 160 226 685 549
Kongrou 0.0010 -29 584 439 757
Rouzaofun 0.0270 279 143 572 627
Rouzaofun 0.0065 160 226 685 549
Rouzaofun 0.0063 21 167 246 435
Rouzaofun 0.0032 254 -24 538 228
Rouzaofun 0.0026 615 18 789 81
Rouzaofun 0.0023 636 110 798 430
Rouzaofun 0.0014 330 340 986 903
Rice_with_Shredded_Chicken 0.0921 279 143 572 627
Rice_with_Shredded_Chicken 0.0195 160 226 685 549
Rice_with_Shredded_Chicken 0.0154 254 -24 538 228
Rice_with_Shredded_Chicken 0.0032 615 18 789 81
Rice_with_Shredded_Chicken 0.0031 21 167 246 435
Rice_with_Shredded_Chicken 0.0014 636 110 798 430
Rice_with_Shredded_Chicken 0.0014 330 340 986 903
Rice_with_Shredded_Chicken 0.0012 84 95 737 645
migao 0.0083 279 143 572 627
migao 0.0039 615 18 789 81
migao 0.0036 21 167 246 435
migao 0.0030 160 226 685 549
migao 0.0017 254 -24 538 228
migao 0.0017 636 110 798 430
migao 0.0015 330 340 986 903
wagui 0.0236 254 -24 538 228
wagui 0.0073 615 18 789 81
wagui 0.0036 279 143 572 627
wagui 0.0026 160 226 685 549
wagui 0.0025 21 167 246 435
wagui 0.0018 -29 584 439 757
wagui 0.0012 636 110 798 430
wagui 0.0012 330 340 986 903
