Kongrou 0.0420 44 1 449 369
Kongrou 0.0046 63 -19 225 259
Kongrou 0.0038 -26 -35 290 261
Kongrou 0.0019 201 22 307 246
Kongrou 0.0015 168 66 340 203
Kongrou 0.0012 62 153 196 327
Kongrou 0.0011 19 176 240 304
Rouzaofun 0.0820 38 8 455 364
Rouzaofun 0.0070 208 172 387 378
Rouzaofun 0.0033 198 57 511 334
Rouzaofun 0.0019 196 203 331 333
Rouzaofun 0.0017 201 22 307 246
Rouzaofun 0.0017 168 66 340 203
Rouzaofun 0.0014 19 176 240 304
Rouzaofun 0.0011 62 153 196 327
Rice_with_Shredded_Chicken 0.0871 44 1 449 369
Rice_with_Shredded_Chicken 0.0021 195 31 513 323
Rice_with_Shredded_Chicken 0.0012 168 66 340 203
Rice_with_Shredded_Chicken 0.0011 201 22 307 246
Rice_with_Shredded_Chicken 0.0010 249 392 317 454
migao 0.1084 44 1 449 369
migao 0.0020 168 66 340 203
migao 0.0016 201 22 307 246
migao 0.0015 195 31 513 323
migao 0.0015 208 172 387 378
migao 0.0013 19 176 240 304
migao 0.0013 -6 7 292 234
migao 0.0011 222 329 326 493
migao 0.0011 63 -19 225 259
wagui 0.0089 44 1 449 369
wagui 0.0017 168 66 340 203
wagui 0.0012 201 22 307 246
wagui 0.0010 19 176 240 304
