Kongrou 0.0324 80 20 258 209
Kongrou 0.0056 12 146 41 171
Kongrou 0.0031 90 49 217 175
Kongrou 0.0021 11 33 82 125
Kongrou 0.0016 116 -41 207 10
Kongrou 0.0016 136 195 187 232
Kongrou 0.0014 113 -79 216 43
Kongrou 0.0012 -9 48 104 110
Kongrou 0.0012 151 54 256 170
Kongrou 0.0011 121 177 201 250
Kongrou 0.0011 99 24 209 120
Rouzaofun 0.1623 80 20 258 209
Rouzaofun 0.0102 12 146 41 171
Rouzaofun 0.0034 11 33 82 125
Rouzaofun 0.0025 -5 125 61 192
Rouzaofun 0.0021 -9 48 104 110
Rouzaofun 0.0018 136 195 187 232
Rouzaofun 0.0018 22 171 63 197
Rouzaofun 0.0018 97 181 157 196
Rouzaofun 0.0017 116 -41 207 10
Rouzaofun 0.0017 90 49 217 175
Rouzaofun 0.0014 121 177 201 250
Rouzaofun 0.0013 5 170 39 197
Rouzaofun 0.0012 127 48 280 176
Rouzaofun 0.0012 113 -79 216 43
Rouzaofun 0.0010 98 184 165 203
Rice_with_Shredded_Chicken 0.7641 67 29 266 200
Rice_with_Shredded_Chicken 0.0131 12 146 41 171
Rice_with_Shredded_Chicken 0.0088 5 20 84 142
Rice_with_Shredded_Chicken 0.0034 90 49 217 175
Rice_with_Shredded_Chicken 0.0019 -5 125 61 192
Rice_with_Shredded_Chicken 0.0018 116 -41 207 10
Rice_with_Shredded_Chicken 0.0017 136 195 187 232
Rice_with_Shredded_Chicken 0.0016 -9 48 104 110
Rice_with_Shredded_Chicken 0.0013 22 171 63 197
Rice_with_Shredded_Chicken 0.0012 121 177 201 250
Rice_with_Shredded_Chicken 0.0012 113 -79 216 43
Rice_with_Shredded_Chicken 0.0010 77 -115 256 67
migao 0.1432 67 29 266 200
migao 0.0138 12 146 41 171
migao 0.0024 11 33 82 125
migao 0.0021 -9 48 104 110
migao 0.0020 116 -41 207 10
migao 0.0019 22 171 63 197
migao 0.0019 97 181 157 196
migao 0.0017 136 195 187 232
migao 0.0015 5 170 39 197
migao 0.0014 90 49 217 175
migao 0.0013 113 -79 216 43
migao 0.0012 -5 125 61 192
migao 0.0011 98 184 165 203
migao 0.0011 121 177 201 250
migao 0.0010 72 -64 255 29
migao 0.0010 12 164 52 193
wagui 0.0967 80 20 258 209
wagui 0.0317 12 146 41 171
wagui 0.0045 6 13 83 132
wagui 0.0036 97 181 157 196
wagui 0.0025 -5 125 61 192
wagui 0.0021 22 171 63 197
wagui 0.0018 136 195 187 232
wagui 0.0016 -9 48 104 110
wagui 0.0015 5 170 39 197
wagui 0.0015 98 184 165 203
wagui 0.0013 116 -41 207 10
wagui 0.0012 121 177 201 250
wagui 0.0012 113 -79 216 43
wagui 0.0011 12 164 52 193
wagui 0.0010 43 168 81 199
wagui 0.0010 90 49 217 175
wagui 0.0010 57 -137 284 87
