Kongrou 0.0720 146 270 1260 1439
Kongrou 0.0158 112 -139 689 653
Kongrou 0.0024 370 172 999 913
Kongrou 0.0020 -51 -144 1028 518
Kongrou 0.0011 269 405 1104 1136
Rouzaofun 0.0030 -7 129 1211 1350
Rouzaofun 0.0011 -74 -33 871 550
Rice_with_Shredded_Chicken 0.0028 -7 129 1211 1350
Rice_with_Shredded_Chicken 0.0010 -74 -33 871 550
migao 0.0243 146 270 1260 1439
migao 0.0050 -74 -33 871 550
migao 0.0018 85 -120 606 633
wagui 0.0134 146 270 1260 1439
wagui 0.0080 112 -139 689 653
wagui 0.0026 370 172 999 913
wagui 0.0015 -105 -17 1015 535
wagui 0.0010 269 405 1104 1136
