Kongrou 0.0065 235 0 812 596
Kongrou 0.0016 429 42 729 296
Rouzaofun 0.3153 187 23 841 582
Rouzaofun 0.0094 250 86 615 547
Rouzaofun 0.0061 378 175 764 531
Rouzaofun 0.0024 429 42 729 296
Rouzaofun 0.0017 54 -227 458 29
Rouzaofun 0.0013 221 39 505 455
Rouzaofun 0.0012 345 74 847 264
Rouzaofun 0.0011 -130 -266 648 59
Rice_with_Shredded_Chicken 0.0251 129 41 782 560
Rice_with_Shredded_Chicken 0.0016 54 -227 458 29
Rice_with_Shredded_Chicken 0.0013 429 42 729 296
migao 0.0874 187 23 841 582
migao 0.0022 250 86 615 547
migao 0.0015 429 42 729 296
migao 0.0010 378 175 764 531
wagui 0.0157 187 23 841 582
wagui 0.0014 54 -227 458 29
wagui 0.0013 429 42 729 296
wagui 0.0010 -77 -391 424 435
