Kongrou 0.0591 13 12 252 180
Kongrou 0.0069 68 5 187 152
Kongrou 0.0033 114 -42 196 0
Kongrou 0.0032 117 -80 201 34
Kongrou 0.0030 184 154 240 184
Kongrou 0.0022 56 -66 259 21
Kongrou 0.0021 171 132 253 205
Kongrou 0.0013 87 -119 260 62
Kongrou 0.0011 45 19 230 118
Rouzaofun 0.5156 34 8 232 180
Rouzaofun 0.0400 82 5 193 153
Rouzaofun 0.0034 184 154 240 184
Rouzaofun 0.0028 114 -42 196 0
Rouzaofun 0.0027 171 132 253 205
Rouzaofun 0.0023 117 -80 201 34
Rouzaofun 0.0021 56 -66 259 21
Rouzaofun 0.0011 69 -108 234 49
Rouzaofun 0.0011 14 -151 297 88
Rice_with_Shredded_Chicken 0.0317 47 5 221 185
Rice_with_Shredded_Chicken 0.0026 114 -42 196 0
Rice_with_Shredded_Chicken 0.0025 117 -80 201 34
Rice_with_Shredded_Chicken 0.0023 152 135 271 203
Rice_with_Shredded_Chicken 0.0023 184 154 240 184
Rice_with_Shredded_Chicken 0.0018 56 -66 259 21
Rice_with_Shredded_Chicken 0.0014 14 -151 297 88
Rice_with_Shredded_Chicken 0.0013 69 -108 234 49
Rice_with_Shredded_Chicken 0.0010 83 0 191 138
migao 0.3044 34 8 232 180
migao 0.0112 82 5 193 153
migao 0.0038 114 -42 196 0
migao 0.0029 117 -80 201 34
migao 0.0027 184 154 240 184
migao 0.0022 56 -66 259 21
migao 0.0019 152 135 271 203
migao 0.0013 14 -151 297 88
migao 0.0010 87 -119 260 62
migao 0.0010 121 174 169 252
wagui 0.0578 13 12 252 180
wagui 0.0036 184 154 240 184
wagui 0.0024 45 26 230 131
wagui 0.0023 117 -80 201 34
wagui 0.0022 171 132 253 205
wagui 0.0022 114 -42 196 0
wagui 0.0020 14 -151 297 88
wagui 0.0019 56 -66 259 21
wagui 0.0010 69 -108 234 49
wagui 0.0010 82 5 193 153
