Kongrou 0.0485 95 51 501 403
Kongrou 0.0057 142 47 390 334
Kongrou 0.0019 154 104 341 287
Rouzaofun 0.0943 63 62 530 393
Rouzaofun 0.0281 336 -26 563 132
Rouzaofun 0.0021 210 -40 688 192
Rouzaofun 0.0019 154 104 341 287
Rouzaofun 0.0011 203 413 362 462
Rice_with_Shredded_Chicken 0.1187 66 90 529 436
Rice_with_Shredded_Chicken 0.0739 337 -30 565 176
Rice_with_Shredded_Chicken 0.0031 210 -40 688 192
Rice_with_Shredded_Chicken 0.0011 163 85 355 283
migao 0.2090 63 62 530 393
migao 0.0079 337 -30 565 176
migao 0.0017 116 115 401 252
migao 0.0012 142 47 390 334
migao 0.0010 191 415 350 460
wagui 0.0712 63 62 530 393
wagui 0.0629 337 -30 565 176
wagui 0.0027 210 -40 688 192
wagui 0.0016 191 415 350 460
wagui 0.0015 154 104 341 287
wagui 0.0011 181 32 444 348
