Kongrou 0.0034 108 19 292 139
Kongrou 0.0025 57 -20 157 97
Kongrou 0.0021 161 20 258 157
Kongrou 0.0021 60 18 149 83
Kongrou 0.0020 9 -9 255 197
Kongrou 0.0018 31 86 117 169
Kongrou 0.0014 102 179 189 228
Kongrou 0.0012 85 166 169 222
Kongrou 0.0011 104 139 194 264
Kongrou 0.0011 -12 65 166 174
Kongrou 0.0011 52 150 245 251
Rouzaofun 0.2108 26 60 127 198
Rouzaofun 0.0705 -12 65 166 174
Rouzaofun 0.0076 9 -9 255 197
Rouzaofun 0.0075 149 20 252 156
Rouzaofun 0.0064 63 -3 151 99
Rouzaofun 0.0046 25 87 113 168
Rouzaofun 0.0038 33 -8 237 108
Rouzaofun 0.0017 51 90 138 175
Rouzaofun 0.0013 102 179 189 228
Rouzaofun 0.0013 48 19 141 82
Rouzaofun 0.0012 52 150 245 251
Rice_with_Shredded_Chicken 0.0172 -12 65 166 174
Rice_with_Shredded_Chicken 0.0140 26 60 127 198
Rice_with_Shredded_Chicken 0.0136 146 11 254 146
Rice_with_Shredded_Chicken 0.0049 9 -9 255 197
Rice_with_Shredded_Chicken 0.0042 57 -20 157 97
Rice_with_Shredded_Chicken 0.0025 102 -5 289 154
Rice_with_Shredded_Chicken 0.0024 33 -8 237 108
Rice_with_Shredded_Chicken 0.0018 25 87 113 168
Rice_with_Shredded_Chicken 0.0015 54 19 145 82
migao 0.0547 26 60 127 198
migao 0.0370 -12 65 166 174
migao 0.0087 108 19 292 139
migao 0.0059 161 20 258 157
migao 0.0038 9 -9 255 197
migao 0.0035 57 -20 157 97
migao 0.0023 25 87 113 168
migao 0.0022 60 18 149 83
migao 0.0017 102 179 189 228
migao 0.0012 52 150 245 251
migao 0.0011 104 139 194 264
migao 0.0010 33 -8 237 108
wagui 0.1247 146 11 254 146
wagui 0.0091 -12 65 166 174
wagui 0.0081 102 -5 289 154
wagui 0.0062 26 48 127 193
wagui 0.0041 9 -9 255 197
wagui 0.0020 57 -20 157 97
wagui 0.0019 31 86 117 169
wagui 0.0017 54 19 145 82
