Kongrou 0.0710 126 86 899 930
Kongrou 0.0038 -16 606 192 1026
Kongrou 0.0015 -64 685 319 988
Kongrou 0.0014 263 172 799 652
Kongrou 0.0011 -79 612 255 903
Rouzaofun 0.1383 119 102 903 923
Rouzaofun 0.0105 -16 606 192 1026
Rouzaofun 0.0030 -64 685 319 988
Rouzaofun 0.0021 -79 612 255 903
Rice_with_Shredded_Chicken 0.4427 126 86 899 930
Rice_with_Shredded_Chicken 0.0045 -7 614 223 1018
Rice_with_Shredded_Chicken 0.0013 689 -67 1005 339
migao 0.3275 126 86 899 930
migao 0.0067 -16 606 192 1026
migao 0.0025 -64 685 319 988
migao 0.0019 -79 612 255 903
wagui 0.0200 119 102 903 923
wagui 0.0076 689 -67 1005 339
wagui 0.0044 -16 587 192 1005
wagui 0.0018 -64 685 319 988
wagui 0.0014 -79 612 255 903
wagui 0.0012 -153 -48 195 321
