Kongrou 0.0306 2 21 156 154
Kongrou 0.0110 331 49 504 209
Kongrou 0.0046 32 44 146 132
Kongrou 0.0040 273 63 562 174
Kongrou 0.0033 -6 179 322 407
Kongrou 0.0024 349 71 485 167
Kongrou 0.0019 -10 128 21 195
Kongrou 0.0017 60 139 258 445
Kongrou 0.0015 -96 286 227 658
Kongrou 0.0013 -117 10 141 321
Kongrou 0.0010 -90 80 112 254
Rouzaofun 0.0943 60 139 258 445
Rouzaofun 0.0461 2 21 156 154
Rouzaofun 0.0349 -6 179 322 407
Rouzaofun 0.0270 331 49 504 209
Rouzaofun 0.0108 32 44 146 132
Rouzaofun 0.0089 273 63 562 174
Rouzaofun 0.0042 349 71 485 167
Rouzaofun 0.0040 -10 128 21 195
Rouzaofun 0.0026 -90 80 112 254
Rouzaofun 0.0020 190 3 349 44
Rouzaofun 0.0018 250 13 573 238
Rouzaofun 0.0015 -163 32 184 304
Rouzaofun 0.0014 -96 286 227 658
Rice_with_Shredded_Chicken 0.0963 60 139 258 445
Rice_with_Shredded_Chicken 0.0550 2 21 156 154
Rice_with_Shredded_Chicken 0.0434 -6 179 322 407
Rice_with_Shredded_Chicken 0.0226 325 7 500 242
Rice_with_Shredded_Chicken 0.0077 282 73 552 185
Rice_with_Shredded_Chicken 0.0066 32 44 146 132
Rice_with_Shredded_Chicken 0.0058 -10 128 21 195
Rice_with_Shredded_Chicken 0.0030 -90 80 112 254
Rice_with_Shredded_Chicken 0.0027 349 71 485 167
Rice_with_Shredded_Chicken 0.0022 190 3 349 44
Rice_with_Shredded_Chicken 0.0019 -163 32 184 304
Rice_with_Shredded_Chicken 0.0013 -96 286 227 658
Rice_with_Shredded_Chicken 0.0011 -3 119 35 203
migao 0.0572 2 21 156 154
migao 0.0254 60 139 258 445
migao 0.0206 331 49 504 209
migao 0.0138 -6 179 322 407
migao 0.0083 273 63 562 174
migao 0.0079 32 44 146 132
migao 0.0070 -10 128 21 195
migao 0.0030 190 3 349 44
migao 0.0029 349 71 485 167
migao 0.0020 250 13 573 238
migao 0.0019 -90 80 112 254
migao 0.0018 -96 286 227 658
migao 0.0016 -117 10 141 321
migao 0.0012 -3 119 35 203
wagui 0.1497 325 7 500 242
wagui 0.0866 2 21 156 154
wagui 0.0140 -10 128 21 195
wagui 0.0105 32 44 146 132
wagui 0.0100 282 73 552 185
wagui 0.0092 190 3 349 44
wagui 0.0071 -6 179 322 407
wagui 0.0070 60 139 258 445
wagui 0.0052 349 71 485 167
wagui 0.0048 -90 80 112 254
wagui 0.0027 -3 119 35 203
wagui 0.0022 -163 32 184 304
wagui 0.0018 367 378 468 432
wagui 0.0016 191 -4 326 31
wagui 0.0013 -96 286 227 658
wagui 0.0012 238 30 585 261
