Kongrou 0.0358 1611 409 2048 1148
Kongrou 0.0208 -7 418 360 1217
Kongrou 0.0055 1438 547 2141 1013
Kongrou 0.0035 -108 515 460 1047
Kongrou 0.0020 158 228 1652 1218
Kongrou 0.0017 1741 567 2078 1386
Kongrou 0.0016 1630 548 1949 1014
Kongrou 0.0015 693 1292 1269 1611
Kongrou 0.0015 1513 638 2228 1238
Kongrou 0.0013 172 1103 980 1922
Kongrou 0.0012 885 1323 1517 1723
Kongrou 0.0012 1052 874 1853 1514
Kongrou 0.0010 46 627 385 1091
Rouzaofun 0.0639 -7 418 360 1217
Rouzaofun 0.0432 1612 412 2047 1224
Rouzaofun 0.0145 548 93 1584 1342
Rouzaofun 0.0100 1461 554 2120 1085
Rouzaofun 0.0072 -108 515 460 1047
Rouzaofun 0.0024 46 627 385 1091
Rouzaofun 0.0022 1630 548 1949 1014
Rouzaofun 0.0021 1741 567 2078 1386
Rouzaofun 0.0017 1522 688 2220 1266
Rouzaofun 0.0014 487 -132 1169 328
Rouzaofun 0.0014 885 1323 1517 1723
Rouzaofun 0.0011 13 -614 1696 718
Rouzaofun 0.0011 172 1103 980 1922
Rouzaofun 0.0010 -12 544 363 938
Rice_with_Shredded_Chicken 0.1004 329 65 1695 1327
Rice_with_Shredded_Chicken 0.0402 -7 418 360 1217
Rice_with_Shredded_Chicken 0.0312 1611 409 2048 1148
Rice_with_Shredded_Chicken 0.0064 491 -107 1174 445
Rice_with_Shredded_Chicken 0.0057 1438 547 2141 1013
Rice_with_Shredded_Chicken 0.0052 -108 515 460 1047
Rice_with_Shredded_Chicken 0.0019 1513 638 2228 1238
Rice_with_Shredded_Chicken 0.0016 172 1103 980 1922
Rice_with_Shredded_Chicken 0.0014 13 -614 1696 718
Rice_with_Shredded_Chicken 0.0013 885 1323 1517 1723
Rice_with_Shredded_Chicken 0.0011 46 627 385 1091
Rice_with_Shredded_Chicken 0.0010 1630 548 1949 1014
Rice_with_Shredded_Chicken 0.0010 1052 874 1853 1514
Rice_with_Shredded_Chicken 0.0010 1741 567 2078 1386
migao 0.0574 1611 409 2048 1148
migao 0.0516 -7 418 360 1217
migao 0.0108 329 65 1695 1327
migao 0.0098 1438 547 2141 1013
migao 0.0075 -108 515 460 1047
migao 0.0027 1513 638 2228 1238
migao 0.0021 491 -107 1174 445
migao 0.0017 1741 567 2078 1386
migao 0.0016 885 1323 1517 1723
migao 0.0016 46 627 385 1091
migao 0.0013 1630 548 1949 1014
migao 0.0012 -18 142 217 392
migao 0.0011 13 -614 1696 718
migao 0.0011 172 1103 980 1922
migao 0.0010 1052 874 1853 1514
wagui 0.0278 -7 418 360 1217
wagui 0.0275 1612 412 2047 1224
wagui 0.0163 491 -107 1174 445
wagui 0.0091 1461 554 2120 1085
wagui 0.0064 329 65 1695 1327
wagui 0.0048 -108 515 460 1047
wagui 0.0023 -18 142 217 392
wagui 0.0017 1501 13 2084 212
wagui 0.0014 189 -282 1461 639
wagui 0.0014 693 1292 1269 1611
wagui 0.0012 1522 688 2220 1266
