Kongrou 0.1497 22 65 1174 1029
Kongrou 0.0510 388 188 956 770
Kongrou 0.0150 329 546 832 967
Kongrou 0.0116 409 381 931 943
Kongrou 0.0063 188 216 1144 651
Kongrou 0.0016 95 339 910 1118
Kongrou 0.0014 -30 134 355 644
Kongrou 0.0010 164 -18 1217 567
Rouzaofun 0.0252 22 65 1174 1029
Rouzaofun 0.0026 186 243 1145 716
Rouzaofun 0.0023 238 386 1090 847
Rouzaofun 0.0019 369 554 879 959
Rouzaofun 0.0013 -176 -179 210 303
Rouzaofun 0.0011 -385 -195 432 312
Rouzaofun 0.0010 7 183 292 609
Rice_with_Shredded_Chicken 0.0764 22 65 1174 1029
Rice_with_Shredded_Chicken 0.0076 388 188 956 770
Rice_with_Shredded_Chicken 0.0041 349 384 904 943
Rice_with_Shredded_Chicken 0.0020 188 216 1144 651
Rice_with_Shredded_Chicken 0.0013 -176 -179 210 303
migao 0.1001 22 65 1174 1029
migao 0.0114 388 188 956 770
migao 0.0052 176 376 1063 857
migao 0.0038 329 546 832 967
migao 0.0031 188 216 1144 651
migao 0.0011 -176 -179 210 303
migao 0.0010 -258 -418 304 543
wagui 0.0159 22 65 1174 1029
wagui 0.0027 388 188 956 770
wagui 0.0018 329 546 832 967
wagui 0.0013 176 376 1063 857
wagui 0.0012 -176 -179 210 303
wagui 0.0011 188 216 1144 651
wagui 0.0010 -385 -195 432 312
