Kongrou 0.0187 117 -49 204 -6
Kongrou 0.0142 144 14 247 157
Kongrou 0.0134 119 -95 210 35
Kongrou 0.0098 65 -77 262 16
Kongrou 0.0087 -18 16 135 155
Kongrou 0.0028 12 -14 103 145
Kongrou 0.0024 131 -62 191 25
Kongrou 0.0022 99 -64 138 27
Kongrou 0.0020 112 35 300 156
Kongrou 0.0020 4 37 85 129
Kongrou 0.0018 114 140 192 263
Kongrou 0.0018 114 185 185 223
Kongrou 0.0015 53 -102 190 64
Kongrou 0.0014 55 154 251 248
Kongrou 0.0014 35 -48 210 10
Kongrou 0.0014 81 -134 277 60
Kongrou 0.0013 101 -76 221 -2
Kongrou 0.0011 78 -64 164 -13
Kongrou 0.0011 13 -177 308 100
Kongrou 0.0011 -43 -62 51 44
Kongrou 0.0010 -70 -84 80 109
Kongrou 0.0010 -18 54 118 122
Rouzaofun 0.2052 144 14 247 157
Rouzaofun 0.1028 13 7 103 162
Rouzaofun 0.0308 112 35 300 156
Rouzaofun 0.0175 117 -49 204 -6
Rouzaofun 0.0105 119 -95 210 35
Rouzaofun 0.0089 65 -77 262 16
Rouzaofun 0.0039 4 37 85 129
Rouzaofun 0.0034 99 -64 138 27
Rouzaofun 0.0033 131 -62 191 25
Rouzaofun 0.0023 -18 54 118 122
Rouzaofun 0.0022 35 -48 210 10
Rouzaofun 0.0020 114 185 185 223
Rouzaofun 0.0013 114 140 192 263
Rouzaofun 0.0013 13 -177 308 100
Rouzaofun 0.0013 -43 -62 51 44
Rouzaofun 0.0013 77 -124 235 50
Rouzaofun 0.0013 55 154 251 248
Rouzaofun 0.0011 122 48 263 118
Rouzaofun 0.0011 -99 -66 108 68
Rouzaofun 0.0010 101 -76 221 -2
Rice_with_Shredded_Chicken 0.0331 -18 16 135 155
Rice_with_Shredded_Chicken 0.0279 106 24 285 146
Rice_with_Shredded_Chicken 0.0170 117 -49 204 -6
Rice_with_Shredded_Chicken 0.0105 119 -95 210 35
Rice_with_Shredded_Chicken 0.0084 65 -77 262 16
Rice_with_Shredded_Chicken 0.0035 131 -62 191 25
Rice_with_Shredded_Chicken 0.0022 -21 49 111 117
Rice_with_Shredded_Chicken 0.0019 13 -177 308 100
Rice_with_Shredded_Chicken 0.0017 99 -64 138 27
Rice_with_Shredded_Chicken 0.0017 35 -48 210 10
Rice_with_Shredded_Chicken 0.0016 114 185 185 223
Rice_with_Shredded_Chicken 0.0015 77 -124 235 50
Rice_with_Shredded_Chicken 0.0014 114 140 192 263
Rice_with_Shredded_Chicken 0.0013 -43 -62 51 44
Rice_with_Shredded_Chicken 0.0012 55 154 251 248
Rice_with_Shredded_Chicken 0.0011 101 -76 221 -2
Rice_with_Shredded_Chicken 0.0010 16 -15 255 199
Rice_with_Shredded_Chicken 0.0010 -70 -84 80 109
migao 0.0884 144 14 247 157
migao 0.0683 -18 16 135 155
migao 0.0209 117 -49 204 -6
migao 0.0205 112 35 300 156
migao 0.0122 119 -95 210 35
migao 0.0100 65 -77 262 16
migao 0.0044 99 -64 138 27
migao 0.0043 131 -62 191 25
migao 0.0028 -21 49 111 117
migao 0.0026 114 185 185 223
migao 0.0023 35 -48 210 10
migao 0.0019 53 -102 190 64
migao 0.0018 114 140 192 263
migao 0.0015 13 -177 308 100
migao 0.0015 12 -14 103 145
migao 0.0014 55 154 251 248
migao 0.0012 101 -76 221 -2
migao 0.0012 -70 -84 80 109
migao 0.0011 7 54 92 144
migao 0.0010 81 -134 277 60
migao 0.0010 -43 -62 51 44
wagui 0.0541 -18 16 135 155
wagui 0.0133 117 -49 204 -6
wagui 0.0128 106 24 285 146
wagui 0.0090 119 -95 210 35
wagui 0.0088 65 -77 262 16
wagui 0.0053 12 -14 103 145
wagui 0.0034 99 -64 138 27
wagui 0.0023 131 -62 191 25
wagui 0.0023 78 -64 164 -13
wagui 0.0022 13 -177 308 100
wagui 0.0018 -21 49 111 117
wagui 0.0017 35 -48 210 10
wagui 0.0014 114 185 185 223
wagui 0.0013 114 140 192 263
wagui 0.0012 -70 -84 80 109
wagui 0.0011 55 154 251 248
wagui 0.0011 -47 -34 57 58
wagui 0.0011 81 -134 277 60
