Kongrou 0.0237 -1 35 220 197
Kongrou 0.0019 109 151 181 272
Kongrou 0.0018 6 60 103 184
Kongrou 0.0013 70 161 218 260
Rouzaofun 0.7923 -5 32 221 199
Rouzaofun 0.0050 -19 58 149 184
Rouzaofun 0.0037 88 38 199 185
Rouzaofun 0.0032 9 68 101 195
Rouzaofun 0.0017 110 165 174 258
Rouzaofun 0.0014 70 161 218 260
Rouzaofun 0.0011 48 -4 207 157
Rouzaofun 0.0010 124 195 169 232
Rice_with_Shredded_Chicken 0.0665 11 23 210 207
Rice_with_Shredded_Chicken 0.0017 110 165 174 258
Rice_with_Shredded_Chicken 0.0014 70 161 218 260
Rice_with_Shredded_Chicken 0.0012 -19 58 149 184
migao 0.3637 -5 32 221 199
migao 0.0026 -19 58 149 184
migao 0.0024 110 165 174 258
migao 0.0015 70 161 218 260
migao 0.0013 74 59 234 183
migao 0.0010 124 195 169 232
wagui 0.0466 -1 35 220 197
wagui 0.0014 109 151 181 272
wagui 0.0013 108 -63 309 96
wagui 0.0010 173 -18 256 44
wagui 0.0010 70 161 218 260
