Kongrou 0.4542 17 2 240 192
Kongrou 0.0123 45 25 202 158
Kongrou 0.0093 119 -36 204 5
Kongrou 0.0063 117 -78 212 42
Kongrou 0.0048 73 -61 254 25
Kongrou 0.0016 114 176 189 229
Kongrou 0.0015 160 137 334 297
Kongrou 0.0011 107 136 201 265
Rouzaofun 0.2202 17 2 240 192
Rouzaofun 0.0163 45 25 202 158
Rouzaofun 0.0082 119 -36 204 5
Rouzaofun 0.0047 117 -78 212 42
Rouzaofun 0.0043 73 -61 254 25
Rouzaofun 0.0015 160 137 334 297
Rouzaofun 0.0013 114 176 189 229
Rouzaofun 0.0013 137 202 166 235
Rouzaofun 0.0010 39 175 148 246
Rouzaofun 0.0010 68 157 239 242
Rice_with_Shredded_Chicken 0.0357 57 7 201 187
Rice_with_Shredded_Chicken 0.0082 119 -36 204 5
Rice_with_Shredded_Chicken 0.0049 117 -78 212 42
Rice_with_Shredded_Chicken 0.0040 73 -61 254 25
Rice_with_Shredded_Chicken 0.0013 137 202 166 235
Rice_with_Shredded_Chicken 0.0012 169 117 327 311
Rice_with_Shredded_Chicken 0.0012 39 175 148 246
Rice_with_Shredded_Chicken 0.0012 114 176 189 229
migao 0.3888 44 -2 213 193
migao 0.0111 119 -36 204 5
migao 0.0058 117 -78 212 42
migao 0.0051 73 -61 254 25
migao 0.0019 114 176 189 229
migao 0.0018 160 137 334 297
migao 0.0012 137 202 166 235
migao 0.0012 79 38 208 165
migao 0.0011 107 136 201 265
wagui 0.0520 17 2 240 192
wagui 0.0070 119 -36 204 5
wagui 0.0047 117 -78 212 42
wagui 0.0042 73 -61 254 25
wagui 0.0019 51 34 197 169
wagui 0.0012 137 202 166 235
wagui 0.0011 39 175 148 246
wagui 0.0010 128 -23 240 67
