Kongrou 0.0850 173 9 817 652
Kongrou 0.0338 423 -187 749 -18
Kongrou 0.0255 419 -367 778 147
Kongrou 0.0185 238 -288 952 68
Kongrou 0.0123 385 13 729 615
Kongrou 0.0045 479 -234 695 102
Kongrou 0.0019 252 -32 632 508
Kongrou 0.0017 376 -276 801 -8
Kongrou 0.0014 210 378 1104 1041
Kongrou 0.0013 411 434 911 1018
Kongrou 0.0012 315 67 869 487
Kongrou 0.0010 367 -233 494 97
Kongrou 0.0010 285 619 594 798
Rouzaofun 0.0323 423 -187 749 -18
Rouzaofun 0.0204 419 -367 778 147
Rouzaofun 0.0178 238 -288 952 68
Rouzaofun 0.0083 173 9 817 652
Rouzaofun 0.0056 479 -234 695 102
Rouzaofun 0.0021 367 -233 494 97
Rouzaofun 0.0019 385 13 729 615
Rouzaofun 0.0018 30 -220 460 6
Rouzaofun 0.0013 127 -186 766 46
Rouzaofun 0.0013 376 -276 801 -8
Rouzaofun 0.0011 210 378 1104 1041
Rouzaofun 0.0010 29 -613 1142 335
Rice_with_Shredded_Chicken 0.0584 173 9 817 652
Rice_with_Shredded_Chicken 0.0328 423 -187 749 -18
Rice_with_Shredded_Chicken 0.0205 419 -367 778 147
Rice_with_Shredded_Chicken 0.0172 238 -288 952 68
Rice_with_Shredded_Chicken 0.0064 479 -234 695 102
Rice_with_Shredded_Chicken 0.0024 30 -220 460 6
Rice_with_Shredded_Chicken 0.0024 385 13 729 615
Rice_with_Shredded_Chicken 0.0015 29 -613 1142 335
Rice_with_Shredded_Chicken 0.0013 210 378 1104 1041
Rice_with_Shredded_Chicken 0.0013 376 -276 801 -8
Rice_with_Shredded_Chicken 0.0010 367 -233 494 97
Rice_with_Shredded_Chicken 0.0010 411 434 911 1018
migao 0.0743 173 9 817 652
migao 0.0372 423 -187 749 -18
migao 0.0234 419 -367 778 147
migao 0.0201 238 -288 952 68
migao 0.0081 479 -234 695 102
migao 0.0028 385 13 729 615
migao 0.0025 367 -233 494 97
migao 0.0016 376 -276 801 -8
migao 0.0013 40 407 1272 1024
migao 0.0012 30 -220 460 6
migao 0.0012 127 -186 766 46
migao 0.0012 411 434 911 1018
migao 0.0012 29 -613 1142 335
migao 0.0010 435 680 655 813
wagui 0.0271 423 -187 749 -18
wagui 0.0185 419 -367 778 147
wagui 0.0175 238 -288 952 68
wagui 0.0085 173 9 817 652
wagui 0.0059 479 -234 695 102
wagui 0.0018 29 -613 1142 335
wagui 0.0014 30 -220 460 6
wagui 0.0014 367 -233 494 97
wagui 0.0012 288 -234 597 -48
wagui 0.0010 210 378 1104 1041
wagui 0.0010 376 -276 801 -8
