Kongrou 0.0876 63 12 234 179
Kongrou 0.0011 119 47 229 176
Kongrou 0.0010 196 -7 267 67
Rouzaofun 0.0258 63 12 234 179
Rouzaofun 0.0028 12 140 116 203
Rouzaofun 0.0014 196 -7 267 67
Rice_with_Shredded_Chicken 0.3756 63 12 234 179
Rice_with_Shredded_Chicken 0.0118 12 140 116 203
migao 0.1778 63 12 234 179
migao 0.0019 3 138 106 204
migao 0.0011 196 -7 267 67
wagui 0.0140 3 138 106 204
wagui 0.0128 63 12 234 179
wagui 0.0026 183 -12 266 76
wagui 0.0013 201 174 262 193
wagui 0.0010 178 148 289 216
