Kongrou 0.0119 6 20 250 176
Kongrou 0.0021 192 174 289 248
Kongrou 0.0014 21 70 125 195
Kongrou 0.0013 113 148 173 275
Kongrou 0.0012 146 150 334 270
Kongrou 0.0010 179 173 229 196
Rouzaofun 0.3118 6 20 250 176
Rouzaofun 0.0126 -1 77 220 196
Rouzaofun 0.0073 21 70 125 195
Rouzaofun 0.0068 51 -9 154 98
Rouzaofun 0.0032 108 31 274 155
Rouzaofun 0.0023 95 4 155 78
Rouzaofun 0.0018 127 53 236 172
Rouzaofun 0.0017 192 174 289 248
Rouzaofun 0.0015 90 23 140 59
Rouzaofun 0.0014 144 32 240 134
Rouzaofun 0.0014 179 173 229 196
Rouzaofun 0.0013 146 150 334 270
Rouzaofun 0.0013 71 62 263 213
Rouzaofun 0.0012 113 148 173 275
Rice_with_Shredded_Chicken 0.0667 6 20 250 176
Rice_with_Shredded_Chicken 0.0019 192 174 289 248
Rice_with_Shredded_Chicken 0.0015 108 31 274 155
Rice_with_Shredded_Chicken 0.0015 -10 78 157 186
Rice_with_Shredded_Chicken 0.0012 112 169 168 256
Rice_with_Shredded_Chicken 0.0011 190 -63 290 34
Rice_with_Shredded_Chicken 0.0010 22 -7 185 95
Rice_with_Shredded_Chicken 0.0010 160 121 321 302
migao 0.0882 6 20 250 176
migao 0.0021 36 58 219 213
migao 0.0018 192 174 289 248
migao 0.0018 -2 82 169 183
migao 0.0017 112 169 168 256
migao 0.0017 51 -9 154 98
migao 0.0016 108 31 274 155
migao 0.0014 90 23 140 59
migao 0.0012 190 -63 290 34
migao 0.0012 179 173 229 196
migao 0.0012 160 121 321 302
migao 0.0010 95 4 155 78
wagui 0.0084 6 20 250 176
wagui 0.0015 179 173 229 196
wagui 0.0015 192 174 289 248
wagui 0.0013 92 181 139 197
wagui 0.0013 160 121 321 302
wagui 0.0011 190 -63 290 34
wagui 0.0011 113 148 173 275
