Kongrou 0.0067 85 -11 810 670
Kongrou 0.0038 394 591 666 886
Kongrou 0.0029 438 685 617 803
Kongrou 0.0026 256 530 814 936
Kongrou 0.0014 -20 -23 141 265
Kongrou 0.0012 565 494 1161 1017
Rouzaofun 0.0795 54 -15 844 679
Rouzaofun 0.0056 -20 -23 141 265
Rouzaofun 0.0037 394 591 666 886
Rouzaofun 0.0035 438 685 617 803
Rouzaofun 0.0027 256 530 814 936
Rouzaofun 0.0015 -11 18 97 222
Rouzaofun 0.0012 565 494 1161 1017
Rice_with_Shredded_Chicken 0.6978 54 -15 844 679
Rice_with_Shredded_Chicken 0.0038 394 591 666 886
Rice_with_Shredded_Chicken 0.0035 448 709 572 814
Rice_with_Shredded_Chicken 0.0031 -20 -23 141 265
Rice_with_Shredded_Chicken 0.0031 448 684 642 804
Rice_with_Shredded_Chicken 0.0026 256 530 814 936
Rice_with_Shredded_Chicken 0.0010 135 64 593 507
migao 0.0682 54 -15 844 679
migao 0.0044 394 591 666 886
migao 0.0033 438 685 617 803
migao 0.0027 -20 -23 141 265
migao 0.0025 256 530 814 936
migao 0.0016 565 494 1161 1017
migao 0.0015 -11 18 97 222
migao 0.0010 313 636 568 714
wagui 0.0283 54 -15 844 679
wagui 0.0034 448 709 572 814
wagui 0.0030 448 684 642 804
wagui 0.0026 385 488 690 983
wagui 0.0023 -20 -23 141 265
wagui 0.0019 395 615 693 872
wagui 0.0019 256 530 814 936
wagui 0.0017 257 632 522 682
wagui 0.0013 163 510 493 753
wagui 0.0011 313 636 568 714
