Kongrou 0.1221 10 8 224 171
Kongrou 0.0045 47 -5 221 114
Kongrou 0.0023 150 77 206 150
Kongrou 0.0010 22 43 178 206
Rouzaofun 0.4941 10 24 225 187
Rouzaofun 0.0073 47 -5 221 114
Rouzaofun 0.0020 150 77 206 150
Rouzaofun 0.0014 58 29 185 139
Rouzaofun 0.0013 39 67 204 172
Rouzaofun 0.0010 0 63 128 188
Rice_with_Shredded_Chicken 0.0842 43 23 191 188
Rice_with_Shredded_Chicken 0.0031 38 15 205 116
Rice_with_Shredded_Chicken 0.0014 150 77 206 150
migao 0.3209 12 17 220 196
migao 0.0053 27 -8 208 116
migao 0.0021 150 77 206 150
migao 0.0017 59 20 184 130
wagui 0.0354 12 17 220 196
wagui 0.0018 150 77 206 150
