Kongrou 0.0150 119 -52 202 -3
Kongrou 0.0117 120 -102 208 41
Kongrou 0.0113 4 12 230 170
Kongrou 0.0077 64 -78 262 17
Kongrou 0.0027 131 -64 191 28
Kongrou 0.0015 75 -126 237 52
Kongrou 0.0014 103 -77 220 0
Kongrou 0.0012 10 -173 311 96
Kongrou 0.0011 49 16 173 134
Kongrou 0.0011 144 203 178 239
Kongrou 0.0010 105 169 178 218
Kongrou 0.0010 100 -65 136 28
Rouzaofun 0.5147 0 34 235 187
Rouzaofun 0.0131 119 -52 202 -3
Rouzaofun 0.0095 120 -102 208 41
Rouzaofun 0.0069 64 -78 262 17
Rouzaofun 0.0050 29 54 172 180
Rouzaofun 0.0030 131 -64 191 28
Rouzaofun 0.0016 144 203 178 239
Rouzaofun 0.0015 100 -65 136 28
Rouzaofun 0.0014 10 -173 311 96
Rouzaofun 0.0013 75 -126 237 52
Rouzaofun 0.0012 19 12 140 158
Rouzaofun 0.0010 39 -49 206 11
Rouzaofun 0.0010 103 -77 220 0
Rice_with_Shredded_Chicken 0.1192 23 7 252 174
Rice_with_Shredded_Chicken 0.0138 119 -52 202 -3
Rice_with_Shredded_Chicken 0.0096 120 -102 208 41
Rice_with_Shredded_Chicken 0.0067 64 -78 262 17
Rice_with_Shredded_Chicken 0.0037 131 -64 191 28
Rice_with_Shredded_Chicken 0.0021 10 -173 311 96
Rice_with_Shredded_Chicken 0.0018 144 203 178 239
Rice_with_Shredded_Chicken 0.0016 2 55 197 179
Rice_with_Shredded_Chicken 0.0016 75 -126 237 52
Rice_with_Shredded_Chicken 0.0012 103 -77 220 0
migao 0.0969 0 34 235 187
migao 0.0162 119 -52 202 -3
migao 0.0110 120 -102 208 41
migao 0.0077 64 -78 262 17
migao 0.0044 131 -64 191 28
migao 0.0020 100 -65 136 28
migao 0.0016 10 -173 311 96
migao 0.0016 144 203 178 239
migao 0.0013 103 -77 220 0
migao 0.0010 29 54 172 180
migao 0.0010 75 -126 237 52
migao 0.0010 39 -49 206 11
wagui 0.0126 23 7 252 174
wagui 0.0116 119 -52 202 -3
wagui 0.0090 120 -102 208 41
wagui 0.0072 64 -78 262 17
wagui 0.0037 131 -64 191 28
wagui 0.0024 10 -173 311 96
wagui 0.0019 144 203 178 239
wagui 0.0012 100 -65 136 28
wagui 0.0012 79 -63 164 -14
wagui 0.0011 75 -126 237 52
