Kongrou 0.0543 221 1 366 139
Kongrou 0.0174 400 18 580 168
Kongrou 0.0128 259 66 455 382
Kongrou 0.0117 28 65 190 260
Kongrou 0.0087 172 115 540 337
Kongrou 0.0047 268 -141 435 -42
Kongrou 0.0043 269 -236 449 43
Kongrou 0.0039 177 339 352 449
Kongrou 0.0036 267 163 435 324
Kongrou 0.0033 -18 96 237 229
Kongrou 0.0031 222 362 434 468
Kongrou 0.0029 152 -194 562 0
Kongrou 0.0023 222 272 449 548
Kongrou 0.0021 131 297 536 520
Kongrou 0.0016 354 253 586 478
Kongrou 0.0013 154 -308 529 83
Kongrou 0.0013 21 -19 489 355
Kongrou 0.0012 310 188 416 300
Kongrou 0.0011 23 -391 679 161
Kongrou 0.0011 436 46 567 142
Rouzaofun 0.0374 221 1 366 139
Rouzaofun 0.0289 259 51 455 357
Rouzaofun 0.0223 400 18 580 168
Rouzaofun 0.0134 38 41 215 313
Rouzaofun 0.0113 172 115 540 337
Rouzaofun 0.0052 -20 109 239 239
Rouzaofun 0.0040 268 -141 435 -42
Rouzaofun 0.0035 269 -236 449 43
Rouzaofun 0.0034 18 97 177 274
Rouzaofun 0.0031 222 362 434 468
Rouzaofun 0.0030 267 163 435 324
Rouzaofun 0.0025 131 297 536 520
Rouzaofun 0.0024 152 -194 562 0
Rouzaofun 0.0019 436 46 567 142
Rouzaofun 0.0018 354 253 586 478
Rouzaofun 0.0017 222 272 449 548
Rouzaofun 0.0013 21 -19 489 355
Rouzaofun 0.0012 154 -308 529 83
Rouzaofun 0.0012 23 -391 679 161
Rouzaofun 0.0012 318 -36 673 217
Rouzaofun 0.0011 310 188 416 300
Rouzaofun 0.0011 143 14 420 126
Rouzaofun 0.0011 249 108 454 264
Rice_with_Shredded_Chicken 0.1025 259 66 455 382
Rice_with_Shredded_Chicken 0.0376 221 1 366 139
Rice_with_Shredded_Chicken 0.0357 172 115 540 337
Rice_with_Shredded_Chicken 0.0200 400 18 580 168
Rice_with_Shredded_Chicken 0.0105 38 41 215 313
Rice_with_Shredded_Chicken 0.0041 -18 106 261 242
Rice_with_Shredded_Chicken 0.0041 268 -141 435 -42
Rice_with_Shredded_Chicken 0.0035 269 -236 449 43
Rice_with_Shredded_Chicken 0.0024 222 362 434 468
Rice_with_Shredded_Chicken 0.0024 152 -194 562 0
Rice_with_Shredded_Chicken 0.0023 318 -36 673 217
Rice_with_Shredded_Chicken 0.0020 354 253 586 478
Rice_with_Shredded_Chicken 0.0019 131 297 536 520
Rice_with_Shredded_Chicken 0.0017 23 -391 679 161
Rice_with_Shredded_Chicken 0.0017 21 -19 489 355
Rice_with_Shredded_Chicken 0.0016 267 163 435 324
Rice_with_Shredded_Chicken 0.0015 222 272 449 548
Rice_with_Shredded_Chicken 0.0014 154 -308 529 83
Rice_with_Shredded_Chicken 0.0014 18 97 177 274
Rice_with_Shredded_Chicken 0.0010 436 46 567 142
migao 0.0753 221 1 366 139
migao 0.0419 259 66 455 382
migao 0.0252 400 18 580 168
migao 0.0184 172 115 540 337
migao 0.0117 29 75 188 274
migao 0.0056 -20 109 239 239
migao 0.0048 268 -141 435 -42
migao 0.0039 269 -236 449 43
migao 0.0038 222 362 434 468
migao 0.0026 152 -194 562 0
migao 0.0026 267 163 435 324
migao 0.0024 131 297 536 520
migao 0.0023 222 272 449 548
migao 0.0019 318 -36 673 217
migao 0.0015 354 253 586 478
migao 0.0013 23 -391 679 161
migao 0.0013 436 46 567 142
migao 0.0012 -27 43 279 270
migao 0.0011 177 339 352 449
migao 0.0011 143 14 420 126
migao 0.0010 154 -308 529 83
migao 0.0010 21 -19 489 355
wagui 0.0552 221 1 366 139
wagui 0.0395 400 18 580 168
wagui 0.0184 259 51 455 357
wagui 0.0097 29 75 188 274
wagui 0.0063 183 90 530 316
wagui 0.0047 -20 109 239 239
wagui 0.0033 318 -36 673 217
wagui 0.0032 269 -236 449 43
wagui 0.0031 268 -141 435 -42
wagui 0.0026 152 -194 562 0
wagui 0.0021 23 -391 679 161
wagui 0.0021 177 339 352 449
wagui 0.0019 436 46 567 142
wagui 0.0019 267 163 435 324
wagui 0.0016 222 272 449 548
wagui 0.0015 131 297 536 520
wagui 0.0012 222 362 434 468
wagui 0.0011 64 10 233 307
wagui 0.0011 154 -308 529 83
