Kongrou 0.0741 13 -64 258 276
Kongrou 0.0129 -73 -19 342 229
Kongrou 0.0112 170 93 670 485
Kongrou 0.0032 348 484 476 573
Kongrou 0.0021 309 438 514 620
Kongrou 0.0017 343 504 431 578
Kongrou 0.0014 -120 327 188 576
Kongrou 0.0012 289 355 476 692
Kongrou 0.0011 -235 256 259 584
Rouzaofun 0.3613 155 112 667 483
Rouzaofun 0.0149 -59 -7 330 264
Rouzaofun 0.0087 18 -54 253 311
Rouzaofun 0.0039 348 484 476 573
Rouzaofun 0.0029 321 439 526 618
Rouzaofun 0.0023 343 504 431 578
Rouzaofun 0.0013 463 29 680 217
Rouzaofun 0.0012 522 -10 645 255
Rouzaofun 0.0012 245 446 406 487
Rouzaofun 0.0012 -235 256 259 584
Rouzaofun 0.0012 -115 289 133 563
Rouzaofun 0.0010 205 409 559 635
Rice_with_Shredded_Chicken 0.0141 -59 -7 330 264
Rice_with_Shredded_Chicken 0.0124 135 101 613 489
Rice_with_Shredded_Chicken 0.0082 18 -54 253 311
Rice_with_Shredded_Chicken 0.0036 348 484 476 573
Rice_with_Shredded_Chicken 0.0025 343 504 431 578
Rice_with_Shredded_Chicken 0.0024 309 438 514 620
Rice_with_Shredded_Chicken 0.0012 -120 327 188 576
Rice_with_Shredded_Chicken 0.0010 -235 256 259 584
Rice_with_Shredded_Chicken 0.0010 289 355 476 692
Rice_with_Shredded_Chicken 0.0010 205 409 559 635
migao 0.2033 155 112 667 483
migao 0.0399 18 -54 253 311
migao 0.0395 -59 -7 330 264
migao 0.0037 348 484 476 573
migao 0.0023 343 504 431 578
migao 0.0022 309 438 514 620
migao 0.0012 289 355 476 692
migao 0.0012 245 446 406 487
migao 0.0012 -120 327 188 576
migao 0.0011 -235 256 259 584
migao 0.0011 205 409 559 635
migao 0.0010 463 29 680 217
migao 0.0010 -145 171 170 677
wagui 0.1340 18 -54 253 311
wagui 0.0620 -59 -7 330 264
wagui 0.0384 155 112 667 483
wagui 0.0034 348 484 476 573
wagui 0.0023 343 504 431 578
wagui 0.0023 309 438 514 620
wagui 0.0020 245 446 406 487
wagui 0.0010 463 29 680 217
wagui 0.0010 -10 451 376 594
wagui 0.0010 289 355 476 692
wagui 0.0010 367 513 456 593
