Kongrou 0.0471 127 588 1099 1485
Kongrou 0.0243 739 151 1307 902
Kongrou 0.0035 526 329 1521 939
Kongrou 0.0023 385 525 998 1303
Kongrou 0.0015 87 147 549 544
Kongrou 0.0013 133 35 694 684
Kongrou 0.0012 193 669 748 1385
Rouzaofun 0.0342 544 275 1503 889
Rouzaofun 0.0333 73 103 651 710
Rouzaofun 0.0168 702 190 1246 960
Rouzaofun 0.0118 127 588 1099 1485
Rouzaofun 0.0010 -21 181 657 510
Rice_with_Shredded_Chicken 0.1337 127 588 1099 1485
Rice_with_Shredded_Chicken 0.0730 73 103 651 710
Rice_with_Shredded_Chicken 0.0409 544 275 1503 889
Rice_with_Shredded_Chicken 0.0061 702 190 1246 960
Rice_with_Shredded_Chicken 0.0013 -114 19 882 730
Rice_with_Shredded_Chicken 0.0011 -19 -128 1460 446
Rice_with_Shredded_Chicken 0.0010 15 -79 1410 1516
migao 0.1445 127 588 1099 1485
migao 0.0486 544 275 1503 889
migao 0.0276 74 43 650 678
migao 0.0111 702 190 1246 960
wagui 0.2637 74 43 650 678
wagui 0.0079 127 588 1099 1485
wagui 0.0073 544 275 1503 889
wagui 0.0025 -106 148 933 676
wagui 0.0014 702 190 1246 960
