Kongrou 0.0711 34 -2 143 177
Kongrou 0.0236 -3 19 182 155
Kongrou 0.0113 139 -81 224 -24
Kongrou 0.0101 138 -130 232 19
Kongrou 0.0067 78 -107 291 -4
Kongrou 0.0027 193 77 289 162
Kongrou 0.0022 46 38 149 141
Kongrou 0.0018 10 47 173 120
Kongrou 0.0016 94 -190 308 63
Kongrou 0.0016 114 -96 153 10
Kongrou 0.0015 72 -95 177 -35
Kongrou 0.0013 285 34 317 62
Kongrou 0.0012 54 -99 145 13
Kongrou 0.0011 46 0 127 26
Kongrou 0.0010 118 -108 247 -23
Kongrou 0.0010 42 -78 233 -8
Rouzaofun 0.0312 34 -2 143 177
Rouzaofun 0.0250 -3 19 182 155
Rouzaofun 0.0091 139 -81 224 -24
Rouzaofun 0.0082 138 -130 232 19
Rouzaofun 0.0056 78 -107 291 -4
Rouzaofun 0.0039 193 77 289 162
Rouzaofun 0.0029 10 47 173 120
Rouzaofun 0.0027 46 38 149 141
Rouzaofun 0.0021 114 -96 153 10
Rouzaofun 0.0018 285 34 317 62
Rouzaofun 0.0014 46 0 127 26
Rouzaofun 0.0014 42 -78 233 -8
Rouzaofun 0.0012 94 -190 308 63
Rouzaofun 0.0010 169 89 324 150
Rouzaofun 0.0010 214 98 280 141
Rice_with_Shredded_Chicken 0.0188 -3 19 182 155
Rice_with_Shredded_Chicken 0.0122 34 -2 143 177
Rice_with_Shredded_Chicken 0.0092 139 -81 224 -24
Rice_with_Shredded_Chicken 0.0080 138 -130 232 19
Rice_with_Shredded_Chicken 0.0056 78 -107 291 -4
Rice_with_Shredded_Chicken 0.0028 198 61 292 182
Rice_with_Shredded_Chicken 0.0019 10 47 173 120
Rice_with_Shredded_Chicken 0.0019 285 34 317 62
Rice_with_Shredded_Chicken 0.0015 94 -190 308 63
Rice_with_Shredded_Chicken 0.0014 46 38 149 141
Rice_with_Shredded_Chicken 0.0014 114 -96 153 10
Rice_with_Shredded_Chicken 0.0013 42 -78 233 -8
Rice_with_Shredded_Chicken 0.0012 54 -99 145 13
Rice_with_Shredded_Chicken 0.0010 46 0 127 26
migao 0.0778 34 -2 143 177
migao 0.0699 -3 19 182 155
migao 0.0115 139 -81 224 -24
migao 0.0097 138 -130 232 19
migao 0.0063 78 -107 291 -4
migao 0.0038 198 61 292 182
migao 0.0032 114 -96 153 10
migao 0.0026 10 47 173 120
migao 0.0021 285 34 317 62
migao 0.0021 46 38 149 141
migao 0.0018 46 0 127 26
migao 0.0016 42 -78 233 -8
migao 0.0014 94 -190 308 63
migao 0.0011 129 178 234 238
migao 0.0011 165 89 316 150
migao 0.0010 285 41 317 79
migao 0.0010 68 -140 207 52
wagui 0.0437 198 61 292 182
wagui 0.0284 34 -2 143 177
wagui 0.0216 -3 19 182 155
wagui 0.0077 138 -130 232 19
wagui 0.0069 139 -81 224 -24
wagui 0.0057 78 -107 291 -4
wagui 0.0039 46 0 127 26
wagui 0.0029 285 34 317 62
wagui 0.0025 151 63 338 184
wagui 0.0020 10 47 173 120
wagui 0.0018 100 -94 144 9
wagui 0.0017 46 38 149 141
wagui 0.0017 54 -99 145 13
wagui 0.0017 90 -93 183 -36
wagui 0.0017 9 -205 353 75
wagui 0.0017 222 124 332 151
wagui 0.0016 37 -16 142 71
wagui 0.0016 219 108 275 143
wagui 0.0014 285 41 317 79
wagui 0.0014 195 19 228 53
wagui 0.0014 149 14 189 71
wagui 0.0012 -38 -68 205 134
wagui 0.0010 85 -169 266 41
wagui 0.0010 26 -80 225 -6
wagui 0.0010 165 89 316 150
wagui 0.0010 140 -4 198 89
