Kongrou 0.0923 162 190 1880 1360
Kongrou 0.0150 562 242 1552 1217
Kongrou 0.0024 -37 1467 1049 1876
Kongrou 0.0021 460 -817 1886 442
Kongrou 0.0019 32 674 637 1292
Rouzaofun 0.1321 318 32 1735 1471
Rouzaofun 0.0197 562 242 1552 1217
Rouzaofun 0.0035 32 674 637 1292
Rouzaofun 0.0025 -37 1467 1049 1876
Rouzaofun 0.0019 460 -817 1886 442
Rouzaofun 0.0013 1152 1607 1407 1860
Rice_with_Shredded_Chicken 0.0109 403 -52 1647 1584
Rice_with_Shredded_Chicken 0.0032 -37 1467 1049 1876
Rice_with_Shredded_Chicken 0.0022 329 -680 2034 300
Rice_with_Shredded_Chicken 0.0015 32 674 637 1292
Rice_with_Shredded_Chicken 0.0014 1152 1607 1407 1860
Rice_with_Shredded_Chicken 0.0012 562 242 1552 1217
migao 0.2707 318 32 1735 1471
migao 0.0151 562 242 1552 1217
migao 0.0028 32 674 637 1292
migao 0.0020 -37 1467 1049 1876
migao 0.0020 329 -680 2034 300
migao 0.0013 1152 1607 1407 1860
wagui 0.0500 318 32 1735 1471
wagui 0.0051 -37 1467 1049 1876
wagui 0.0023 32 674 637 1292
wagui 0.0020 142 -948 2241 553
wagui 0.0013 1152 1607 1407 1860
wagui 0.0010 -245 1209 1268 2124
wagui 0.0010 578 282 1539 1330
