Kongrou 0.0632 762 370 1133 751
Kongrou 0.0605 23 83 395 398
Kongrou 0.0319 812 12 1229 371
Kongrou 0.0247 459 71 845 410
Kongrou 0.0164 660 437 1234 684
Kongrou 0.0072 49 163 319 370
Kongrou 0.0065 804 425 1089 649
Kongrou 0.0063 507 850 892 1053
Kongrou 0.0056 497 138 806 345
Kongrou 0.0056 234 336 627 737
Kongrou 0.0053 504 663 927 1216
Kongrou 0.0051 858 96 1182 289
Kongrou 0.0043 268 690 1158 1187
Kongrou 0.0038 703 71 1386 311
Kongrou 0.0037 -80 122 547 358
Kongrou 0.0037 96 131 370 304
Kongrou 0.0032 328 127 924 354
Kongrou 0.0024 543 -445 989 163
Kongrou 0.0022 551 -249 949 -15
Kongrou 0.0021 257 597 457 723
Kongrou 0.0018 303 445 557 629
Kongrou 0.0016 373 -564 1307 221
Kongrou 0.0016 94 409 765 663
Kongrou 0.0016 326 -367 1200 85
Kongrou 0.0015 191 459 524 861
Kongrou 0.0012 128 -61 1335 908
Kongrou 0.0012 414 -6 1054 873
Kongrou 0.0010 -383 -269 672 1122
Rouzaofun 0.1328 762 370 1133 751
Rouzaofun 0.0978 23 83 395 398
Rouzaofun 0.0962 459 71 845 410
Rouzaofun 0.0562 821 49 1270 383
Rouzaofun 0.0349 660 437 1234 684
Rouzaofun 0.0175 497 138 806 345
Rouzaofun 0.0130 263 282 667 906
Rouzaofun 0.0121 49 163 319 370
Rouzaofun 0.0115 328 127 924 354
Rouzaofun 0.0099 804 425 1089 649
Rouzaofun 0.0089 -80 122 547 358
Rouzaofun 0.0083 858 96 1182 289
Rouzaofun 0.0059 507 850 892 1053
Rouzaofun 0.0048 96 131 370 304
Rouzaofun 0.0048 689 70 1449 312
Rouzaofun 0.0045 268 690 1158 1187
Rouzaofun 0.0040 504 663 927 1216
Rouzaofun 0.0037 215 358 596 764
Rouzaofun 0.0036 94 409 765 663
Rouzaofun 0.0025 257 597 457 723
Rouzaofun 0.0025 551 -249 949 -15
Rouzaofun 0.0024 303 445 557 629
Rouzaofun 0.0022 926 151 1215 332
Rouzaofun 0.0022 49 51 1226 804
Rouzaofun 0.0020 89 335 838 860
Rouzaofun 0.0019 543 -445 989 163
Rouzaofun 0.0018 191 459 524 861
Rouzaofun 0.0017 330 348 728 726
Rouzaofun 0.0015 326 -367 1200 85
Rouzaofun 0.0014 414 -6 1054 873
Rouzaofun 0.0013 340 -665 1338 320
Rouzaofun 0.0010 420 463 639 611
Rouzaofun 0.0010 469 -309 636 137
Rice_with_Shredded_Chicken 0.0919 762 370 1133 751
Rice_with_Shredded_Chicken 0.0847 263 282 667 906
Rice_with_Shredded_Chicken 0.0831 23 83 395 398
Rice_with_Shredded_Chicken 0.0548 459 71 845 410
Rice_with_Shredded_Chicken 0.0331 812 12 1229 371
Rice_with_Shredded_Chicken 0.0287 660 437 1234 684
Rice_with_Shredded_Chicken 0.0080 497 138 806 345
Rice_with_Shredded_Chicken 0.0075 328 127 924 354
Rice_with_Shredded_Chicken 0.0074 703 71 1386 311
Rice_with_Shredded_Chicken 0.0073 -80 122 547 358
Rice_with_Shredded_Chicken 0.0071 49 163 319 370
Rice_with_Shredded_Chicken 0.0059 89 335 838 860
Rice_with_Shredded_Chicken 0.0059 804 425 1089 649
Rice_with_Shredded_Chicken 0.0046 507 850 892 1053
Rice_with_Shredded_Chicken 0.0038 858 96 1182 289
Rice_with_Shredded_Chicken 0.0038 504 663 927 1216
Rice_with_Shredded_Chicken 0.0037 268 690 1158 1187
Rice_with_Shredded_Chicken 0.0029 96 131 370 304
Rice_with_Shredded_Chicken 0.0028 94 409 765 663
Rice_with_Shredded_Chicken 0.0023 215 358 596 764
Rice_with_Shredded_Chicken 0.0022 551 -249 949 -15
Rice_with_Shredded_Chicken 0.0019 543 -445 989 163
Rice_with_Shredded_Chicken 0.0018 26 -93 1254 949
Rice_with_Shredded_Chicken 0.0016 258 -525 1222 185
Rice_with_Shredded_Chicken 0.0015 257 597 457 723
Rice_with_Shredded_Chicken 0.0015 414 -6 1054 873
Rice_with_Shredded_Chicken 0.0014 53 -759 1447 397
Rice_with_Shredded_Chicken 0.0014 318 -18 911 531
Rice_with_Shredded_Chicken 0.0013 303 445 557 629
Rice_with_Shredded_Chicken 0.0011 98 482 617 838
migao 0.1306 762 370 1133 751
migao 0.1232 23 83 395 398
migao 0.0670 459 71 845 410
migao 0.0454 812 12 1229 371
migao 0.0377 660 437 1234 684
migao 0.0120 497 138 806 345
migao 0.0120 263 282 667 906
migao 0.0103 49 163 319 370
migao 0.0092 328 127 924 354
migao 0.0088 682 74 1358 308
migao 0.0087 -80 122 547 358
migao 0.0077 507 850 892 1053
migao 0.0066 804 425 1089 649
migao 0.0058 858 96 1182 289
migao 0.0054 504 663 927 1216
migao 0.0046 268 690 1158 1187
migao 0.0035 96 131 370 304
migao 0.0031 109 426 701 746
migao 0.0027 551 -249 949 -15
migao 0.0027 257 597 457 723
migao 0.0022 543 -445 989 163
migao 0.0018 303 445 557 629
migao 0.0018 258 -525 1222 185
migao 0.0015 469 -309 636 137
migao 0.0014 926 151 1215 332
migao 0.0013 89 335 838 860
migao 0.0013 128 -61 1335 908
migao 0.0012 328 348 680 726
migao 0.0011 53 -759 1447 397
migao 0.0010 191 459 524 861
migao 0.0010 414 -6 1054 873
wagui 0.1434 23 83 395 398
wagui 0.1184 762 370 1133 751
wagui 0.0402 459 71 845 410
wagui 0.0311 660 437 1234 684
wagui 0.0258 821 49 1270 383
wagui 0.0151 271 258 658 848
wagui 0.0118 49 163 319 370
wagui 0.0082 -80 122 547 358
wagui 0.0079 804 425 1089 649
wagui 0.0061 96 131 370 304
wagui 0.0061 497 138 806 345
wagui 0.0055 328 127 924 354
wagui 0.0035 504 663 927 1216
wagui 0.0033 858 96 1182 289
wagui 0.0032 268 690 1158 1187
wagui 0.0030 507 850 892 1053
wagui 0.0024 94 409 765 663
wagui 0.0024 689 70 1449 312
wagui 0.0022 257 597 457 723
wagui 0.0020 303 445 557 629
wagui 0.0019 97 298 826 799
wagui 0.0019 543 -445 989 163
wagui 0.0017 53 -759 1447 397
wagui 0.0015 551 -249 949 -15
wagui 0.0014 326 -367 1200 85
wagui 0.0013 376 -296 757 -66
wagui 0.0013 373 -564 1307 221
wagui 0.0010 128 -61 1335 908
