Kongrou 0.0198 47 29 213 201
Kongrou 0.0063 215 139 256 189
Kongrou 0.0021 212 8 260 120
Kongrou 0.0010 -5 60 49 168
Kongrou 0.0010 110 56 218 187
Rouzaofun 0.5278 27 48 231 185
Rouzaofun 0.0374 215 139 256 189
Rouzaofun 0.0051 110 56 218 187
Rouzaofun 0.0046 54 37 175 167
Rouzaofun 0.0044 212 13 260 126
Rouzaofun 0.0036 21 -24 107 72
Rouzaofun 0.0032 3 14 254 146
Rouzaofun 0.0028 232 148 261 191
Rouzaofun 0.0024 -5 60 49 168
Rouzaofun 0.0023 -37 -9 215 202
Rouzaofun 0.0015 48 35 289 236
Rouzaofun 0.0014 33 -45 265 80
Rouzaofun 0.0013 225 129 267 200
Rouzaofun 0.0013 -22 92 67 167
Rouzaofun 0.0012 58 82 191 202
Rouzaofun 0.0012 30 61 139 182
Rouzaofun 0.0011 81 -85 216 119
Rice_with_Shredded_Chicken 0.4606 27 48 231 185
Rice_with_Shredded_Chicken 0.0323 215 139 256 189
Rice_with_Shredded_Chicken 0.0031 212 13 260 126
Rice_with_Shredded_Chicken 0.0018 110 56 218 187
Rice_with_Shredded_Chicken 0.0016 10 166 157 217
Rice_with_Shredded_Chicken 0.0015 -19 77 63 152
Rice_with_Shredded_Chicken 0.0013 232 148 261 191
Rice_with_Shredded_Chicken 0.0012 -37 -9 215 202
Rice_with_Shredded_Chicken 0.0011 3 14 254 146
Rice_with_Shredded_Chicken 0.0011 -6 61 40 167
migao 0.1217 27 48 231 185
migao 0.0424 215 139 256 189
migao 0.0034 212 8 260 120
migao 0.0027 232 148 261 191
migao 0.0018 -19 77 63 152
migao 0.0011 -6 61 40 167
migao 0.0011 -19 101 64 177
migao 0.0010 21 -24 107 72
wagui 0.0606 47 29 213 201
wagui 0.0354 215 139 256 189
wagui 0.0049 212 8 260 120
wagui 0.0023 10 166 157 217
wagui 0.0023 194 -18 292 86
wagui 0.0021 232 148 261 191
wagui 0.0018 34 181 119 197
wagui 0.0014 21 -24 107 72
wagui 0.0014 -19 77 63 152
wagui 0.0013 33 -45 265 80
wagui 0.0012 219 35 253 94
wagui 0.0010 81 -85 216 119
