Kongrou 0.0495 53 84 130 174
Kongrou 0.0211 22 102 151 157
Kongrou 0.0045 10 80 159 184
Kongrou 0.0030 62 104 121 155
Kongrou 0.0024 55 -112 241 65
Kongrou 0.0016 140 189 183 230
Kongrou 0.0010 121 170 192 248
Kongrou 0.0010 130 202 162 236
Rouzaofun 0.0587 53 84 130 174
Rouzaofun 0.0322 29 102 154 157
Rouzaofun 0.0060 10 80 159 184
Rouzaofun 0.0037 62 104 121 155
Rouzaofun 0.0021 55 -112 241 65
Rouzaofun 0.0021 140 189 183 230
Rouzaofun 0.0016 130 202 162 236
Rouzaofun 0.0015 121 170 192 248
Rice_with_Shredded_Chicken 0.0349 53 84 130 174
Rice_with_Shredded_Chicken 0.0258 29 102 154 157
Rice_with_Shredded_Chicken 0.0037 10 80 159 184
Rice_with_Shredded_Chicken 0.0025 50 -88 248 41
Rice_with_Shredded_Chicken 0.0023 26 -133 275 84
Rice_with_Shredded_Chicken 0.0018 62 104 121 155
Rice_with_Shredded_Chicken 0.0017 130 202 162 236
Rice_with_Shredded_Chicken 0.0017 135 195 178 233
Rice_with_Shredded_Chicken 0.0011 127 170 196 249
Rice_with_Shredded_Chicken 0.0010 2 4 43 25
migao 0.0620 53 84 130 174
migao 0.0352 29 102 154 157
migao 0.0084 10 80 159 184
migao 0.0024 50 -88 248 41
migao 0.0021 62 104 121 155
migao 0.0021 140 189 183 230
migao 0.0019 26 -133 275 84
migao 0.0016 130 202 162 236
migao 0.0012 121 170 192 248
migao 0.0011 2 4 43 25
wagui 0.1152 46 69 123 194
wagui 0.0314 29 102 154 157
wagui 0.0155 10 80 159 184
wagui 0.0032 132 20 237 142
wagui 0.0029 58 100 135 179
wagui 0.0027 82 -36 297 189
wagui 0.0023 26 -133 275 84
wagui 0.0023 140 189 183 230
wagui 0.0022 2 4 43 25
wagui 0.0018 50 -88 248 41
wagui 0.0018 62 104 121 155
wagui 0.0018 130 202 162 236
wagui 0.0011 127 170 196 249
