Kongrou 0.0119 40 0 217 191
Kongrou 0.0015 99 167 169 219
Kongrou 0.0012 110 143 179 279
Kongrou 0.0011 5 176 122 246
Kongrou 0.0010 118 172 165 252
Rouzaofun 0.6417 14 13 242 180
Rouzaofun 0.0030 18 39 150 164
Rouzaofun 0.0021 56 37 193 146
Rouzaofun 0.0019 90 170 158 217
Rouzaofun 0.0018 5 176 122 246
Rouzaofun 0.0016 33 80 136 183
Rouzaofun 0.0015 116 32 233 151
Rouzaofun 0.0013 1 15 168 128
Rouzaofun 0.0012 118 172 165 252
Rouzaofun 0.0010 137 202 166 236
Rouzaofun 0.0010 47 55 210 217
Rouzaofun 0.0010 46 147 223 236
Rouzaofun 0.0010 91 92 178 289
Rice_with_Shredded_Chicken 0.0980 14 13 242 180
Rice_with_Shredded_Chicken 0.0020 5 176 122 246
Rice_with_Shredded_Chicken 0.0013 118 172 165 252
Rice_with_Shredded_Chicken 0.0011 137 202 166 236
Rice_with_Shredded_Chicken 0.0011 -2 39 171 164
Rice_with_Shredded_Chicken 0.0010 91 92 178 289
Rice_with_Shredded_Chicken 0.0010 45 142 215 285
Rice_with_Shredded_Chicken 0.0010 76 171 213 251
migao 0.1851 14 13 242 180
migao 0.0016 118 172 165 252
migao 0.0015 5 176 122 246
migao 0.0014 99 167 169 219
migao 0.0012 110 143 179 279
migao 0.0011 90 182 153 206
migao 0.0010 137 202 166 236
wagui 0.0355 14 13 242 180
wagui 0.0017 90 170 158 217
wagui 0.0014 5 176 122 246
wagui 0.0011 90 182 153 206
wagui 0.0010 46 147 223 236
wagui 0.0010 137 202 166 236
