Kongrou 0.0066 342 -112 594 20
Kongrou 0.0035 332 -219 622 114
Kongrou 0.0023 179 268 411 510
Kongrou 0.0023 419 101 662 302
Kongrou 0.0020 -61 -82 205 151
Kongrou 0.0020 300 516 521 663
Kongrou 0.0018 0 -3 159 91
Kongrou 0.0018 -130 -196 267 264
Kongrou 0.0015 314 422 524 806
Kongrou 0.0014 249 491 471 634
Kongrou 0.0013 311 73 754 344
Kongrou 0.0013 183 49 408 238
Kongrou 0.0011 185 452 653 710
Kongrou 0.0010 89 232 512 533
Rouzaofun 0.3456 414 46 654 369
Rouzaofun 0.0472 311 73 754 344
Rouzaofun 0.0299 182 171 421 585
Rouzaofun 0.0138 89 232 512 533
Rouzaofun 0.0061 342 -112 594 20
Rouzaofun 0.0032 0 -3 159 91
Rouzaofun 0.0031 347 126 733 276
Rouzaofun 0.0029 215 -192 733 86
Rouzaofun 0.0025 183 49 408 238
Rouzaofun 0.0025 122 284 468 465
Rouzaofun 0.0024 -61 -82 205 151
Rouzaofun 0.0023 -2 144 102 230
Rouzaofun 0.0018 -130 -196 267 264
Rouzaofun 0.0018 463 140 617 234
Rouzaofun 0.0018 318 490 505 742
Rouzaofun 0.0014 439 152 641 279
Rouzaofun 0.0012 210 452 629 768
Rice_with_Shredded_Chicken 0.1557 414 46 654 369
Rice_with_Shredded_Chicken 0.0632 182 171 421 585
Rice_with_Shredded_Chicken 0.0326 311 73 754 344
Rice_with_Shredded_Chicken 0.0273 89 232 512 533
Rice_with_Shredded_Chicken 0.0053 342 -112 594 20
Rice_with_Shredded_Chicken 0.0043 -61 -82 205 151
Rice_with_Shredded_Chicken 0.0032 -2 144 102 230
Rice_with_Shredded_Chicken 0.0028 332 -219 622 114
Rice_with_Shredded_Chicken 0.0021 0 -3 159 91
Rice_with_Shredded_Chicken 0.0021 -130 -196 267 264
Rice_with_Shredded_Chicken 0.0021 318 490 505 742
Rice_with_Shredded_Chicken 0.0017 347 126 733 276
Rice_with_Shredded_Chicken 0.0017 147 280 473 470
Rice_with_Shredded_Chicken 0.0014 183 49 408 238
Rice_with_Shredded_Chicken 0.0011 210 452 629 768
Rice_with_Shredded_Chicken 0.0010 463 140 617 234
migao 0.0634 414 46 654 369
migao 0.0133 311 73 754 344
migao 0.0091 182 171 421 585
migao 0.0072 342 -112 594 20
migao 0.0055 89 232 512 533
migao 0.0035 -2 144 102 230
migao 0.0033 -61 -82 205 151
migao 0.0032 332 -219 622 114
migao 0.0030 0 -3 159 91
migao 0.0026 318 490 505 742
migao 0.0020 122 284 468 465
migao 0.0020 347 126 733 276
migao 0.0019 -130 -196 267 264
migao 0.0016 183 49 408 238
migao 0.0014 463 140 617 234
migao 0.0013 297 383 541 784
migao 0.0010 185 452 653 710
wagui 0.0253 414 46 654 369
wagui 0.0088 311 73 754 344
wagui 0.0085 -2 144 102 230
wagui 0.0034 342 -112 594 20
wagui 0.0030 -61 -82 205 151
wagui 0.0030 0 -3 159 91
wagui 0.0026 332 -219 622 114
wagui 0.0024 89 232 512 533
wagui 0.0019 182 171 421 585
wagui 0.0015 -69 -283 214 359
wagui 0.0014 314 422 524 806
wagui 0.0013 463 140 617 234
wagui 0.0012 300 516 521 663
wagui 0.0011 249 491 471 634
wagui 0.0011 183 49 408 238
wagui 0.0011 347 126 733 276
wagui 0.0011 122 284 468 465
wagui 0.0011 185 452 653 710
wagui 0.0010 253 -134 467 -12
