Kongrou 0.0425 126 -49 550 423
Kongrou 0.0245 201 -15 450 367
Kongrou 0.0016 1 -157 225 43
Kongrou 0.0015 290 479 453 563
Kongrou 0.0014 291 354 467 672
Kongrou 0.0011 355 515 441 606
Kongrou 0.0011 197 442 401 549
Kongrou 0.0011 -25 438 65 499
Rouzaofun 0.0352 125 26 531 376
Rouzaofun 0.0018 355 515 441 606
Rouzaofun 0.0016 -25 438 65 499
Rouzaofun 0.0014 1 -157 225 43
Rouzaofun 0.0011 290 479 453 563
Rouzaofun 0.0011 197 442 401 549
Rouzaofun 0.0010 291 354 467 672
Rice_with_Shredded_Chicken 0.0097 150 27 555 375
Rice_with_Shredded_Chicken 0.0017 355 515 441 606
Rice_with_Shredded_Chicken 0.0017 -25 438 65 499
Rice_with_Shredded_Chicken 0.0015 17 -154 263 40
Rice_with_Shredded_Chicken 0.0010 291 354 467 672
Rice_with_Shredded_Chicken 0.0010 290 479 453 563
migao 0.0626 125 26 531 376
migao 0.0018 -25 438 65 499
migao 0.0017 290 479 453 563
migao 0.0015 355 515 441 606
migao 0.0014 291 354 467 672
migao 0.0013 1 -157 225 43
wagui 0.0127 126 -49 550 423
wagui 0.0028 -25 438 65 499
wagui 0.0018 355 515 441 606
wagui 0.0012 -24 63 63 144
wagui 0.0012 200 6 453 394
wagui 0.0011 290 479 453 563
wagui 0.0010 291 354 467 672
wagui 0.0010 17 -154 263 40
