Kongrou 0.1142 21 -21 145 93
Kongrou 0.0091 86 20 237 164
Kongrou 0.0035 181 -11 282 44
Kongrou 0.0014 142 103 325 249
Kongrou 0.0011 29 -3 261 141
Kongrou 0.0011 160 123 273 239
Rouzaofun 0.1190 86 33 237 172
Rouzaofun 0.0512 21 -21 145 93
Rouzaofun 0.0351 183 -12 275 61
Rouzaofun 0.0048 178 -2 286 35
Rouzaofun 0.0022 146 -34 312 85
Rouzaofun 0.0012 48 -6 284 143
Rice_with_Shredded_Chicken 0.0436 42 40 251 167
Rice_with_Shredded_Chicken 0.0173 21 -21 145 93
Rice_with_Shredded_Chicken 0.0042 183 -12 275 61
Rice_with_Shredded_Chicken 0.0019 178 -2 286 35
Rice_with_Shredded_Chicken 0.0013 -10 -155 211 55
Rice_with_Shredded_Chicken 0.0011 142 125 268 238
Rice_with_Shredded_Chicken 0.0010 146 -34 312 85
migao 0.0752 21 -21 145 93
migao 0.0584 35 16 256 161
migao 0.0125 106 38 239 167
migao 0.0111 194 -11 285 61
migao 0.0047 182 2 281 41
migao 0.0013 142 103 325 249
migao 0.0011 128 -62 211 -17
migao 0.0011 119 184 198 228
migao 0.0010 159 -36 320 87
wagui 0.0148 35 16 256 161
wagui 0.0065 21 -21 145 93
wagui 0.0062 194 -11 285 61
wagui 0.0040 182 2 281 41
wagui 0.0026 0 151 50 172
wagui 0.0015 84 10 218 131
wagui 0.0014 106 38 239 167
wagui 0.0014 -10 -155 211 55
