Kongrou 0.0308 89 9 514 437
Kongrou 0.0109 12 -11 137 173
Kongrou 0.0025 293 -20 526 114
Kongrou 0.0018 26 23 122 139
Kongrou 0.0010 297 469 383 546
Rouzaofun 0.3414 69 30 534 431
Rouzaofun 0.0300 12 -11 137 173
Rouzaofun 0.0042 26 23 122 139
Rouzaofun 0.0020 110 88 421 383
Rouzaofun 0.0019 293 -20 526 114
Rouzaofun 0.0019 -8 25 204 160
Rouzaofun 0.0014 297 469 383 546
Rouzaofun 0.0013 204 118 600 401
Rice_with_Shredded_Chicken 0.3530 69 30 534 431
Rice_with_Shredded_Chicken 0.0178 12 -11 137 173
Rice_with_Shredded_Chicken 0.0023 26 23 122 139
Rice_with_Shredded_Chicken 0.0015 293 -20 526 114
Rice_with_Shredded_Chicken 0.0013 297 469 383 546
Rice_with_Shredded_Chicken 0.0012 -8 25 204 160
Rice_with_Shredded_Chicken 0.0010 261 391 396 593
migao 0.1931 61 29 542 422
migao 0.0239 12 -11 137 173
migao 0.0031 26 23 122 139
migao 0.0022 293 -20 526 114
migao 0.0016 -8 25 204 160
migao 0.0014 261 391 396 593
migao 0.0012 297 469 383 546
wagui 0.0263 89 9 514 437
wagui 0.0162 12 -11 137 173
wagui 0.0033 302 -34 506 141
wagui 0.0019 26 23 122 139
wagui 0.0013 297 469 383 546
wagui 0.0012 -8 25 204 160
