Kongrou 0.0272 419 21 1006 657
Kongrou 0.0121 205 93 1217 573
Kongrou 0.0062 559 -310 941 -86
Kongrou 0.0041 562 -506 970 94
Kongrou 0.0034 350 -423 1176 9
Kongrou 0.0031 643 119 1076 650
Kongrou 0.0028 492 785 907 987
Kongrou 0.0018 250 638 1175 1107
Kongrou 0.0018 496 582 935 1165
Kongrou 0.0017 402 -687 1270 213
Kongrou 0.0015 -287 232 591 882
Kongrou 0.0012 13 -838 1488 348
Kongrou 0.0012 364 732 764 946
Kongrou 0.0010 641 545 1169 1017
Kongrou 0.0010 369 -367 762 -127
Rouzaofun 0.1079 487 56 1035 703
Rouzaofun 0.0394 217 139 1207 623
Rouzaofun 0.0052 559 -310 941 -86
Rouzaofun 0.0033 562 -506 970 94
Rouzaofun 0.0030 350 -423 1176 9
Rouzaofun 0.0027 492 785 907 987
Rouzaofun 0.0022 250 638 1175 1107
Rouzaofun 0.0016 -11 -438 440 33
Rouzaofun 0.0014 496 582 935 1165
Rouzaofun 0.0013 13 -838 1488 348
Rouzaofun 0.0012 641 545 1169 1017
Rouzaofun 0.0012 390 23 841 649
Rouzaofun 0.0011 -287 232 591 882
Rouzaofun 0.0011 402 -687 1270 213
Rouzaofun 0.0010 -254 -347 403 626
Rouzaofun 0.0010 469 -381 634 74
Rice_with_Shredded_Chicken 0.2848 437 83 993 675
Rice_with_Shredded_Chicken 0.0800 217 139 1207 623
Rice_with_Shredded_Chicken 0.0050 559 -310 941 -86
Rice_with_Shredded_Chicken 0.0031 562 -506 970 94
Rice_with_Shredded_Chicken 0.0029 643 119 1076 650
Rice_with_Shredded_Chicken 0.0028 350 -423 1176 9
Rice_with_Shredded_Chicken 0.0021 492 785 907 987
Rice_with_Shredded_Chicken 0.0019 13 -838 1488 348
Rice_with_Shredded_Chicken 0.0017 250 638 1175 1107
Rice_with_Shredded_Chicken 0.0014 -11 -438 440 33
Rice_with_Shredded_Chicken 0.0013 402 -687 1270 213
Rice_with_Shredded_Chicken 0.0013 496 582 935 1165
Rice_with_Shredded_Chicken 0.0012 641 545 1169 1017
Rice_with_Shredded_Chicken 0.0011 -254 -347 403 626
Rice_with_Shredded_Chicken 0.0011 -268 2 555 1117
migao 0.0882 437 83 993 675
migao 0.0359 217 139 1207 623
migao 0.0063 559 -310 941 -86
migao 0.0037 562 -506 970 94
migao 0.0035 492 785 907 987
migao 0.0033 350 -423 1176 9
migao 0.0023 250 638 1175 1107
migao 0.0019 496 582 935 1165
migao 0.0015 13 -838 1488 348
migao 0.0014 643 119 1076 650
migao 0.0013 -287 232 591 882
migao 0.0013 -11 -438 440 33
migao 0.0012 402 -687 1270 213
migao 0.0012 469 -381 634 74
migao 0.0010 -254 -347 403 626
wagui 0.0842 437 83 993 675
wagui 0.0312 217 139 1207 623
wagui 0.0031 562 -506 970 94
wagui 0.0030 559 -310 941 -86
wagui 0.0028 350 -423 1176 9
wagui 0.0024 13 -838 1488 348
wagui 0.0019 -469 146 742 955
wagui 0.0016 369 -367 762 -127
wagui 0.0013 402 -687 1270 213
wagui 0.0013 250 638 1175 1107
wagui 0.0013 496 582 935 1165
wagui 0.0011 643 119 1076 650
wagui 0.0011 -11 -438 440 33
wagui 0.0011 492 785 907 987
wagui 0.0011 -254 -347 403 626
wagui 0.0010 -10 550 135 734
