Kongrou 0.0207 -18 129 350 470
Kongrou 0.0025 11 164 231 445
Kongrou 0.0023 100 166 298 440
Kongrou 0.0014 -237 4 176 264
Kongrou 0.0011 339 291 444 467
Rouzaofun 0.2471 -18 129 350 470
Rouzaofun 0.0121 67 163 290 445
Rouzaofun 0.0049 15 -3 186 215
Rouzaofun 0.0013 336 281 447 457
Rouzaofun 0.0013 -72 15 273 202
Rouzaofun 0.0011 -237 4 176 264
Rouzaofun 0.0011 6 163 195 448
Rouzaofun 0.0010 192 -13 256 23
Rice_with_Shredded_Chicken 0.0508 15 -3 186 215
Rice_with_Shredded_Chicken 0.0294 -18 129 350 470
Rice_with_Shredded_Chicken 0.0030 -72 15 273 202
Rice_with_Shredded_Chicken 0.0012 -225 -118 170 385
Rice_with_Shredded_Chicken 0.0011 339 291 444 467
Rice_with_Shredded_Chicken 0.0011 192 -13 256 23
Rice_with_Shredded_Chicken 0.0011 284 -2 341 31
migao 0.2366 -18 129 350 470
migao 0.0060 15 -3 186 215
migao 0.0044 67 163 290 445
migao 0.0014 339 291 444 467
migao 0.0013 284 -2 341 31
migao 0.0013 -237 4 176 264
migao 0.0013 -67 0 267 179
migao 0.0012 192 -13 256 23
migao 0.0010 177 -4 251 33
wagui 0.0891 15 -3 186 215
wagui 0.0081 -18 129 350 470
wagui 0.0052 -72 15 273 202
wagui 0.0035 284 -2 341 31
wagui 0.0024 192 -13 256 23
wagui 0.0017 177 -4 251 33
wagui 0.0014 -237 4 176 264
wagui 0.0013 138 -6 231 35
wagui 0.0012 221 -40 417 98
wagui 0.0011 339 291 444 467
wagui 0.0011 77 -2 154 31
