Kongrou 0.0863 6 11 241 190
Kongrou 0.0015 87 184 146 204
Kongrou 0.0014 126 182 165 206
Kongrou 0.0012 18 171 63 198
Kongrou 0.0011 110 146 186 276
Kongrou 0.0010 123 -3 159 28
Kongrou 0.0010 97 161 194 227
Rouzaofun 0.5113 6 11 241 190
Rouzaofun 0.0025 87 184 146 204
Rouzaofun 0.0020 18 171 63 198
Rouzaofun 0.0018 49 34 171 157
Rouzaofun 0.0016 72 181 143 197
Rouzaofun 0.0016 126 182 165 206
Rouzaofun 0.0013 84 45 250 165
Rouzaofun 0.0012 123 -3 159 28
Rouzaofun 0.0012 57 -13 230 138
Rouzaofun 0.0011 97 161 194 227
Rouzaofun 0.0011 117 -29 165 -2
Rouzaofun 0.0011 115 172 178 251
Rouzaofun 0.0010 63 161 233 259
Rouzaofun 0.0010 103 181 159 207
Rouzaofun 0.0010 3 172 49 197
Rouzaofun 0.0010 -7 62 180 218
Rice_with_Shredded_Chicken 0.0419 40 6 208 194
Rice_with_Shredded_Chicken 0.0015 84 185 141 203
Rice_with_Shredded_Chicken 0.0012 123 -3 159 28
Rice_with_Shredded_Chicken 0.0012 18 171 63 198
Rice_with_Shredded_Chicken 0.0012 126 182 165 206
Rice_with_Shredded_Chicken 0.0010 117 -29 165 -2
Rice_with_Shredded_Chicken 0.0010 110 146 186 276
migao 0.2906 6 11 241 190
migao 0.0029 84 185 141 203
migao 0.0019 18 171 63 198
migao 0.0016 72 181 143 197
migao 0.0015 126 182 165 206
migao 0.0014 96 182 157 206
migao 0.0013 123 -3 159 28
migao 0.0012 115 172 178 251
migao 0.0011 3 172 49 197
migao 0.0011 117 -29 165 -2
wagui 0.0286 6 11 241 190
wagui 0.0042 84 185 141 203
wagui 0.0029 18 171 63 198
wagui 0.0026 72 181 143 197
wagui 0.0020 126 182 165 206
wagui 0.0019 96 182 157 206
wagui 0.0015 3 172 49 197
wagui 0.0012 123 -3 159 28
wagui 0.0011 13 148 110 234
wagui 0.0010 110 146 186 276
