Kongrou 0.0461 9 89 452 466
Kongrou 0.0231 471 143 917 467
Kongrou 0.0207 973 101 1396 454
Kongrou 0.0097 41 11 312 164
Kongrou 0.0070 683 49 922 180
Kongrou 0.0057 53 163 407 395
Kongrou 0.0041 943 28 1151 200
Kongrou 0.0041 1181 6 1404 168
Kongrou 0.0022 242 -815 1393 -29
Kongrou 0.0020 1013 144 1352 357
Kongrou 0.0020 13 -1085 1644 225
Kongrou 0.0020 495 201 835 411
Kongrou 0.0020 599 -720 1096 -56
Kongrou 0.0018 5 -50 348 227
Kongrou 0.0017 473 72 643 210
Kongrou 0.0017 623 -503 1036 -252
Kongrou 0.0016 538 1 740 119
Kongrou 0.0014 -142 148 548 406
Kongrou 0.0013 592 177 903 381
Kongrou 0.0013 383 -616 1304 -160
Kongrou 0.0010 -192 395 353 900
Kongrou 0.0010 237 -46 1595 955
Rouzaofun 0.1039 973 101 1396 454
Rouzaofun 0.0900 471 143 917 467
Rouzaofun 0.0770 9 89 452 466
Rouzaofun 0.0340 41 11 312 164
Rouzaofun 0.0273 683 49 922 180
Rouzaofun 0.0204 943 28 1151 200
Rouzaofun 0.0180 1181 6 1404 168
Rouzaofun 0.0120 53 163 407 395
Rouzaofun 0.0075 538 1 740 119
Rouzaofun 0.0067 495 201 835 411
Rouzaofun 0.0066 1013 144 1352 357
Rouzaofun 0.0064 473 72 643 210
Rouzaofun 0.0048 5 -50 348 227
Rouzaofun 0.0033 592 177 903 381
Rouzaofun 0.0033 -142 148 548 406
Rouzaofun 0.0028 636 -31 969 263
Rouzaofun 0.0027 1136 -77 1451 254
Rouzaofun 0.0027 897 -39 1199 270
Rouzaofun 0.0025 1025 225 1342 440
Rouzaofun 0.0024 13 -1085 1644 225
Rouzaofun 0.0021 373 -838 1242 -6
Rouzaofun 0.0018 623 -503 1036 -252
Rouzaofun 0.0015 599 -720 1096 -56
Rouzaofun 0.0014 881 122 997 269
Rouzaofun 0.0010 -515 -684 570 6
Rice_with_Shredded_Chicken 0.0719 973 101 1396 454
Rice_with_Shredded_Chicken 0.0684 471 143 917 467
Rice_with_Shredded_Chicken 0.0535 9 89 452 466
Rice_with_Shredded_Chicken 0.0515 41 11 312 164
Rice_with_Shredded_Chicken 0.0455 683 49 922 180
Rice_with_Shredded_Chicken 0.0291 943 28 1151 200
Rice_with_Shredded_Chicken 0.0270 1181 6 1404 168
Rice_with_Shredded_Chicken 0.0109 538 1 740 119
Rice_with_Shredded_Chicken 0.0103 473 72 643 210
Rice_with_Shredded_Chicken 0.0059 5 -50 348 227
Rice_with_Shredded_Chicken 0.0048 53 163 407 395
Rice_with_Shredded_Chicken 0.0039 1013 144 1352 357
Rice_with_Shredded_Chicken 0.0032 495 201 835 411
Rice_with_Shredded_Chicken 0.0030 13 -1085 1644 225
Rice_with_Shredded_Chicken 0.0028 242 -815 1393 -29
Rice_with_Shredded_Chicken 0.0028 636 -31 969 263
Rice_with_Shredded_Chicken 0.0026 1136 -77 1451 254
Rice_with_Shredded_Chicken 0.0025 897 -39 1199 270
Rice_with_Shredded_Chicken 0.0022 -142 148 548 406
Rice_with_Shredded_Chicken 0.0019 881 122 997 269
Rice_with_Shredded_Chicken 0.0016 623 -503 1036 -252
Rice_with_Shredded_Chicken 0.0015 592 177 903 381
Rice_with_Shredded_Chicken 0.0015 599 -720 1096 -56
Rice_with_Shredded_Chicken 0.0013 -105 -15 590 548
Rice_with_Shredded_Chicken 0.0012 383 -616 1304 -160
Rice_with_Shredded_Chicken 0.0011 1025 225 1342 440
Rice_with_Shredded_Chicken 0.0010 326 27 1035 615
migao 0.0802 9 89 452 466
migao 0.0696 471 143 917 467
migao 0.0663 973 101 1396 454
migao 0.0572 41 11 312 164
migao 0.0507 683 49 922 180
migao 0.0400 943 28 1151 200
migao 0.0295 1181 6 1404 168
migao 0.0141 538 1 740 119
migao 0.0118 473 72 643 210
migao 0.0084 53 163 407 395
migao 0.0055 495 201 835 411
migao 0.0053 1013 144 1352 357
migao 0.0032 -142 148 548 406
migao 0.0031 242 -815 1393 -29
migao 0.0029 5 -50 348 227
migao 0.0026 881 122 997 269
migao 0.0023 13 -1085 1644 225
migao 0.0022 592 177 903 381
migao 0.0019 623 -503 1036 -252
migao 0.0019 1025 225 1342 440
migao 0.0018 599 -720 1096 -56
migao 0.0013 383 -616 1304 -160
migao 0.0012 636 -31 969 263
migao 0.0011 1136 -77 1451 254
migao 0.0011 897 -39 1199 270
migao 0.0010 1142 -582 1500 -166
wagui 0.0809 41 11 312 164
wagui 0.0802 683 49 922 180
wagui 0.0428 943 28 1151 200
wagui 0.0418 491 141 951 469
wagui 0.0381 973 101 1396 454
wagui 0.0324 9 89 452 466
wagui 0.0324 1181 6 1404 168
wagui 0.0261 538 1 740 119
wagui 0.0183 473 72 643 210
wagui 0.0056 5 -50 348 227
wagui 0.0052 881 122 997 269
wagui 0.0037 13 -1085 1644 225
wagui 0.0031 514 175 870 381
wagui 0.0030 1052 -33 1262 46
wagui 0.0029 53 163 407 395
wagui 0.0026 1013 144 1352 357
wagui 0.0025 636 -31 969 263
wagui 0.0023 242 -815 1393 -29
wagui 0.0018 897 -39 1199 270
wagui 0.0016 1136 -77 1451 254
wagui 0.0015 599 -720 1096 -56
wagui 0.0014 -142 148 548 406
wagui 0.0012 383 -616 1304 -160
wagui 0.0011 271 -625 926 14
wagui 0.0011 623 -503 1036 -252
