Kongrou 0.2329 88 39 506 414
Kongrou 0.0199 277 15 482 319
Kongrou 0.0171 128 73 358 400
Kongrou 0.0047 200 49 558 287
Kongrou 0.0021 231 410 334 573
Kongrou 0.0019 266 -91 484 18
Kongrou 0.0019 272 401 385 584
Kongrou 0.0019 246 353 426 625
Kongrou 0.0013 250 -166 513 83
Kongrou 0.0013 160 388 512 588
Rouzaofun 0.0143 88 39 506 414
Rouzaofun 0.0043 255 16 461 360
Rouzaofun 0.0025 200 49 558 287
Rouzaofun 0.0022 266 -91 484 18
Rouzaofun 0.0018 272 401 385 584
Rouzaofun 0.0016 231 410 334 573
Rouzaofun 0.0016 246 353 426 625
Rouzaofun 0.0016 160 388 512 588
Rouzaofun 0.0015 283 85 466 283
Rouzaofun 0.0012 158 -156 601 71
Rouzaofun 0.0011 123 105 363 413
Rouzaofun 0.0010 74 174 374 332
Rouzaofun 0.0010 467 388 606 442
Rice_with_Shredded_Chicken 0.0379 88 39 506 414
Rice_with_Shredded_Chicken 0.0035 123 105 363 413
Rice_with_Shredded_Chicken 0.0020 207 52 553 327
Rice_with_Shredded_Chicken 0.0019 272 401 385 584
Rice_with_Shredded_Chicken 0.0018 266 -91 484 18
Rice_with_Shredded_Chicken 0.0015 160 388 512 588
Rice_with_Shredded_Chicken 0.0015 246 353 426 625
Rice_with_Shredded_Chicken 0.0011 250 -166 513 83
Rice_with_Shredded_Chicken 0.0011 231 410 334 573
Rice_with_Shredded_Chicken 0.0010 -32 291 192 501
Rice_with_Shredded_Chicken 0.0010 220 93 505 252
migao 0.1047 88 39 506 414
migao 0.0077 277 15 482 319
migao 0.0048 200 49 558 287
migao 0.0045 128 73 358 400
migao 0.0028 272 401 385 584
migao 0.0025 231 410 334 573
migao 0.0024 266 -91 484 18
migao 0.0021 246 353 426 625
migao 0.0016 160 388 512 588
migao 0.0012 158 -156 601 71
wagui 0.0154 88 39 506 414
wagui 0.0016 231 410 334 573
wagui 0.0014 246 353 426 625
wagui 0.0013 455 385 595 444
wagui 0.0012 272 401 385 584
wagui 0.0010 250 -166 513 83
wagui 0.0010 123 105 363 413
