Kongrou 0.1152 83 -23 337 352
Kongrou 0.0224 -15 17 433 309
Kongrou 0.0197 449 24 575 146
Kongrou 0.0184 430 -8 594 180
Kongrou 0.0111 134 54 356 285
Kongrou 0.0074 48 89 414 250
Kongrou 0.0066 275 456 522 556
Kongrou 0.0058 325 -185 531 -41
Kongrou 0.0056 310 -294 564 57
Kongrou 0.0056 215 406 430 550
Kongrou 0.0041 285 318 531 678
Kongrou 0.0038 140 368 673 629
Kongrou 0.0037 201 -241 668 3
Kongrou 0.0014 350 -220 508 50
Kongrou 0.0013 142 110 320 230
Kongrou 0.0012 178 -377 653 104
Kongrou 0.0011 99 220 223 315
Rouzaofun 0.0510 449 24 575 146
Rouzaofun 0.0435 430 -8 594 180
Rouzaofun 0.0155 118 50 344 289
Rouzaofun 0.0106 48 89 414 250
Rouzaofun 0.0083 -14 38 435 341
Rouzaofun 0.0052 275 456 522 556
Rouzaofun 0.0050 325 -185 531 -41
Rouzaofun 0.0046 310 -294 564 57
Rouzaofun 0.0038 140 368 673 629
Rouzaofun 0.0033 201 -241 668 3
Rouzaofun 0.0030 285 318 531 678
Rouzaofun 0.0017 215 406 430 550
Rouzaofun 0.0016 68 10 300 367
Rouzaofun 0.0015 350 -220 508 50
Rouzaofun 0.0014 142 110 320 230
Rouzaofun 0.0011 178 -377 653 104
Rouzaofun 0.0011 30 -466 823 185
Rice_with_Shredded_Chicken 0.0375 449 24 575 146
Rice_with_Shredded_Chicken 0.0343 430 -8 594 180
Rice_with_Shredded_Chicken 0.0215 86 5 334 371
Rice_with_Shredded_Chicken 0.0143 -14 38 435 341
Rice_with_Shredded_Chicken 0.0085 48 89 414 250
Rice_with_Shredded_Chicken 0.0062 134 54 356 285
Rice_with_Shredded_Chicken 0.0052 325 -185 531 -41
Rice_with_Shredded_Chicken 0.0044 310 -294 564 57
Rice_with_Shredded_Chicken 0.0038 275 456 522 556
Rice_with_Shredded_Chicken 0.0034 201 -241 668 3
Rice_with_Shredded_Chicken 0.0032 140 368 673 629
Rice_with_Shredded_Chicken 0.0028 285 318 531 678
Rice_with_Shredded_Chicken 0.0018 350 -220 508 50
Rice_with_Shredded_Chicken 0.0018 110 -336 733 68
Rice_with_Shredded_Chicken 0.0016 30 -466 823 185
migao 0.0636 449 24 575 146
migao 0.0459 83 -23 337 352
migao 0.0427 430 -8 594 180
migao 0.0287 -15 17 433 309
migao 0.0116 48 89 414 250
migao 0.0105 134 54 356 285
migao 0.0072 275 456 522 556
migao 0.0057 325 -185 531 -41
migao 0.0052 310 -294 564 57
migao 0.0041 140 368 673 629
migao 0.0040 285 318 531 678
migao 0.0035 201 -241 668 3
migao 0.0020 350 -220 508 50
migao 0.0019 215 406 430 550
migao 0.0018 110 -336 733 68
migao 0.0012 99 220 223 315
migao 0.0011 30 -466 823 185
migao 0.0010 268 -214 360 40
wagui 0.0881 449 24 575 146
wagui 0.0496 430 -8 594 180
wagui 0.0191 83 -23 337 352
wagui 0.0096 -14 38 435 341
wagui 0.0088 48 89 414 250
wagui 0.0067 134 54 356 285
wagui 0.0052 432 162 716 341
wagui 0.0045 310 -294 564 57
wagui 0.0034 215 406 430 550
wagui 0.0032 275 456 522 556
wagui 0.0032 201 -241 668 3
wagui 0.0032 325 -185 531 -41
wagui 0.0029 140 368 673 629
wagui 0.0026 285 318 531 678
wagui 0.0023 99 220 223 315
wagui 0.0018 30 -466 823 185
wagui 0.0016 211 -210 434 -71
wagui 0.0014 110 -336 733 68
wagui 0.0012 350 -220 508 50
wagui 0.0010 71 300 194 407
