Kongrou 0.6764 82 0 848 484
Kongrou 0.0089 217 32 613 475
Kongrou 0.0050 351 -13 724 459
Kongrou 0.0047 147 147 769 590
Kongrou 0.0014 9 -13 252 167
Rouzaofun 0.0268 133 15 779 583
Rouzaofun 0.0030 23 -58 254 257
Rouzaofun 0.0023 0 -13 232 166
Rouzaofun 0.0013 217 32 613 475
Rouzaofun 0.0011 297 54 838 452
Rouzaofun 0.0010 -5 333 173 621
Rice_with_Shredded_Chicken 0.0446 133 15 779 583
Rice_with_Shredded_Chicken 0.0186 23 -58 254 257
Rice_with_Shredded_Chicken 0.0010 297 54 838 452
Rice_with_Shredded_Chicken 0.0010 0 -13 232 166
Rice_with_Shredded_Chicken 0.0010 217 32 613 475
migao 0.2256 82 0 848 484
migao 0.0069 147 147 769 590
migao 0.0027 217 32 613 475
migao 0.0027 23 -58 254 257
migao 0.0012 0 -13 232 166
migao 0.0011 351 -13 724 459
migao 0.0011 -5 333 173 621
wagui 0.0357 82 0 848 484
wagui 0.0073 23 -58 254 257
wagui 0.0023 147 147 769 590
wagui 0.0015 353 27 723 478
wagui 0.0011 -46 -262 839 364
