Kongrou 0.0641 91 8 194 144
Kongrou 0.0329 33 23 230 148
Kongrou 0.0106 121 -54 201 -1
Kongrou 0.0084 117 -103 211 42
Kongrou 0.0054 69 -79 257 17
Kongrou 0.0045 130 -64 192 28
Kongrou 0.0037 70 -14 208 198
Kongrou 0.0030 107 179 192 228
Kongrou 0.0025 99 -63 137 27
Kongrou 0.0021 108 144 198 258
Kongrou 0.0020 55 149 251 252
Kongrou 0.0016 98 43 182 123
Kongrou 0.0016 59 -104 184 66
Kongrou 0.0015 34 -50 210 12
Kongrou 0.0015 27 -164 294 88
Kongrou 0.0011 117 -40 182 -13
Kongrou 0.0010 72 172 169 217
Rouzaofun 0.0136 36 36 227 156
Rouzaofun 0.0094 121 -54 201 -1
Rouzaofun 0.0070 117 -103 211 42
Rouzaofun 0.0054 69 -79 257 17
Rouzaofun 0.0050 74 3 189 169
Rouzaofun 0.0043 130 -64 192 28
Rouzaofun 0.0039 104 32 185 123
Rouzaofun 0.0037 99 -63 137 27
Rouzaofun 0.0037 107 179 192 228
Rouzaofun 0.0026 55 149 251 252
Rouzaofun 0.0022 34 -50 210 12
Rouzaofun 0.0019 81 47 209 108
Rouzaofun 0.0016 108 144 198 258
Rouzaofun 0.0015 27 -164 294 88
Rouzaofun 0.0013 59 -104 184 66
Rice_with_Shredded_Chicken 0.0265 33 23 230 148
Rice_with_Shredded_Chicken 0.0148 86 2 199 170
Rice_with_Shredded_Chicken 0.0111 121 -54 201 -1
Rice_with_Shredded_Chicken 0.0071 117 -103 211 42
Rice_with_Shredded_Chicken 0.0056 130 -64 192 28
Rice_with_Shredded_Chicken 0.0052 69 -79 257 17
Rice_with_Shredded_Chicken 0.0035 107 179 192 228
Rice_with_Shredded_Chicken 0.0022 99 -63 137 27
Rice_with_Shredded_Chicken 0.0022 27 -164 294 88
Rice_with_Shredded_Chicken 0.0022 55 149 251 252
Rice_with_Shredded_Chicken 0.0020 104 32 185 123
Rice_with_Shredded_Chicken 0.0017 34 -50 210 12
Rice_with_Shredded_Chicken 0.0014 108 144 198 258
Rice_with_Shredded_Chicken 0.0013 59 -104 184 66
Rice_with_Shredded_Chicken 0.0013 81 47 209 108
migao 0.0375 33 23 230 148
migao 0.0197 86 2 199 170
migao 0.0108 121 -54 201 -1
migao 0.0078 117 -103 211 42
migao 0.0064 130 -64 192 28
migao 0.0055 69 -79 257 17
migao 0.0048 99 -63 137 27
migao 0.0046 107 179 192 228
migao 0.0039 104 32 185 123
migao 0.0026 55 149 251 252
migao 0.0022 34 -50 210 12
migao 0.0022 108 144 198 258
migao 0.0020 59 -104 184 66
migao 0.0020 81 47 209 108
migao 0.0017 27 -164 294 88
migao 0.0011 133 -58 167 22
migao 0.0010 117 -40 182 -13
wagui 0.0087 33 23 230 148
wagui 0.0074 121 -54 201 -1
wagui 0.0067 117 -103 211 42
wagui 0.0054 69 -79 257 17
wagui 0.0045 130 -64 192 28
wagui 0.0044 74 3 189 169
wagui 0.0038 99 -63 137 27
wagui 0.0025 27 -164 294 88
wagui 0.0024 104 32 185 123
wagui 0.0017 79 -64 163 -13
wagui 0.0017 34 -50 210 12
wagui 0.0016 108 144 198 258
wagui 0.0014 55 149 251 252
wagui 0.0014 81 47 209 108
wagui 0.0013 107 179 192 228
wagui 0.0010 117 -40 182 -13
wagui 0.0010 66 -53 130 15
