Kongrou 0.0964 8 15 500 368
Kongrou 0.0102 34 15 221 234
Kongrou 0.0083 257 52 547 312
Kongrou 0.0043 174 68 396 375
Kongrou 0.0039 78 137 434 402
Kongrou 0.0029 344 10 500 276
Kongrou 0.0021 256 388 364 458
Kongrou 0.0014 254 403 326 463
Kongrou 0.0014 227 352 392 494
Kongrou 0.0013 127 195 286 370
Kongrou 0.0011 -154 263 192 598
Kongrou 0.0010 215 282 358 556
Rouzaofun 0.0182 8 15 500 368
Rouzaofun 0.0032 55 22 238 227
Rouzaofun 0.0026 256 388 364 458
Rouzaofun 0.0019 227 352 392 494
Rouzaofun 0.0018 254 403 326 463
Rouzaofun 0.0015 222 58 544 306
Rouzaofun 0.0015 -7 80 234 195
Rouzaofun 0.0011 -154 263 192 598
Rice_with_Shredded_Chicken 0.0863 8 15 500 368
Rice_with_Shredded_Chicken 0.0049 34 15 221 234
Rice_with_Shredded_Chicken 0.0029 257 52 547 312
Rice_with_Shredded_Chicken 0.0024 256 388 364 458
Rice_with_Shredded_Chicken 0.0020 254 403 326 463
Rice_with_Shredded_Chicken 0.0020 78 137 434 402
Rice_with_Shredded_Chicken 0.0016 227 352 392 494
Rice_with_Shredded_Chicken 0.0010 68 281 447 563
Rice_with_Shredded_Chicken 0.0010 -7 80 234 195
migao 0.0706 8 15 500 368
migao 0.0058 257 52 547 312
migao 0.0051 34 15 221 234
migao 0.0025 256 388 364 458
migao 0.0018 254 403 326 463
migao 0.0017 78 137 434 402
migao 0.0016 227 338 334 502
migao 0.0014 -7 80 234 195
migao 0.0014 -154 263 192 598
migao 0.0011 174 68 396 375
migao 0.0010 202 343 417 504
migao 0.0010 68 281 447 563
migao 0.0010 215 282 358 556
wagui 0.0082 8 15 500 368
wagui 0.0025 256 388 364 458
wagui 0.0020 254 403 326 463
wagui 0.0018 34 15 221 234
wagui 0.0016 227 352 392 494
wagui 0.0013 -13 361 268 474
wagui 0.0012 -154 263 192 598
wagui 0.0011 68 281 447 563
wagui 0.0011 -7 80 234 195
