Kongrou 0.0040 481 -66 779 321
Kongrou 0.0023 374 -14 884 270
Kongrou 0.0020 112 72 683 457
Kongrou 0.0018 338 -157 598 -6
Kongrou 0.0016 301 245 575 426
Kongrou 0.0016 332 -275 625 101
Kongrou 0.0014 215 -369 700 159
Kongrou 0.0012 535 414 680 504
Kongrou 0.0011 450 403 807 652
Kongrou 0.0011 44 -438 890 218
Rouzaofun 0.0282 481 -66 779 321
Rouzaofun 0.0194 165 68 546 493
Rouzaofun 0.0085 374 -14 884 270
Rouzaofun 0.0022 338 -157 598 -6
Rouzaofun 0.0013 215 -369 700 159
Rouzaofun 0.0013 332 -275 625 101
Rouzaofun 0.0013 301 245 575 426
Rouzaofun 0.0012 450 403 807 652
Rouzaofun 0.0011 98 55 712 585
Rouzaofun 0.0011 44 -438 890 218
Rouzaofun 0.0010 535 414 680 504
Rice_with_Shredded_Chicken 0.0723 88 79 694 473
Rice_with_Shredded_Chicken 0.0183 481 -66 779 321
Rice_with_Shredded_Chicken 0.0089 374 -14 884 270
Rice_with_Shredded_Chicken 0.0019 338 -157 598 -6
Rice_with_Shredded_Chicken 0.0017 160 -307 761 94
Rice_with_Shredded_Chicken 0.0016 44 -438 890 218
Rice_with_Shredded_Chicken 0.0013 450 403 807 652
Rice_with_Shredded_Chicken 0.0013 332 -275 625 101
migao 0.0105 481 -66 779 321
migao 0.0087 88 79 694 473
migao 0.0049 374 -14 884 270
migao 0.0023 338 -157 598 -6
migao 0.0018 160 -307 761 94
migao 0.0015 332 -275 625 101
migao 0.0013 44 -438 890 218
migao 0.0012 301 245 575 426
migao 0.0010 450 403 807 652
wagui 0.0159 88 79 694 473
wagui 0.0018 44 -438 890 218
wagui 0.0016 301 245 575 426
wagui 0.0014 535 414 680 504
wagui 0.0013 160 -307 761 94
wagui 0.0013 332 -275 625 101
wagui 0.0012 338 -157 598 -6
