Kongrou 0.0553 13 0 236 162
Kongrou 0.0197 80 -16 199 111
Rouzaofun 0.1259 -11 35 260 163
Rouzaofun 0.0038 20 -12 230 138
Rouzaofun 0.0032 81 42 198 149
Rouzaofun 0.0015 16 18 128 134
Rouzaofun 0.0013 73 184 105 205
Rouzaofun 0.0013 119 40 238 151
Rice_with_Shredded_Chicken 0.0396 6 20 241 180
Rice_with_Shredded_Chicken 0.0016 80 -16 199 111
Rice_with_Shredded_Chicken 0.0014 12 -12 241 101
migao 0.1076 -16 12 268 147
migao 0.0034 44 -1 233 97
migao 0.0015 5 43 242 196
migao 0.0014 73 184 105 205
wagui 0.0310 6 20 241 180
wagui 0.0070 80 -16 199 111
wagui 0.0035 73 184 105 205
wagui 0.0013 45 6 234 126
