Kongrou 0.0250 69 -1 279 168
Kongrou 0.0166 129 -77 222 -17
Kongrou 0.0120 126 -124 232 27
Kongrou 0.0085 76 -100 281 1
Kongrou 0.0038 82 -153 260 42
Kongrou 0.0032 126 -60 201 -30
Kongrou 0.0030 27 -196 322 82
Kongrou 0.0029 90 170 175 222
Kongrou 0.0021 132 137 225 272
Kongrou 0.0021 127 177 224 236
Kongrou 0.0021 141 -91 210 20
Kongrou 0.0014 63 107 283 288
Kongrou 0.0011 86 -86 178 -29
Kongrou 0.0011 108 -85 150 13
Rouzaofun 0.4365 50 12 299 157
Rouzaofun 0.0151 129 -77 222 -17
Rouzaofun 0.0102 126 -124 232 27
Rouzaofun 0.0081 76 -100 281 1
Rouzaofun 0.0048 104 -1 254 136
Rouzaofun 0.0037 81 19 207 159
Rouzaofun 0.0034 82 -153 260 42
Rouzaofun 0.0032 27 -196 322 82
Rouzaofun 0.0023 141 -91 210 20
Rouzaofun 0.0022 127 177 224 236
Rouzaofun 0.0019 108 -85 150 13
Rouzaofun 0.0018 161 14 289 164
Rouzaofun 0.0017 75 150 281 257
Rouzaofun 0.0017 126 -60 201 -30
Rouzaofun 0.0016 132 137 225 272
Rouzaofun 0.0013 104 171 183 221
Rouzaofun 0.0011 48 91 300 304
Rouzaofun 0.0011 36 -70 231 -2
Rouzaofun 0.0010 99 56 259 169
Rouzaofun 0.0010 145 -85 183 14
Rice_with_Shredded_Chicken 0.1902 50 12 299 157
Rice_with_Shredded_Chicken 0.0171 129 -77 222 -17
Rice_with_Shredded_Chicken 0.0098 126 -124 232 27
Rice_with_Shredded_Chicken 0.0078 76 -100 281 1
Rice_with_Shredded_Chicken 0.0043 27 -196 322 82
Rice_with_Shredded_Chicken 0.0039 82 -153 260 42
Rice_with_Shredded_Chicken 0.0028 141 -91 210 20
Rice_with_Shredded_Chicken 0.0023 127 177 224 236
Rice_with_Shredded_Chicken 0.0017 126 -60 201 -30
Rice_with_Shredded_Chicken 0.0014 75 150 281 257
Rice_with_Shredded_Chicken 0.0014 132 137 225 272
Rice_with_Shredded_Chicken 0.0013 48 91 300 304
Rice_with_Shredded_Chicken 0.0012 145 -85 183 14
Rice_with_Shredded_Chicken 0.0010 104 -1 254 136
migao 0.1147 50 12 299 157
migao 0.0172 129 -77 222 -17
migao 0.0109 126 -124 232 27
migao 0.0086 76 -100 281 1
migao 0.0035 27 -196 322 82
migao 0.0031 141 -91 210 20
migao 0.0028 82 -153 260 42
migao 0.0028 126 -60 201 -30
migao 0.0028 127 177 224 236
migao 0.0023 108 -85 150 13
migao 0.0020 132 137 225 272
migao 0.0018 145 -85 183 14
migao 0.0017 75 150 281 257
migao 0.0013 104 171 183 221
migao 0.0010 36 -70 231 -2
migao 0.0010 48 91 300 304
wagui 0.0746 50 12 299 157
wagui 0.0103 129 -77 222 -17
wagui 0.0097 126 -124 232 27
wagui 0.0080 76 -100 281 1
wagui 0.0048 27 -196 322 82
wagui 0.0030 82 -153 260 42
wagui 0.0028 126 -60 201 -30
wagui 0.0026 104 171 183 221
wagui 0.0020 141 -91 210 20
wagui 0.0017 108 -85 150 13
wagui 0.0017 86 -86 178 -29
wagui 0.0016 132 137 225 272
wagui 0.0013 75 150 281 257
wagui 0.0012 48 91 300 304
wagui 0.0012 145 -85 183 14
wagui 0.0012 127 177 224 236
