Kongrou 0.0173 341 90 596 343
Kongrou 0.0149 109 132 274 362
Kongrou 0.0054 628 -23 803 211
Kongrou 0.0040 351 -178 584 -65
Kongrou 0.0035 360 -303 599 44
Kongrou 0.0029 239 -401 803 102
Kongrou 0.0024 370 156 568 277
Kongrou 0.0024 636 23 762 163
Kongrou 0.0022 203 -258 750 0
Kongrou 0.0022 594 197 805 452
Kongrou 0.0013 -10 -536 949 227
Kongrou 0.0012 230 -226 477 -82
Kongrou 0.0011 53 132 623 689
Kongrou 0.0011 285 80 652 260
Kongrou 0.0010 304 -254 636 -56
Rouzaofun 0.0461 111 136 272 388
Rouzaofun 0.0276 341 90 596 343
Rouzaofun 0.0148 628 -23 803 211
Rouzaofun 0.0077 112 169 239 326
Rouzaofun 0.0053 636 23 762 163
Rouzaofun 0.0037 370 156 568 277
Rouzaofun 0.0036 351 -178 584 -65
Rouzaofun 0.0031 594 197 805 452
Rouzaofun 0.0028 285 80 652 260
Rouzaofun 0.0027 360 -303 599 44
Rouzaofun 0.0022 239 -401 803 102
Rouzaofun 0.0018 203 -258 750 0
Rouzaofun 0.0018 47 158 305 337
Rouzaofun 0.0017 543 29 855 189
Rouzaofun 0.0015 -10 -536 949 227
Rouzaofun 0.0015 529 236 870 412
Rouzaofun 0.0014 50 6 757 437
Rouzaofun 0.0012 363 108 543 233
Rice_with_Shredded_Chicken 0.0323 111 136 272 388
Rice_with_Shredded_Chicken 0.0169 341 90 596 343
Rice_with_Shredded_Chicken 0.0100 628 -23 803 211
Rice_with_Shredded_Chicken 0.0046 112 169 239 326
Rice_with_Shredded_Chicken 0.0046 575 174 807 492
Rice_with_Shredded_Chicken 0.0040 636 23 762 163
Rice_with_Shredded_Chicken 0.0034 351 -178 584 -65
Rice_with_Shredded_Chicken 0.0027 360 -303 599 44
Rice_with_Shredded_Chicken 0.0026 239 -401 803 102
Rice_with_Shredded_Chicken 0.0022 -10 -536 949 227
Rice_with_Shredded_Chicken 0.0020 285 80 652 260
Rice_with_Shredded_Chicken 0.0019 370 156 568 277
Rice_with_Shredded_Chicken 0.0019 53 132 623 689
Rice_with_Shredded_Chicken 0.0018 203 -258 750 0
Rice_with_Shredded_Chicken 0.0018 50 6 757 437
Rice_with_Shredded_Chicken 0.0014 165 299 483 489
Rice_with_Shredded_Chicken 0.0013 543 29 855 189
Rice_with_Shredded_Chicken 0.0013 244 47 705 371
Rice_with_Shredded_Chicken 0.0012 -82 -421 629 124
Rice_with_Shredded_Chicken 0.0011 47 158 305 337
Rice_with_Shredded_Chicken 0.0011 529 236 870 412
migao 0.0379 111 136 272 388
migao 0.0193 341 90 596 343
migao 0.0116 628 -23 803 211
migao 0.0067 112 169 239 326
migao 0.0053 636 23 762 163
migao 0.0043 351 -178 584 -65
migao 0.0031 360 -303 599 44
migao 0.0028 152 -366 772 69
migao 0.0026 370 156 568 277
migao 0.0022 285 80 652 260
migao 0.0020 594 197 805 452
migao 0.0017 -10 -536 949 227
migao 0.0016 584 16 846 171
migao 0.0016 47 158 305 337
migao 0.0013 529 236 870 412
migao 0.0010 294 -226 394 35
migao 0.0010 21 303 147 408
wagui 0.0281 111 136 272 388
wagui 0.0163 628 -23 803 211
wagui 0.0144 341 90 596 343
wagui 0.0100 636 23 762 163
wagui 0.0044 112 169 239 326
wagui 0.0027 -10 -536 949 227
wagui 0.0026 351 -178 584 -65
wagui 0.0023 239 -401 803 102
wagui 0.0022 360 -303 599 44
wagui 0.0021 21 303 147 408
wagui 0.0020 230 -226 477 -82
wagui 0.0020 203 -258 750 0
wagui 0.0017 594 197 805 452
wagui 0.0017 370 156 568 277
wagui 0.0016 749 49 804 138
wagui 0.0015 -82 -421 629 124
wagui 0.0015 584 16 846 171
wagui 0.0015 285 80 652 260
wagui 0.0014 463 -18 598 22
wagui 0.0010 47 158 305 337
