Kongrou 0.0294 73 24 674 840
Kongrou 0.0252 764 526 1476 1372
Kongrou 0.0085 -134 123 881 739
Kongrou 0.0078 801 -130 1341 645
Kongrou 0.0038 579 -20 1561 538
Kongrou 0.0016 704 118 1400 486
Kongrou 0.0010 517 665 1688 1503
Rouzaofun 0.2230 87 86 663 882
Rouzaofun 0.1582 850 -148 1396 665
Rouzaofun 0.1196 -122 178 874 798
Rouzaofun 0.0979 605 406 1571 1557
Rouzaofun 0.0441 634 -30 1611 551
Rouzaofun 0.0403 722 604 1411 1408
Rouzaofun 0.0027 832 45 1272 560
Rouzaofun 0.0026 692 94 1411 453
Rouzaofun 0.0011 2 -47 850 1085
Rice_with_Shredded_Chicken 0.0891 850 -148 1396 665
Rice_with_Shredded_Chicken 0.0637 -122 178 874 798
Rice_with_Shredded_Chicken 0.0473 634 -30 1611 551
Rice_with_Shredded_Chicken 0.0416 87 86 663 882
Rice_with_Shredded_Chicken 0.0416 605 406 1571 1557
Rice_with_Shredded_Chicken 0.0057 722 604 1411 1408
Rice_with_Shredded_Chicken 0.0018 704 118 1400 486
Rice_with_Shredded_Chicken 0.0014 2 -47 850 1085
migao 0.1776 605 406 1571 1557
migao 0.0705 87 86 663 882
migao 0.0699 -122 178 874 798
migao 0.0545 850 -148 1396 665
migao 0.0272 722 604 1411 1408
migao 0.0241 634 -30 1611 551
migao 0.0023 704 118 1400 486
migao 0.0011 2 -47 850 1085
wagui 0.0093 605 406 1571 1557
wagui 0.0064 -122 178 874 798
wagui 0.0063 634 -30 1611 551
wagui 0.0045 850 -148 1396 665
wagui 0.0021 87 86 663 882
wagui 0.0017 722 604 1411 1408
wagui 0.0016 692 94 1411 453
wagui 0.0013 832 45 1272 560
