Kongrou 0.0034 206 65 1513 1049
Kongrou 0.0022 281 341 672 694
Kongrou 0.0017 205 265 780 813
Kongrou 0.0013 769 1175 990 1363
Rouzaofun 0.0190 206 65 1513 1049
Rouzaofun 0.0018 769 1175 990 1363
Rouzaofun 0.0017 281 341 672 694
Rouzaofun 0.0010 654 1029 1105 1513
Rice_with_Shredded_Chicken 0.1583 206 65 1513 1049
Rice_with_Shredded_Chicken 0.0018 769 1175 990 1363
Rice_with_Shredded_Chicken 0.0014 281 341 672 694
Rice_with_Shredded_Chicken 0.0011 114 162 853 910
migao 0.0138 206 65 1513 1049
migao 0.0017 281 341 672 694
migao 0.0017 769 1175 990 1363
wagui 0.0038 206 65 1513 1049
wagui 0.0021 281 341 672 694
wagui 0.0018 769 1175 990 1363
