Kongrou 0.0176 318 456 454 536
Kongrou 0.0116 290 412 481 579
Kongrou 0.0109 234 88 430 433
Kongrou 0.0097 435 98 614 246
Kongrou 0.0046 258 321 458 660
Kongrou 0.0046 453 -25 675 222
Kongrou 0.0044 192 356 566 622
Kongrou 0.0038 388 262 545 452
Kongrou 0.0036 416 -117 713 317
Kongrou 0.0027 65 -255 534 145
Kongrou 0.0026 348 444 493 526
Kongrou 0.0026 166 209 468 367
Kongrou 0.0020 305 473 398 541
Kongrou 0.0018 358 473 483 541
Kongrou 0.0016 76 130 257 192
Kongrou 0.0014 346 422 540 570
Kongrou 0.0014 335 482 437 555
Kongrou 0.0013 168 156 500 454
Kongrou 0.0011 460 136 589 232
Kongrou 0.0010 266 397 392 587
Kongrou 0.0010 -161 -129 212 393
Rouzaofun 0.0310 435 98 614 246
Rouzaofun 0.0200 318 456 454 536
Rouzaofun 0.0142 290 412 481 579
Rouzaofun 0.0056 388 262 545 452
Rouzaofun 0.0050 169 123 498 440
Rouzaofun 0.0047 192 356 566 622
Rouzaofun 0.0044 453 -25 675 222
Rouzaofun 0.0041 258 321 458 660
Rouzaofun 0.0040 225 179 408 396
Rouzaofun 0.0039 166 209 468 367
Rouzaofun 0.0034 416 -117 713 317
Rouzaofun 0.0032 460 136 589 232
Rouzaofun 0.0031 76 130 257 192
Rouzaofun 0.0027 348 444 493 526
Rouzaofun 0.0024 305 473 398 541
Rouzaofun 0.0024 77 -188 521 72
Rouzaofun 0.0020 358 473 483 541
Rouzaofun 0.0020 60 85 285 294
Rouzaofun 0.0018 346 422 540 570
Rouzaofun 0.0017 -7 -252 610 141
Rouzaofun 0.0016 434 112 567 210
Rouzaofun 0.0016 335 482 437 555
Rouzaofun 0.0011 266 397 392 587
Rouzaofun 0.0011 -238 -59 286 333
Rouzaofun 0.0010 324 278 586 413
Rice_with_Shredded_Chicken 0.0194 318 456 454 536
Rice_with_Shredded_Chicken 0.0156 435 98 614 246
Rice_with_Shredded_Chicken 0.0134 290 412 481 579
Rice_with_Shredded_Chicken 0.0087 60 85 285 294
Rice_with_Shredded_Chicken 0.0075 453 -25 675 222
Rice_with_Shredded_Chicken 0.0043 258 321 458 660
Rice_with_Shredded_Chicken 0.0042 188 366 525 613
Rice_with_Shredded_Chicken 0.0037 416 -117 713 317
Rice_with_Shredded_Chicken 0.0032 388 262 545 452
Rice_with_Shredded_Chicken 0.0028 166 209 468 367
Rice_with_Shredded_Chicken 0.0028 77 -188 521 72
Rice_with_Shredded_Chicken 0.0027 305 473 398 541
Rice_with_Shredded_Chicken 0.0024 348 444 493 526
Rice_with_Shredded_Chicken 0.0021 358 473 483 541
Rice_with_Shredded_Chicken 0.0020 225 179 408 396
Rice_with_Shredded_Chicken 0.0020 -7 -252 610 141
Rice_with_Shredded_Chicken 0.0019 76 130 257 192
Rice_with_Shredded_Chicken 0.0017 335 482 437 555
Rice_with_Shredded_Chicken 0.0016 169 123 498 440
Rice_with_Shredded_Chicken 0.0016 346 422 540 570
Rice_with_Shredded_Chicken 0.0011 -238 -59 286 333
Rice_with_Shredded_Chicken 0.0011 460 136 589 232
Rice_with_Shredded_Chicken 0.0010 266 397 392 587
migao 0.0298 435 98 614 246
migao 0.0191 318 456 454 536
migao 0.0112 290 412 481 579
migao 0.0105 169 123 498 440
migao 0.0048 388 262 545 452
migao 0.0047 453 -25 675 222
migao 0.0047 258 321 458 660
migao 0.0043 192 356 566 622
migao 0.0039 166 209 468 367
migao 0.0036 416 -117 713 317
migao 0.0033 76 130 257 192
migao 0.0029 225 179 408 396
migao 0.0027 348 444 493 526
migao 0.0026 77 -188 521 72
migao 0.0025 460 136 589 232
migao 0.0025 305 473 398 541
migao 0.0020 -7 -252 610 141
migao 0.0019 358 473 483 541
migao 0.0016 266 397 392 587
migao 0.0016 335 482 437 555
migao 0.0016 434 112 567 210
migao 0.0014 60 85 285 294
migao 0.0013 346 422 540 570
migao 0.0012 -238 -59 286 333
wagui 0.0211 318 456 454 536
wagui 0.0186 435 98 614 246
wagui 0.0154 60 85 285 294
wagui 0.0134 290 412 481 579
wagui 0.0070 76 130 257 192
wagui 0.0068 352 218 547 486
wagui 0.0062 453 -25 675 222
wagui 0.0042 258 321 458 660
wagui 0.0036 192 356 566 622
wagui 0.0035 416 -117 713 317
wagui 0.0032 348 444 493 526
wagui 0.0029 166 209 468 367
wagui 0.0029 169 123 498 440
wagui 0.0026 305 473 398 541
wagui 0.0025 77 -188 521 72
wagui 0.0024 358 473 483 541
wagui 0.0022 225 179 408 396
wagui 0.0021 -7 -252 610 141
wagui 0.0021 349 286 584 429
wagui 0.0019 335 482 437 555
wagui 0.0017 346 422 540 570
wagui 0.0016 460 136 589 232
wagui 0.0015 434 112 567 210
wagui 0.0012 50 103 260 219
wagui 0.0012 -21 428 320 551
wagui 0.0010 -238 -59 286 333
