Kongrou 0.2623 144 29 999 663
Kongrou 0.0102 428 -167 742 -35
Kongrou 0.0082 449 -366 748 146
Kongrou 0.0056 208 -269 984 51
Kongrou 0.0043 312 -463 991 198
Kongrou 0.0023 199 112 682 592
Kongrou 0.0017 375 -267 800 -16
Kongrou 0.0017 22 -643 1148 367
Kongrou 0.0013 532 743 640 865
Kongrou 0.0012 512 676 698 855
Kongrou 0.0010 365 -238 497 100
Rouzaofun 0.0655 142 24 1009 636
Rouzaofun 0.0088 428 -167 742 -35
Rouzaofun 0.0063 449 -366 748 146
Rouzaofun 0.0048 208 -269 984 51
Rouzaofun 0.0029 312 -463 991 198
Rouzaofun 0.0024 532 743 640 865
Rouzaofun 0.0024 365 -238 497 100
Rouzaofun 0.0019 211 109 746 596
Rouzaofun 0.0018 22 -643 1148 367
Rouzaofun 0.0015 512 676 698 855
Rouzaofun 0.0014 122 -186 771 47
Rouzaofun 0.0012 375 -267 800 -16
Rouzaofun 0.0010 444 621 765 910
Rice_with_Shredded_Chicken 0.0519 119 107 1024 696
Rice_with_Shredded_Chicken 0.0085 428 -167 742 -35
Rice_with_Shredded_Chicken 0.0063 449 -366 748 146
Rice_with_Shredded_Chicken 0.0048 208 -269 984 51
Rice_with_Shredded_Chicken 0.0036 312 -463 991 198
Rice_with_Shredded_Chicken 0.0029 532 743 640 865
Rice_with_Shredded_Chicken 0.0027 22 -643 1148 367
Rice_with_Shredded_Chicken 0.0015 512 676 698 855
Rice_with_Shredded_Chicken 0.0012 375 -267 800 -16
Rice_with_Shredded_Chicken 0.0012 365 -238 497 100
Rice_with_Shredded_Chicken 0.0011 227 -58 908 577
Rice_with_Shredded_Chicken 0.0010 122 -186 771 47
migao 0.2027 119 107 1024 696
migao 0.0113 428 -167 742 -35
migao 0.0074 449 -366 748 146
migao 0.0058 208 -269 984 51
migao 0.0036 307 -417 1006 161
migao 0.0027 227 -58 908 577
migao 0.0027 365 -238 497 100
migao 0.0025 532 743 640 865
migao 0.0023 22 -643 1148 367
migao 0.0016 512 676 698 855
migao 0.0016 375 -267 800 -16
migao 0.0013 122 -186 771 47
migao 0.0011 800 -30 952 100
migao 0.0010 501 -222 671 91
migao 0.0010 237 -21 398 91
wagui 0.0216 92 28 921 660
wagui 0.0087 428 -167 742 -35
wagui 0.0057 449 -366 748 146
wagui 0.0053 208 -269 984 51
wagui 0.0034 22 -643 1148 367
wagui 0.0034 312 -463 991 198
wagui 0.0030 532 743 640 865
wagui 0.0015 365 -238 497 100
wagui 0.0013 285 -234 600 -49
wagui 0.0013 512 676 698 855
wagui 0.0012 800 -30 952 100
wagui 0.0011 237 -21 398 91
wagui 0.0010 375 -267 800 -16
wagui 0.0010 560 736 689 870
