Kongrou 0.0062 116 189 210 226
Kongrou 0.0044 122 131 211 276
Kongrou 0.0037 52 156 281 252
Kongrou 0.0028 88 166 176 226
Kongrou 0.0025 132 -70 217 -21
Kongrou 0.0022 134 -118 223 22
Kongrou 0.0022 2 75 99 196
Kongrou 0.0019 109 -87 147 16
Kongrou 0.0017 87 -86 177 -28
Kongrou 0.0017 53 19 293 153
Kongrou 0.0016 -15 50 133 211
Kongrou 0.0014 83 -97 273 1
Kongrou 0.0014 -2 -101 102 7
Kongrou 0.0012 56 86 288 310
Kongrou 0.0012 98 159 231 231
Kongrou 0.0011 60 -124 205 52
Kongrou 0.0011 89 -161 300 50
Kongrou 0.0010 37 -68 229 -3
Rouzaofun 0.2150 53 19 293 153
Rouzaofun 0.0053 96 55 260 170
Rouzaofun 0.0048 116 189 210 226
Rouzaofun 0.0034 52 156 281 252
Rouzaofun 0.0032 122 131 211 276
Rouzaofun 0.0030 109 -87 147 16
Rouzaofun 0.0022 132 -70 217 -21
Rouzaofun 0.0021 -2 -101 102 7
Rouzaofun 0.0019 37 -68 229 -3
Rouzaofun 0.0019 2 75 99 196
Rouzaofun 0.0019 79 13 209 145
Rouzaofun 0.0019 -15 50 133 211
Rouzaofun 0.0018 134 -118 223 22
Rouzaofun 0.0017 164 34 284 168
Rouzaofun 0.0013 83 -97 273 1
Rouzaofun 0.0010 88 166 176 226
Rice_with_Shredded_Chicken 0.0083 56 35 299 143
Rice_with_Shredded_Chicken 0.0065 102 21 254 180
Rice_with_Shredded_Chicken 0.0037 116 189 210 226
Rice_with_Shredded_Chicken 0.0031 2 75 99 196
Rice_with_Shredded_Chicken 0.0030 122 131 211 276
Rice_with_Shredded_Chicken 0.0029 52 156 281 252
Rice_with_Shredded_Chicken 0.0027 -15 50 133 211
Rice_with_Shredded_Chicken 0.0023 -2 -101 102 7
Rice_with_Shredded_Chicken 0.0023 132 -70 217 -21
Rice_with_Shredded_Chicken 0.0017 134 -118 223 22
Rice_with_Shredded_Chicken 0.0013 37 -68 229 -3
Rice_with_Shredded_Chicken 0.0013 109 -87 147 16
Rice_with_Shredded_Chicken 0.0013 83 -97 273 1
Rice_with_Shredded_Chicken 0.0011 63 97 284 298
Rice_with_Shredded_Chicken 0.0010 89 -161 300 50
migao 0.0631 53 19 293 153
migao 0.0071 116 189 210 226
migao 0.0043 122 131 211 276
migao 0.0042 109 -87 147 16
migao 0.0038 52 156 281 252
migao 0.0026 132 -70 217 -21
migao 0.0025 -15 50 133 211
migao 0.0021 134 -118 223 22
migao 0.0020 37 -68 229 -3
migao 0.0017 2 75 99 196
migao 0.0017 -2 -101 102 7
migao 0.0014 83 -97 273 1
migao 0.0014 60 -124 205 52
migao 0.0012 56 86 288 310
migao 0.0011 98 159 231 231
wagui 0.0127 53 19 293 153
wagui 0.0038 116 189 210 226
wagui 0.0030 52 156 281 252
wagui 0.0027 122 131 211 276
wagui 0.0024 109 -87 147 16
wagui 0.0024 87 -86 177 -28
wagui 0.0019 101 170 185 222
wagui 0.0016 -15 50 133 211
wagui 0.0016 134 -118 223 22
wagui 0.0015 132 -70 217 -21
wagui 0.0014 -26 -150 232 39
wagui 0.0014 2 75 99 196
wagui 0.0013 -2 -101 102 7
wagui 0.0013 37 -68 229 -3
wagui 0.0012 83 -97 273 1
wagui 0.0011 9 -74 42 -3
wagui 0.0010 63 97 284 298
