Kongrou 0.0143 99 75 170 144
Kongrou 0.0127 172 43 223 81
Kongrou 0.0116 38 13 115 79
Kongrou 0.0112 118 25 161 67
Kongrou 0.0094 30 78 101 151
Kongrou 0.0092 186 95 240 145
Kongrou 0.0085 48 24 103 68
Kongrou 0.0048 120 -104 209 43
Kongrou 0.0045 120 -49 201 -6
Kongrou 0.0030 61 -73 266 13
Kongrou 0.0030 118 29 151 53
Kongrou 0.0028 90 -128 269 54
Kongrou 0.0024 111 7 168 75
Kongrou 0.0021 136 29 165 53
Kongrou 0.0020 31 88 89 131
Kongrou 0.0012 73 0 239 184
Kongrou 0.0012 0 -176 323 98
Kongrou 0.0011 100 129 342 308
Kongrou 0.0010 63 64 380 285
Kongrou 0.0010 121 -99 362 238
Rouzaofun 0.0726 99 75 170 144
Rouzaofun 0.0497 30 78 101 151
Rouzaofun 0.0494 172 43 223 81
Rouzaofun 0.0490 186 95 240 145
Rouzaofun 0.0468 118 25 161 67
Rouzaofun 0.0445 38 13 115 79
Rouzaofun 0.0326 48 24 103 68
Rouzaofun 0.0071 31 88 89 131
Rouzaofun 0.0065 111 7 168 75
Rouzaofun 0.0051 116 34 153 58
Rouzaofun 0.0038 120 -49 201 -6
Rouzaofun 0.0036 120 -104 209 43
Rouzaofun 0.0036 136 29 165 53
Rouzaofun 0.0027 61 -73 266 13
Rouzaofun 0.0024 80 -145 279 72
Rouzaofun 0.0020 30 11 287 169
Rouzaofun 0.0020 130 29 171 63
Rouzaofun 0.0017 0 -176 323 98
Rouzaofun 0.0014 105 78 163 120
Rouzaofun 0.0014 63 64 380 285
Rouzaofun 0.0011 140 203 171 238
Rouzaofun 0.0011 47 95 95 145
Rouzaofun 0.0010 163 30 233 94
Rice_with_Shredded_Chicken 0.0868 172 43 223 81
Rice_with_Shredded_Chicken 0.0609 186 95 240 145
Rice_with_Shredded_Chicken 0.0545 99 75 170 144
Rice_with_Shredded_Chicken 0.0404 118 25 161 67
Rice_with_Shredded_Chicken 0.0366 38 13 115 79
Rice_with_Shredded_Chicken 0.0353 30 78 101 151
Rice_with_Shredded_Chicken 0.0258 48 24 103 68
Rice_with_Shredded_Chicken 0.0045 31 88 89 131
Rice_with_Shredded_Chicken 0.0039 111 7 168 75
Rice_with_Shredded_Chicken 0.0038 116 34 153 58
Rice_with_Shredded_Chicken 0.0037 120 -104 209 43
Rice_with_Shredded_Chicken 0.0036 120 -49 201 -6
Rice_with_Shredded_Chicken 0.0027 90 -128 269 54
Rice_with_Shredded_Chicken 0.0026 61 -73 266 13
Rice_with_Shredded_Chicken 0.0022 136 29 165 53
Rice_with_Shredded_Chicken 0.0020 0 -176 323 98
Rice_with_Shredded_Chicken 0.0014 73 0 239 184
Rice_with_Shredded_Chicken 0.0013 140 203 171 238
Rice_with_Shredded_Chicken 0.0011 105 78 163 120
Rice_with_Shredded_Chicken 0.0011 63 64 380 285
Rice_with_Shredded_Chicken 0.0010 21 163 135 241
Rice_with_Shredded_Chicken 0.0010 130 29 171 63
migao 0.0929 172 43 223 81
migao 0.0642 186 95 240 145
migao 0.0515 99 75 170 144
migao 0.0504 118 25 161 67
migao 0.0335 38 13 115 79
migao 0.0323 48 24 103 68
migao 0.0317 30 78 101 151
migao 0.0065 31 88 89 131
migao 0.0064 118 29 151 53
migao 0.0049 120 -49 201 -6
migao 0.0044 120 -104 209 43
migao 0.0036 136 29 165 53
migao 0.0034 111 7 168 75
migao 0.0030 61 -73 266 13
migao 0.0028 87 -128 274 58
migao 0.0017 0 -176 323 98
migao 0.0017 130 29 171 63
migao 0.0013 116 21 142 39
migao 0.0012 105 78 163 120
migao 0.0012 140 203 171 238
migao 0.0011 73 0 239 184
migao 0.0011 102 -65 134 28
migao 0.0011 100 129 342 308
wagui 0.1867 172 43 223 81
wagui 0.1109 186 95 240 145
wagui 0.0536 38 13 115 79
wagui 0.0513 118 25 161 67
wagui 0.0500 48 24 103 68
wagui 0.0422 99 75 170 144
wagui 0.0234 30 78 101 151
wagui 0.0106 118 29 151 53
wagui 0.0064 136 29 165 53
wagui 0.0045 31 88 89 131
wagui 0.0035 111 7 168 75
wagui 0.0035 120 -104 209 43
wagui 0.0034 120 -49 201 -6
wagui 0.0030 116 21 142 39
wagui 0.0029 61 -73 266 13
wagui 0.0028 0 -176 323 98
wagui 0.0024 87 -128 274 58
wagui 0.0022 130 29 171 63
wagui 0.0017 21 163 135 241
wagui 0.0017 105 78 163 120
wagui 0.0014 73 0 239 184
wagui 0.0013 140 203 171 238
wagui 0.0011 167 20 228 93
wagui 0.0011 120 46 149 67
wagui 0.0010 100 129 342 308
wagui 0.0010 79 -63 163 -14
wagui 0.0010 63 64 380 285
