Kongrou 0.0190 73 6 191 165
Kongrou 0.0096 39 -10 238 192
Kongrou 0.0036 224 134 268 180
Kongrou 0.0021 207 25 275 118
Kongrou 0.0019 114 -56 209 -2
Kongrou 0.0017 69 -129 244 52
Kongrou 0.0015 116 130 212 274
Kongrou 0.0014 113 -101 216 39
Kongrou 0.0013 14 -170 309 91
Kongrou 0.0012 119 172 205 236
Kongrou 0.0011 57 -81 271 18
Rouzaofun 0.0561 45 9 228 171
Rouzaofun 0.0141 224 134 268 180
Rouzaofun 0.0027 207 25 275 118
Rouzaofun 0.0025 211 124 272 190
Rouzaofun 0.0024 114 -56 209 -2
Rouzaofun 0.0015 69 -129 244 52
Rouzaofun 0.0013 14 -170 309 91
Rouzaofun 0.0013 181 43 301 101
Rouzaofun 0.0013 113 -101 216 39
Rouzaofun 0.0012 119 172 205 236
Rouzaofun 0.0012 57 -81 271 18
Rouzaofun 0.0012 116 130 212 274
Rouzaofun 0.0011 61 151 265 251
Rouzaofun 0.0010 220 151 262 184
Rice_with_Shredded_Chicken 0.1783 45 9 228 171
Rice_with_Shredded_Chicken 0.0087 224 134 268 180
Rice_with_Shredded_Chicken 0.0024 114 -56 209 -2
Rice_with_Shredded_Chicken 0.0019 14 -170 309 91
Rice_with_Shredded_Chicken 0.0019 63 -111 255 36
Rice_with_Shredded_Chicken 0.0017 207 25 275 118
Rice_with_Shredded_Chicken 0.0014 211 124 272 190
Rice_with_Shredded_Chicken 0.0013 119 172 205 236
Rice_with_Shredded_Chicken 0.0012 113 -101 216 39
Rice_with_Shredded_Chicken 0.0012 116 130 212 274
Rice_with_Shredded_Chicken 0.0011 181 43 301 101
migao 0.0533 45 9 228 171
migao 0.0198 224 134 268 180
migao 0.0024 207 25 275 118
migao 0.0022 114 -56 209 -2
migao 0.0020 63 -111 255 36
migao 0.0016 14 -170 309 91
migao 0.0014 116 130 212 274
migao 0.0014 119 172 205 236
migao 0.0014 211 124 272 190
migao 0.0014 113 -101 216 39
migao 0.0013 181 43 301 101
migao 0.0011 220 151 262 184
migao 0.0011 128 171 174 256
migao 0.0010 61 151 265 251
wagui 0.0257 224 134 268 180
wagui 0.0237 45 9 228 171
wagui 0.0035 207 25 275 118
wagui 0.0024 183 2 267 25
wagui 0.0022 14 -170 309 91
wagui 0.0017 211 110 271 182
wagui 0.0016 220 151 262 184
wagui 0.0015 63 -111 255 36
wagui 0.0014 181 43 301 101
wagui 0.0013 114 -56 209 -2
wagui 0.0013 212 124 259 169
wagui 0.0012 113 -101 216 39
wagui 0.0012 116 130 212 274
wagui 0.0010 43 95 278 296
wagui 0.0010 61 151 265 251
