Kongrou 0.0251 27 -7 879 599
Kongrou 0.0113 372 78 702 554
Kongrou 0.0025 181 145 822 490
Kongrou 0.0023 9 -90 888 293
Kongrou 0.0022 277 -438 892 200
Kongrou 0.0013 395 -156 656 -26
Kongrou 0.0013 408 -312 669 112
Rouzaofun 0.0203 82 14 821 585
Rouzaofun 0.0015 277 -438 892 200
Rouzaofun 0.0011 240 147 830 488
Rouzaofun 0.0011 395 -156 656 -26
Rouzaofun 0.0010 408 -312 669 112
Rice_with_Shredded_Chicken 0.0214 27 -7 879 599
Rice_with_Shredded_Chicken 0.0020 277 -438 892 200
Rice_with_Shredded_Chicken 0.0011 395 -156 656 -26
Rice_with_Shredded_Chicken 0.0010 181 145 822 490
Rice_with_Shredded_Chicken 0.0010 408 -312 669 112
migao 0.0467 27 -7 879 599
migao 0.0045 372 78 702 554
migao 0.0028 181 145 822 490
migao 0.0017 278 -356 900 124
migao 0.0015 395 -156 656 -26
migao 0.0012 408 -312 669 112
wagui 0.3706 7 -65 899 539
wagui 0.0272 372 78 702 554
wagui 0.0073 181 145 822 490
wagui 0.0017 277 -438 892 200
wagui 0.0015 105 9 550 485
wagui 0.0014 241 -78 694 298
wagui 0.0011 -23 -577 1079 322
wagui 0.0010 395 -156 656 -26
