Kongrou 0.0291 371 37 687 606
Kongrou 0.0031 439 -200 760 -11
Kongrou 0.0029 336 193 627 548
Kongrou 0.0028 420 -371 804 144
Kongrou 0.0026 261 244 741 496
Kongrou 0.0026 249 143 811 577
Kongrou 0.0022 266 -303 952 75
Rouzaofun 0.0083 356 190 646 550
Rouzaofun 0.0048 34 -65 396 393
Rouzaofun 0.0044 261 244 741 496
Rouzaofun 0.0037 257 85 801 557
Rouzaofun 0.0032 439 -200 760 -11
Rouzaofun 0.0022 420 -371 804 144
Rouzaofun 0.0021 266 -303 952 75
Rouzaofun 0.0016 -144 -23 573 353
Rice_with_Shredded_Chicken 0.0551 34 -65 396 393
Rice_with_Shredded_Chicken 0.0042 257 85 801 557
Rice_with_Shredded_Chicken 0.0042 -144 -23 573 353
Rice_with_Shredded_Chicken 0.0041 356 190 646 550
Rice_with_Shredded_Chicken 0.0030 261 244 741 496
Rice_with_Shredded_Chicken 0.0030 439 -200 760 -11
Rice_with_Shredded_Chicken 0.0022 420 -371 804 144
Rice_with_Shredded_Chicken 0.0019 266 -303 952 75
Rice_with_Shredded_Chicken 0.0012 18 -528 1179 242
migao 0.0189 371 37 687 606
migao 0.0063 34 -65 396 393
migao 0.0046 249 143 811 577
migao 0.0044 261 244 741 496
migao 0.0038 439 -200 760 -11
migao 0.0028 336 193 627 548
migao 0.0027 420 -371 804 144
migao 0.0023 266 -303 952 75
migao 0.0018 -144 -23 573 353
wagui 0.1184 34 -65 396 393
wagui 0.0085 -144 -23 573 353
wagui 0.0037 356 190 646 550
wagui 0.0027 261 244 741 496
wagui 0.0022 420 -371 804 144
wagui 0.0021 439 -200 760 -11
wagui 0.0019 266 -303 952 75
wagui 0.0016 257 85 801 557
wagui 0.0014 18 -528 1179 242
wagui 0.0010 543 752 656 896
