Kongrou 0.0092 577 214 803 510
Kongrou 0.0076 436 1 655 94
Kongrou 0.0076 240 -6 420 104
Kongrou 0.0067 332 103 605 299
Kongrou 0.0052 653 61 808 279
Kongrou 0.0029 248 445 459 604
Kongrou 0.0027 603 350 796 453
Kongrou 0.0023 508 240 767 440
Kongrou 0.0023 670 0 791 63
Kongrou 0.0022 576 285 701 365
Kongrou 0.0021 159 -365 765 71
Kongrou 0.0020 596 300 834 472
Kongrou 0.0017 355 -314 602 56
Kongrou 0.0016 574 284 764 397
Kongrou 0.0016 38 -506 898 197
Kongrou 0.0016 119 4 201 120
Kongrou 0.0016 355 -196 582 -49
Kongrou 0.0012 398 137 570 268
Kongrou 0.0011 476 195 902 530
Rouzaofun 0.0389 436 1 655 94
Rouzaofun 0.0162 240 -6 420 104
Rouzaofun 0.0125 119 4 201 120
Rouzaofun 0.0115 653 61 808 279
Rouzaofun 0.0081 332 103 605 299
Rouzaofun 0.0046 547 243 790 436
Rouzaofun 0.0046 670 0 791 63
Rouzaofun 0.0033 584 312 815 490
Rouzaofun 0.0033 603 350 796 453
Rouzaofun 0.0019 574 284 764 397
Rouzaofun 0.0019 188 -412 724 114
Rouzaofun 0.0017 576 285 701 365
Rouzaofun 0.0017 38 -506 898 197
Rouzaofun 0.0017 398 137 570 268
Rouzaofun 0.0016 105 303 340 470
Rouzaofun 0.0015 355 -196 582 -49
Rouzaofun 0.0014 355 -314 602 56
Rouzaofun 0.0014 94 -45 229 172
Rouzaofun 0.0012 214 126 692 275
Rouzaofun 0.0010 684 117 807 254
Rouzaofun 0.0010 468 278 899 432
Rice_with_Shredded_Chicken 0.0505 353 40 598 376
Rice_with_Shredded_Chicken 0.0393 436 1 655 94
Rice_with_Shredded_Chicken 0.0157 240 -6 420 104
Rice_with_Shredded_Chicken 0.0151 119 4 201 120
Rice_with_Shredded_Chicken 0.0104 653 61 808 279
Rice_with_Shredded_Chicken 0.0066 670 0 791 63
Rice_with_Shredded_Chicken 0.0038 548 205 774 516
Rice_with_Shredded_Chicken 0.0028 159 -365 765 71
Rice_with_Shredded_Chicken 0.0025 584 312 815 490
Rice_with_Shredded_Chicken 0.0024 38 -506 898 197
Rice_with_Shredded_Chicken 0.0017 355 -196 582 -49
Rice_with_Shredded_Chicken 0.0017 308 101 567 302
Rice_with_Shredded_Chicken 0.0014 248 125 689 277
Rice_with_Shredded_Chicken 0.0014 603 350 796 453
Rice_with_Shredded_Chicken 0.0014 355 -314 602 56
Rice_with_Shredded_Chicken 0.0010 72 -247 381 53
Rice_with_Shredded_Chicken 0.0010 458 276 878 434
migao 0.0490 436 1 655 94
migao 0.0241 119 4 201 120
migao 0.0188 240 -6 420 104
migao 0.0093 653 61 808 279
migao 0.0079 670 0 791 63
migao 0.0075 353 40 598 376
migao 0.0060 548 205 774 516
migao 0.0037 584 312 815 490
migao 0.0030 159 -365 765 71
migao 0.0030 603 350 796 453
migao 0.0024 308 101 567 302
migao 0.0018 38 -506 898 197
migao 0.0017 355 -196 582 -49
migao 0.0016 248 125 689 277
migao 0.0016 355 -314 602 56
migao 0.0015 574 284 764 397
migao 0.0014 576 285 701 365
migao 0.0011 295 -236 394 46
migao 0.0011 453 259 852 421
migao 0.0010 398 137 570 268
migao 0.0010 248 445 459 604
wagui 0.0645 436 1 655 94
wagui 0.0356 240 -6 420 104
wagui 0.0250 119 4 201 120
wagui 0.0165 670 0 791 63
wagui 0.0098 653 61 808 279
wagui 0.0055 353 40 598 376
wagui 0.0035 584 312 815 490
wagui 0.0033 547 243 790 436
wagui 0.0028 38 -506 898 197
wagui 0.0027 603 350 796 453
wagui 0.0021 159 -365 765 71
wagui 0.0020 576 285 701 365
wagui 0.0020 248 445 459 604
wagui 0.0017 308 101 567 302
wagui 0.0014 355 -314 602 56
wagui 0.0012 574 284 764 397
wagui 0.0011 355 -196 582 -49
wagui 0.0011 248 125 689 277
wagui 0.0010 144 -244 367 51
