Kongrou 0.0087 82 -12 787 668
Kongrou 0.0035 810 35 1020 452
Kongrou 0.0017 238 -495 934 209
Kongrou 0.0016 735 82 1095 367
Kongrou 0.0010 765 484 1028 711
Rouzaofun 0.0890 11 22 851 627
Rouzaofun 0.0044 810 35 1020 452
Rouzaofun 0.0024 735 82 1095 367
Rouzaofun 0.0022 358 105 785 597
Rouzaofun 0.0022 94 63 575 561
Rouzaofun 0.0014 238 -495 934 209
Rouzaofun 0.0014 -17 377 155 700
Rouzaofun 0.0010 770 523 1021 673
Rice_with_Shredded_Chicken 0.3634 11 22 851 627
Rice_with_Shredded_Chicken 0.0026 810 35 1020 452
Rice_with_Shredded_Chicken 0.0019 210 -411 971 125
Rice_with_Shredded_Chicken 0.0018 735 82 1095 367
Rice_with_Shredded_Chicken 0.0017 617 -120 1184 620
Rice_with_Shredded_Chicken 0.0013 363 159 780 621
Rice_with_Shredded_Chicken 0.0011 -17 377 155 700
migao 0.0568 11 22 851 627
migao 0.0036 810 35 1020 452
migao 0.0027 735 82 1095 367
migao 0.0019 210 -411 971 125
migao 0.0010 -17 377 155 700
migao 0.0010 770 523 1021 673
wagui 0.0212 11 22 851 627
wagui 0.0022 799 23 1030 425
wagui 0.0015 -17 377 155 700
wagui 0.0015 238 -495 934 209
wagui 0.0015 770 523 1021 673
wagui 0.0013 -9 427 68 651
wagui 0.0013 736 66 1094 343
