Kongrou 0.0152 4 17 249 181
Kongrou 0.0123 201 18 256 94
Kongrou 0.0037 213 32 254 80
Kongrou 0.0011 67 18 179 129
Kongrou 0.0010 9 181 117 241
Rouzaofun 0.4336 10 27 248 168
Rouzaofun 0.0304 201 18 256 94
Rouzaofun 0.0157 71 17 194 130
Rouzaofun 0.0101 213 32 254 80
Rouzaofun 0.0060 102 36 223 169
Rouzaofun 0.0029 24 7 233 111
Rouzaofun 0.0017 19 -50 127 21
Rouzaofun 0.0014 56 28 151 158
Rouzaofun 0.0010 -18 -73 165 41
Rice_with_Shredded_Chicken 0.0285 10 27 248 168
Rice_with_Shredded_Chicken 0.0182 201 18 256 94
Rice_with_Shredded_Chicken 0.0038 213 32 254 80
Rice_with_Shredded_Chicken 0.0015 45 25 219 121
Rice_with_Shredded_Chicken 0.0013 19 -50 127 21
Rice_with_Shredded_Chicken 0.0012 93 57 212 169
migao 0.1077 10 27 248 168
migao 0.0293 201 18 256 94
migao 0.0072 213 32 254 80
migao 0.0026 71 17 194 130
migao 0.0012 93 57 212 169
migao 0.0010 19 -50 127 21
wagui 0.0187 201 18 256 94
wagui 0.0173 4 17 249 181
wagui 0.0053 213 32 254 80
wagui 0.0032 99 -9 185 59
wagui 0.0018 9 181 117 241
wagui 0.0013 19 -50 127 21
