Kongrou 0.0821 37 -18 596 378
Kongrou 0.0227 37 125 279 437
Kongrou 0.0107 325 -152 552 -26
Kongrou 0.0106 212 -36 505 418
Kongrou 0.0083 316 -279 582 88
Kongrou 0.0057 196 -229 698 37
Kongrou 0.0054 132 -15 420 343
Kongrou 0.0037 -81 135 394 426
Kongrou 0.0015 175 -188 429 -49
Kongrou 0.0015 277 -199 369 72
Kongrou 0.0015 236 64 470 278
Kongrou 0.0013 281 -216 601 -22
Kongrou 0.0012 219 453 441 581
Kongrou 0.0010 362 -195 517 71
Rouzaofun 0.0097 325 -152 552 -26
Rouzaofun 0.0067 316 -279 582 88
Rouzaofun 0.0051 49 -23 693 494
Rouzaofun 0.0051 196 -229 698 37
Rouzaofun 0.0047 145 -25 462 357
Rouzaofun 0.0039 34 20 568 311
Rouzaofun 0.0025 277 -199 369 72
Rouzaofun 0.0014 236 64 470 278
Rouzaofun 0.0014 175 -188 429 -49
Rouzaofun 0.0013 95 -150 574 21
Rouzaofun 0.0011 362 -195 517 71
Rouzaofun 0.0010 281 -216 601 -22
Rouzaofun 0.0010 328 473 550 614
Rouzaofun 0.0010 37 125 279 437
Rice_with_Shredded_Chicken 0.0238 49 -23 693 494
Rice_with_Shredded_Chicken 0.0101 325 -152 552 -26
Rice_with_Shredded_Chicken 0.0065 316 -279 582 88
Rice_with_Shredded_Chicken 0.0049 196 -229 698 37
Rice_with_Shredded_Chicken 0.0046 145 -25 462 357
Rice_with_Shredded_Chicken 0.0045 34 20 568 311
Rice_with_Shredded_Chicken 0.0019 37 125 279 437
Rice_with_Shredded_Chicken 0.0015 187 179 593 499
Rice_with_Shredded_Chicken 0.0015 277 -199 369 72
Rice_with_Shredded_Chicken 0.0014 362 -195 517 71
Rice_with_Shredded_Chicken 0.0012 -81 135 394 426
Rice_with_Shredded_Chicken 0.0012 11 -472 867 238
Rice_with_Shredded_Chicken 0.0011 95 -150 574 21
Rice_with_Shredded_Chicken 0.0011 281 -216 601 -22
Rice_with_Shredded_Chicken 0.0010 328 473 550 614
migao 0.0227 37 -18 596 378
migao 0.0120 325 -152 552 -26
migao 0.0075 316 -279 582 88
migao 0.0055 196 -229 698 37
migao 0.0054 37 125 279 437
migao 0.0035 212 -36 505 418
migao 0.0032 277 -199 369 72
migao 0.0021 -81 135 394 426
migao 0.0017 362 -195 517 71
migao 0.0016 132 -15 420 343
migao 0.0013 95 -150 574 21
migao 0.0012 281 -216 601 -22
migao 0.0012 236 64 470 278
migao 0.0012 328 473 550 614
wagui 0.0074 325 -152 552 -26
wagui 0.0061 316 -279 582 88
wagui 0.0059 49 -23 693 494
wagui 0.0051 196 -229 698 37
wagui 0.0027 37 125 279 437
wagui 0.0025 175 -188 429 -49
wagui 0.0020 145 -25 462 357
wagui 0.0018 34 20 568 311
wagui 0.0016 277 -199 369 72
wagui 0.0014 11 -472 867 238
wagui 0.0012 -79 230 167 507
wagui 0.0011 362 -195 517 71
wagui 0.0010 -81 135 394 426
wagui 0.0010 4 275 66 472
