Kongrou 0.0100 117 -50 204 -5
Kongrou 0.0091 119 -98 209 38
Kongrou 0.0064 65 -75 262 15
Kongrou 0.0058 31 10 242 172
Kongrou 0.0048 137 60 217 138
Kongrou 0.0019 81 -3 204 111
Kongrou 0.0018 14 -62 141 23
Kongrou 0.0018 133 -61 188 25
Kongrou 0.0015 114 182 186 226
Kongrou 0.0015 64 -63 158 -14
Kongrou 0.0015 100 -62 136 24
Kongrou 0.0013 110 142 197 261
Kongrou 0.0013 77 73 160 146
Kongrou 0.0011 147 76 206 122
Kongrou 0.0010 61 -105 183 67
Kongrou 0.0010 -25 -66 182 45
Kongrou 0.0010 102 -73 221 -4
Kongrou 0.0010 37 -49 208 10
Kongrou 0.0010 58 153 247 248
Kongrou 0.0010 84 41 262 153
Rouzaofun 0.2570 44 10 229 166
Rouzaofun 0.0246 81 -3 204 111
Rouzaofun 0.0088 117 -50 204 -5
Rouzaofun 0.0068 119 -98 209 38
Rouzaofun 0.0061 65 -75 262 15
Rouzaofun 0.0041 137 60 217 138
Rouzaofun 0.0036 59 3 163 148
Rouzaofun 0.0033 14 -62 141 23
Rouzaofun 0.0027 100 -62 136 24
Rouzaofun 0.0026 133 -61 188 25
Rouzaofun 0.0016 78 67 159 141
Rouzaofun 0.0015 37 -49 208 10
Rouzaofun 0.0014 105 70 237 127
Rouzaofun 0.0013 -25 -66 182 45
Rouzaofun 0.0013 114 182 186 226
Rouzaofun 0.0011 147 76 206 122
Rouzaofun 0.0011 8 -62 269 160
Rouzaofun 0.0010 58 153 247 248
Rouzaofun 0.0010 110 142 197 261
Rouzaofun 0.0010 64 -63 158 -14
Rice_with_Shredded_Chicken 0.0295 44 10 229 166
Rice_with_Shredded_Chicken 0.0079 117 -50 204 -5
Rice_with_Shredded_Chicken 0.0070 119 -98 209 38
Rice_with_Shredded_Chicken 0.0055 65 -75 262 15
Rice_with_Shredded_Chicken 0.0035 137 60 217 138
Rice_with_Shredded_Chicken 0.0030 14 -62 141 23
Rice_with_Shredded_Chicken 0.0021 133 -61 188 25
Rice_with_Shredded_Chicken 0.0016 81 -3 204 111
Rice_with_Shredded_Chicken 0.0015 100 -62 136 24
Rice_with_Shredded_Chicken 0.0012 114 182 186 226
Rice_with_Shredded_Chicken 0.0011 37 -49 208 10
Rice_with_Shredded_Chicken 0.0011 105 70 237 127
migao 0.0860 44 10 229 166
migao 0.0109 117 -50 204 -5
migao 0.0082 119 -98 209 38
migao 0.0068 65 -75 262 15
migao 0.0052 99 0 207 107
migao 0.0048 137 60 217 138
migao 0.0034 133 -61 188 25
migao 0.0033 100 -62 136 24
migao 0.0020 14 -62 141 23
migao 0.0019 114 182 186 226
migao 0.0016 37 -49 208 10
migao 0.0014 105 70 237 127
migao 0.0013 61 -105 183 67
migao 0.0013 110 142 197 261
migao 0.0013 -25 -66 182 45
migao 0.0012 77 73 160 146
migao 0.0010 58 153 247 248
wagui 0.0267 44 10 229 166
wagui 0.0071 137 60 217 138
wagui 0.0069 117 -50 204 -5
wagui 0.0064 119 -98 209 38
wagui 0.0058 65 -75 262 15
wagui 0.0029 42 -60 133 20
wagui 0.0024 100 -62 136 24
wagui 0.0022 133 -61 188 25
wagui 0.0021 64 -63 158 -14
wagui 0.0016 14 -62 164 40
wagui 0.0014 105 70 237 127
wagui 0.0014 147 76 206 122
wagui 0.0014 84 41 262 153
wagui 0.0012 1 -172 321 95
wagui 0.0011 37 -49 208 10
wagui 0.0010 -14 -100 174 82
wagui 0.0010 110 142 197 261
