Kongrou 0.0340 34 197 1164 885
Kongrou 0.0076 565 -152 931 9
Kongrou 0.0065 612 217 1094 915
Kongrou 0.0064 567 -352 961 185
Kongrou 0.0051 640 911 906 1075
Kongrou 0.0049 289 -278 1234 115
Kongrou 0.0047 567 786 944 1183
Kongrou 0.0033 369 699 1148 1261
Kongrou 0.0020 500 410 1295 906
Kongrou 0.0015 176 36 607 633
Kongrou 0.0012 437 -41 1120 957
Kongrou 0.0012 379 -537 1175 317
Kongrou 0.0011 575 576 1038 1387
Kongrou 0.0011 575 -223 1019 71
Kongrou 0.0011 12 -85 498 391
Rouzaofun 0.0120 34 197 1164 885
Rouzaofun 0.0059 640 911 906 1075
Rouzaofun 0.0055 565 -152 931 9
Rouzaofun 0.0051 567 786 944 1183
Rouzaofun 0.0046 567 -352 961 185
Rouzaofun 0.0037 289 -278 1234 115
Rouzaofun 0.0037 369 699 1148 1261
Rouzaofun 0.0025 461 341 1244 882
Rouzaofun 0.0013 575 -223 1019 71
Rouzaofun 0.0012 575 576 1038 1387
Rice_with_Shredded_Chicken 0.0332 20 141 1178 933
Rice_with_Shredded_Chicken 0.0056 640 911 906 1075
Rice_with_Shredded_Chicken 0.0050 567 -352 961 185
Rice_with_Shredded_Chicken 0.0049 565 -152 931 9
Rice_with_Shredded_Chicken 0.0046 567 786 944 1183
Rice_with_Shredded_Chicken 0.0038 289 -278 1234 115
Rice_with_Shredded_Chicken 0.0036 176 36 607 633
Rice_with_Shredded_Chicken 0.0034 369 699 1148 1261
Rice_with_Shredded_Chicken 0.0030 455 259 1249 871
Rice_with_Shredded_Chicken 0.0016 0 88 776 582
Rice_with_Shredded_Chicken 0.0013 575 -223 1019 71
Rice_with_Shredded_Chicken 0.0013 379 -537 1175 317
Rice_with_Shredded_Chicken 0.0012 575 576 1038 1387
Rice_with_Shredded_Chicken 0.0011 616 944 790 1088
migao 0.0356 20 141 1178 933
migao 0.0079 565 -152 931 9
migao 0.0074 455 259 1249 871
migao 0.0058 567 -352 961 185
migao 0.0055 640 911 906 1075
migao 0.0051 567 786 944 1183
migao 0.0045 289 -278 1234 115
migao 0.0034 530 634 994 1331
migao 0.0014 575 -223 1019 71
migao 0.0012 360 704 1249 1255
migao 0.0012 637 -214 864 160
migao 0.0010 668 348 1130 972
migao 0.0010 616 944 790 1088
wagui 0.0061 640 911 906 1075
wagui 0.0052 565 -152 931 9
wagui 0.0040 567 -352 961 185
wagui 0.0040 289 -278 1234 115
wagui 0.0037 578 825 966 1160
wagui 0.0033 530 634 994 1331
wagui 0.0029 39 -12 1163 907
wagui 0.0019 74 -76 527 381
wagui 0.0011 360 704 1249 1255
wagui 0.0011 616 944 790 1088
wagui 0.0010 280 -573 1299 339
wagui 0.0010 671 964 872 1114
