Kongrou 0.0198 109 19 197 174
Kongrou 0.0087 79 71 221 137
Kongrou 0.0068 102 64 187 154
Kongrou 0.0033 4 -20 91 68
Kongrou 0.0027 121 -3 212 54
Kongrou 0.0026 112 44 199 122
Kongrou 0.0019 140 7 203 43
Kongrou 0.0018 68 -126 245 52
Kongrou 0.0014 114 -57 207 0
Kongrou 0.0013 14 -153 307 76
Kongrou 0.0013 111 -95 217 35
Kongrou 0.0012 115 183 185 226
Kongrou 0.0011 117 73 183 125
Kongrou 0.0011 144 202 178 239
Kongrou 0.0011 115 133 191 270
Rouzaofun 0.0373 109 19 197 174
Rouzaofun 0.0152 79 71 221 137
Rouzaofun 0.0114 102 64 187 154
Rouzaofun 0.0084 6 -15 90 80
Rouzaofun 0.0055 121 -3 212 54
Rouzaofun 0.0050 140 7 203 43
Rouzaofun 0.0041 69 48 237 165
Rouzaofun 0.0033 119 46 202 131
Rouzaofun 0.0019 144 202 178 239
Rouzaofun 0.0018 85 52 225 114
Rouzaofun 0.0017 114 -57 207 0
Rouzaofun 0.0016 68 -126 245 52
Rouzaofun 0.0016 117 78 184 131
Rouzaofun 0.0014 14 -153 307 76
Rouzaofun 0.0013 -29 -27 125 74
Rouzaofun 0.0010 111 -95 217 35
Rouzaofun 0.0010 124 63 186 114
Rice_with_Shredded_Chicken 0.0143 106 52 194 146
Rice_with_Shredded_Chicken 0.0112 79 71 221 137
Rice_with_Shredded_Chicken 0.0049 121 -3 212 54
Rice_with_Shredded_Chicken 0.0034 12 -15 103 81
Rice_with_Shredded_Chicken 0.0034 140 7 203 43
Rice_with_Shredded_Chicken 0.0021 56 -108 261 35
Rice_with_Shredded_Chicken 0.0021 144 202 178 239
Rice_with_Shredded_Chicken 0.0020 14 -153 307 76
Rice_with_Shredded_Chicken 0.0019 -8 -5 87 56
Rice_with_Shredded_Chicken 0.0016 114 -57 207 0
Rice_with_Shredded_Chicken 0.0013 115 25 211 186
Rice_with_Shredded_Chicken 0.0012 -14 -122 203 49
Rice_with_Shredded_Chicken 0.0012 75 41 252 151
Rice_with_Shredded_Chicken 0.0012 85 52 225 114
Rice_with_Shredded_Chicken 0.0010 111 -95 217 35
migao 0.0796 109 19 197 174
migao 0.0172 74 39 232 153
migao 0.0098 86 62 225 125
migao 0.0093 102 64 187 154
migao 0.0073 4 -20 91 68
migao 0.0047 140 7 203 43
migao 0.0044 121 -3 212 54
migao 0.0026 119 46 202 131
migao 0.0024 56 -108 261 35
migao 0.0018 144 202 178 239
migao 0.0018 114 -57 207 0
migao 0.0016 14 -153 307 76
migao 0.0013 115 183 185 226
migao 0.0012 -29 -27 125 74
migao 0.0012 111 -95 217 35
migao 0.0012 115 133 191 270
migao 0.0011 126 172 175 255
wagui 0.0441 4 -20 91 68
wagui 0.0220 109 19 197 174
wagui 0.0139 124 -19 203 64
wagui 0.0122 79 71 221 137
wagui 0.0103 140 7 203 43
wagui 0.0074 102 64 187 154
wagui 0.0043 75 41 252 151
wagui 0.0036 -29 -27 125 74
wagui 0.0023 112 44 199 122
wagui 0.0023 14 -153 307 76
wagui 0.0022 144 202 178 239
wagui 0.0018 14 -3 102 109
wagui 0.0017 56 -108 261 35
wagui 0.0012 -14 -122 203 49
wagui 0.0011 115 183 185 226
wagui 0.0010 111 -95 217 35
