Kongrou 0.0903 10 17 209 173
Kongrou 0.0133 44 1 165 143
Kongrou 0.0014 93 23 195 161
Kongrou 0.0012 89 171 159 216
Rouzaofun 0.2686 35 21 219 170
Rouzaofun 0.0094 96 39 192 165
Rouzaofun 0.0020 77 168 151 219
Rouzaofun 0.0015 2 19 184 126
Rice_with_Shredded_Chicken 0.0216 10 17 209 173
Rice_with_Shredded_Chicken 0.0025 44 1 165 143
migao 0.2476 10 17 209 173
migao 0.0028 44 1 165 143
migao 0.0027 80 32 188 171
migao 0.0013 61 0 103 30
migao 0.0011 89 171 159 216
wagui 0.0177 10 17 209 173
wagui 0.0052 44 1 165 143
wagui 0.0011 89 171 159 216
