Kongrou 0.2879 64 121 1216 785
Kongrou 0.0287 251 39 881 831
Kongrou 0.0120 566 -301 934 -92
Kongrou 0.0084 564 -503 969 90
Kongrou 0.0062 331 -420 1194 4
Kongrou 0.0047 503 807 894 970
Kongrou 0.0032 376 723 755 955
Kongrou 0.0030 509 554 922 1191
Kongrou 0.0029 607 16 1115 755
Kongrou 0.0028 223 -597 1258 125
Kongrou 0.0025 227 653 1199 1093
Kongrou 0.0021 57 -860 1435 375
Kongrou 0.0014 631 -391 872 93
Kongrou 0.0013 174 64 663 709
Kongrou 0.0010 252 723 607 1004
Rouzaofun 0.0185 83 -61 1196 781
Rouzaofun 0.0093 566 -301 934 -92
Rouzaofun 0.0068 564 -503 969 90
Rouzaofun 0.0049 331 -420 1194 4
Rouzaofun 0.0031 503 807 894 970
Rouzaofun 0.0024 368 -666 1091 192
Rouzaofun 0.0023 57 -860 1435 375
Rouzaofun 0.0023 227 653 1199 1093
Rouzaofun 0.0023 509 554 922 1191
Rouzaofun 0.0022 43 172 986 700
Rouzaofun 0.0014 631 -391 872 93
Rice_with_Shredded_Chicken 0.0237 83 -61 1196 781
Rice_with_Shredded_Chicken 0.0095 566 -301 934 -92
Rice_with_Shredded_Chicken 0.0067 564 -503 969 90
Rice_with_Shredded_Chicken 0.0052 331 -420 1194 4
Rice_with_Shredded_Chicken 0.0043 43 172 986 700
Rice_with_Shredded_Chicken 0.0037 223 -597 1258 125
Rice_with_Shredded_Chicken 0.0031 57 -860 1435 375
Rice_with_Shredded_Chicken 0.0028 503 807 894 970
Rice_with_Shredded_Chicken 0.0022 509 554 922 1191
Rice_with_Shredded_Chicken 0.0020 227 653 1199 1093
Rice_with_Shredded_Chicken 0.0019 631 -391 872 93
Rice_with_Shredded_Chicken 0.0011 101 -359 627 -41
Rice_with_Shredded_Chicken 0.0010 437 87 1280 682
migao 0.1083 64 121 1216 785
migao 0.0118 566 -301 934 -92
migao 0.0077 564 -503 969 90
migao 0.0071 251 39 881 831
migao 0.0057 331 -420 1194 4
migao 0.0049 503 807 894 970
migao 0.0038 223 -597 1258 125
migao 0.0030 509 554 922 1191
migao 0.0026 227 653 1199 1093
migao 0.0026 57 -860 1435 375
migao 0.0023 631 -391 872 93
wagui 0.0146 121 -2 1164 748
wagui 0.0072 566 -301 934 -92
wagui 0.0060 564 -503 969 90
wagui 0.0053 331 -420 1194 4
wagui 0.0037 57 -860 1435 375
wagui 0.0029 223 -597 1258 125
wagui 0.0028 503 807 894 970
wagui 0.0022 376 723 755 955
wagui 0.0020 227 653 1199 1093
wagui 0.0019 509 554 922 1191
wagui 0.0015 631 -391 872 93
wagui 0.0010 361 -364 770 -130
