Kongrou 0.0056 132 12 235 152
Kongrou 0.0029 33 95 100 163
Kongrou 0.0029 -11 46 140 157
Kongrou 0.0021 17 14 110 170
Kongrou 0.0018 99 46 269 155
Kongrou 0.0013 6 -1 250 195
Kongrou 0.0012 85 -106 250 58
Rouzaofun 0.2840 136 23 232 160
Rouzaofun 0.2263 96 36 272 146
Rouzaofun 0.1971 16 23 112 179
Rouzaofun 0.0522 -23 46 132 157
Rouzaofun 0.0030 21 15 236 178
Rouzaofun 0.0024 33 95 100 163
Rouzaofun 0.0015 50 49 113 139
Rouzaofun 0.0011 85 -106 250 58
Rouzaofun 0.0010 120 -42 203 10
Rice_with_Shredded_Chicken 0.1083 16 23 112 179
Rice_with_Shredded_Chicken 0.0455 96 36 272 146
Rice_with_Shredded_Chicken 0.0406 -23 46 132 157
Rice_with_Shredded_Chicken 0.0196 136 23 232 160
Rice_with_Shredded_Chicken 0.0028 6 -1 250 195
Rice_with_Shredded_Chicken 0.0019 33 95 100 163
Rice_with_Shredded_Chicken 0.0014 85 -106 250 58
migao 0.1106 96 36 272 146
migao 0.0681 136 23 232 160
migao 0.0385 16 23 112 179
migao 0.0191 -23 46 132 157
migao 0.0024 33 95 100 163
migao 0.0016 6 -1 250 195
migao 0.0012 79 -100 259 55
migao 0.0011 120 -42 203 10
wagui 0.0255 8 27 102 174
wagui 0.0103 96 36 272 146
wagui 0.0036 136 23 232 160
wagui 0.0024 33 95 100 163
wagui 0.0013 58 -139 283 89
wagui 0.0013 6 -1 250 195
wagui 0.0010 113 136 214 206
