Kongrou 0.3778 17 9 242 152
Kongrou 0.0044 120 -36 202 5
Kongrou 0.0035 121 -76 208 40
Kongrou 0.0023 69 -61 258 26
Kongrou 0.0021 101 18 207 164
Kongrou 0.0020 74 -109 261 61
Kongrou 0.0018 2 -48 105 14
Kongrou 0.0013 43 22 164 161
Rouzaofun 0.1178 17 5 239 188
Rouzaofun 0.0038 120 -36 202 5
Rouzaofun 0.0032 77 32 250 152
Rouzaofun 0.0027 121 -76 208 40
Rouzaofun 0.0020 69 -61 258 26
Rouzaofun 0.0020 -2 -53 89 19
Rouzaofun 0.0017 74 -109 261 61
Rouzaofun 0.0017 43 23 184 160
Rice_with_Shredded_Chicken 0.0306 47 19 210 172
Rice_with_Shredded_Chicken 0.0036 120 -36 202 5
Rice_with_Shredded_Chicken 0.0029 121 -76 208 40
Rice_with_Shredded_Chicken 0.0022 -2 -53 89 19
Rice_with_Shredded_Chicken 0.0022 74 -109 261 61
Rice_with_Shredded_Chicken 0.0019 69 -61 258 26
migao 0.3839 22 11 235 178
migao 0.0049 120 -36 202 5
migao 0.0033 121 -76 208 40
migao 0.0024 69 -61 258 26
migao 0.0015 52 -133 289 84
migao 0.0013 -2 -53 89 19
migao 0.0010 93 31 254 153
wagui 0.0388 22 11 235 178
wagui 0.0033 120 -36 202 5
wagui 0.0026 121 -76 208 40
wagui 0.0021 69 -61 258 26
wagui 0.0018 52 -133 289 84
wagui 0.0015 2 -48 105 14
wagui 0.0015 115 21 214 161
wagui 0.0012 114 -7 149 17
