Kongrou 0.0133 506 189 791 461
Kongrou 0.0049 102 197 399 453
Kongrou 0.0041 415 228 882 421
Kongrou 0.0026 229 -396 797 155
Kongrou 0.0024 387 -164 664 -20
Kongrou 0.0022 396 -321 681 124
Kongrou 0.0020 57 -539 992 291
Kongrou 0.0018 542 254 754 397
Kongrou 0.0018 4 232 496 418
Kongrou 0.0015 539 232 723 350
Kongrou 0.0014 38 119 346 509
Kongrou 0.0011 151 262 349 389
Kongrou 0.0011 259 -210 537 -45
Kongrou 0.0010 103 252 295 365
Rouzaofun 0.1648 67 111 384 519
Rouzaofun 0.0858 496 118 785 511
Rouzaofun 0.0141 -54 156 502 474
Rouzaofun 0.0088 415 228 882 421
Rouzaofun 0.0066 125 193 410 457
Rouzaofun 0.0026 542 254 754 397
Rouzaofun 0.0025 387 -164 664 -20
Rouzaofun 0.0025 229 -396 797 155
Rouzaofun 0.0021 57 -539 992 291
Rouzaofun 0.0020 19 214 481 402
Rouzaofun 0.0020 20 216 273 435
Rouzaofun 0.0020 539 232 723 350
Rouzaofun 0.0018 396 -321 681 124
Rouzaofun 0.0016 327 -210 449 89
Rouzaofun 0.0014 151 262 349 389
Rouzaofun 0.0013 378 189 968 509
Rouzaofun 0.0013 463 169 730 412
Rouzaofun 0.0012 103 252 295 365
Rice_with_Shredded_Chicken 0.3049 67 111 384 519
Rice_with_Shredded_Chicken 0.2517 519 113 828 516
Rice_with_Shredded_Chicken 0.0246 -54 156 502 474
Rice_with_Shredded_Chicken 0.0111 392 158 953 474
Rice_with_Shredded_Chicken 0.0069 484 179 778 437
Rice_with_Shredded_Chicken 0.0032 125 193 410 457
Rice_with_Shredded_Chicken 0.0032 154 -351 884 111
Rice_with_Shredded_Chicken 0.0029 57 -539 992 291
Rice_with_Shredded_Chicken 0.0023 387 -164 664 -20
Rice_with_Shredded_Chicken 0.0018 -17 38 917 562
Rice_with_Shredded_Chicken 0.0017 396 -321 681 124
Rice_with_Shredded_Chicken 0.0014 19 214 481 402
Rice_with_Shredded_Chicken 0.0012 542 254 754 397
Rice_with_Shredded_Chicken 0.0011 539 232 723 350
Rice_with_Shredded_Chicken 0.0011 78 -202 433 8
migao 0.0632 67 111 384 519
migao 0.0334 519 113 828 516
migao 0.0078 484 179 778 437
migao 0.0068 -54 156 502 474
migao 0.0045 414 231 917 419
migao 0.0042 125 193 410 457
migao 0.0035 154 -351 884 111
migao 0.0030 387 -164 664 -20
migao 0.0023 57 -539 992 291
migao 0.0021 396 -321 681 124
migao 0.0020 327 -210 449 89
migao 0.0018 542 254 754 397
migao 0.0015 19 214 481 402
migao 0.0015 539 232 723 350
migao 0.0010 151 262 349 389
wagui 0.0629 519 113 828 516
wagui 0.0294 67 111 384 519
wagui 0.0057 484 179 778 437
wagui 0.0054 -54 156 502 474
wagui 0.0041 392 158 953 474
wagui 0.0035 57 -539 992 291
wagui 0.0031 125 193 410 457
wagui 0.0025 154 -351 884 111
wagui 0.0021 387 -164 664 -20
wagui 0.0020 259 -210 537 -45
wagui 0.0017 396 -321 681 124
wagui 0.0013 539 232 723 350
wagui 0.0013 78 -202 433 8
wagui 0.0012 327 -210 449 89
wagui 0.0012 542 254 754 397
wagui 0.0011 19 214 481 402
wagui 0.0010 103 252 295 365
