Kongrou 0.1463 83 -16 815 633
Kongrou 0.0050 316 68 755 568
Kongrou 0.0019 -16 268 345 521
Kongrou 0.0019 50 207 277 582
Kongrou 0.0017 453 663 567 785
Kongrou 0.0016 223 -420 804 180
Kongrou 0.0014 376 -183 679 -4
Kongrou 0.0012 369 -318 708 120
Kongrou 0.0012 518 236 898 679
Kongrou 0.0010 215 35 649 465
Rouzaofun 0.0131 74 -12 826 610
Rouzaofun 0.0027 453 663 567 785
Rouzaofun 0.0023 -16 268 345 521
Rouzaofun 0.0018 50 207 277 582
Rouzaofun 0.0016 376 -183 679 -4
Rouzaofun 0.0014 223 -420 804 180
Rouzaofun 0.0012 385 578 636 873
Rouzaofun 0.0012 285 140 850 566
Rouzaofun 0.0010 369 -318 708 120
Rice_with_Shredded_Chicken 0.0524 83 -16 815 633
Rice_with_Shredded_Chicken 0.0035 316 68 755 568
Rice_with_Shredded_Chicken 0.0030 453 663 567 785
Rice_with_Shredded_Chicken 0.0018 175 -357 861 115
Rice_with_Shredded_Chicken 0.0017 -16 268 345 521
Rice_with_Shredded_Chicken 0.0016 64 -495 983 246
Rice_with_Shredded_Chicken 0.0015 376 -183 679 -4
Rice_with_Shredded_Chicken 0.0011 385 578 636 873
Rice_with_Shredded_Chicken 0.0011 50 207 277 582
migao 0.0461 74 -12 826 610
migao 0.0027 -16 268 345 521
migao 0.0026 453 663 567 785
migao 0.0019 175 -357 861 115
migao 0.0017 376 -183 679 -4
migao 0.0017 50 207 277 582
migao 0.0013 316 68 755 568
migao 0.0013 64 -495 983 246
migao 0.0012 369 -318 708 120
migao 0.0010 385 578 636 873
wagui 0.0067 83 -16 815 633
wagui 0.0030 453 663 567 785
wagui 0.0023 -16 268 345 521
wagui 0.0018 64 -495 983 246
wagui 0.0014 175 -357 861 115
wagui 0.0014 50 207 277 582
wagui 0.0011 369 -318 708 120
wagui 0.0010 385 578 636 873
wagui 0.0010 376 -183 679 -4
