Kongrou 0.0073 18 17 239 178
Kongrou 0.0013 62 30 168 153
Kongrou 0.0012 23 175 61 202
Kongrou 0.0010 -21 157 106 220
Rouzaofun 0.4968 26 27 233 167
Rouzaofun 0.0378 62 30 168 153
Rouzaofun 0.0023 89 13 200 131
Rouzaofun 0.0022 82 55 206 167
Rouzaofun 0.0014 -21 157 106 220
Rouzaofun 0.0013 23 175 61 202
Rouzaofun 0.0011 106 0 187 19
Rouzaofun 0.0010 5 176 49 202
Rice_with_Shredded_Chicken 0.0653 26 27 233 167
Rice_with_Shredded_Chicken 0.0029 62 30 168 153
Rice_with_Shredded_Chicken 0.0012 23 175 61 202
Rice_with_Shredded_Chicken 0.0010 5 176 49 202
Rice_with_Shredded_Chicken 0.0010 -21 157 106 220
migao 0.1202 26 27 233 167
migao 0.0078 62 30 168 153
migao 0.0013 23 175 61 202
migao 0.0011 106 0 187 19
migao 0.0011 -21 157 106 220
migao 0.0010 5 176 49 202
wagui 0.0272 26 27 233 167
wagui 0.0035 106 0 187 19
wagui 0.0017 23 175 61 202
wagui 0.0013 5 176 49 202
wagui 0.0013 6 0 88 19
wagui 0.0011 107 -3 176 13
wagui 0.0011 -21 157 106 220
