Kongrou 0.0184 35 72 117 158
Kongrou 0.0099 131 92 212 169
Kongrou 0.0099 118 -49 203 -6
Kongrou 0.0086 117 -97 211 36
Kongrou 0.0061 66 -77 261 16
Kongrou 0.0042 13 88 139 141
Kongrou 0.0041 140 111 202 150
Kongrou 0.0040 173 47 212 77
Kongrou 0.0037 47 87 105 131
Kongrou 0.0029 -32 74 63 267
Kongrou 0.0029 -28 129 61 212
Kongrou 0.0022 87 -133 272 60
Kongrou 0.0015 -6 144 22 181
Kongrou 0.0012 40 105 112 146
Kongrou 0.0012 104 -73 219 -5
Kongrou 0.0011 130 -63 192 27
Kongrou 0.0011 -20 112 35 202
Kongrou 0.0010 1 -20 273 200
Kongrou 0.0010 66 3 207 179
Rouzaofun 0.0585 35 72 117 158
Rouzaofun 0.0383 131 92 212 169
Rouzaofun 0.0116 173 47 212 77
Rouzaofun 0.0114 13 88 139 141
Rouzaofun 0.0101 118 -49 203 -6
Rouzaofun 0.0100 140 111 202 150
Rouzaofun 0.0081 47 87 105 131
Rouzaofun 0.0068 117 -97 211 36
Rouzaofun 0.0053 66 -77 261 16
Rouzaofun 0.0029 1 -4 275 185
Rouzaofun 0.0028 40 105 112 146
Rouzaofun 0.0026 85 -8 179 115
Rouzaofun 0.0025 -32 74 63 267
Rouzaofun 0.0021 -28 129 61 212
Rouzaofun 0.0021 112 114 230 179
Rouzaofun 0.0020 66 3 207 179
Rouzaofun 0.0018 -6 144 22 181
Rouzaofun 0.0017 35 -16 237 113
Rouzaofun 0.0017 146 127 197 165
Rouzaofun 0.0015 81 -147 278 73
Rouzaofun 0.0015 163 22 223 91
Rouzaofun 0.0014 130 -63 192 27
Rouzaofun 0.0013 150 102 203 138
Rouzaofun 0.0012 -20 112 35 202
Rice_with_Shredded_Chicken 0.0341 35 72 117 158
Rice_with_Shredded_Chicken 0.0192 131 92 212 169
Rice_with_Shredded_Chicken 0.0150 173 47 212 77
Rice_with_Shredded_Chicken 0.0088 118 -49 203 -6
Rice_with_Shredded_Chicken 0.0082 13 88 139 141
Rice_with_Shredded_Chicken 0.0066 117 -97 211 36
Rice_with_Shredded_Chicken 0.0052 66 -77 261 16
Rice_with_Shredded_Chicken 0.0051 140 111 202 150
Rice_with_Shredded_Chicken 0.0051 47 87 105 131
Rice_with_Shredded_Chicken 0.0034 -28 129 61 212
Rice_with_Shredded_Chicken 0.0026 -32 74 63 267
Rice_with_Shredded_Chicken 0.0023 1 -4 275 185
Rice_with_Shredded_Chicken 0.0021 66 3 207 179
Rice_with_Shredded_Chicken 0.0020 87 -133 272 60
Rice_with_Shredded_Chicken 0.0016 35 -16 237 113
Rice_with_Shredded_Chicken 0.0014 -6 144 22 181
Rice_with_Shredded_Chicken 0.0014 85 -24 179 112
Rice_with_Shredded_Chicken 0.0014 130 -63 192 27
Rice_with_Shredded_Chicken 0.0013 163 22 223 91
Rice_with_Shredded_Chicken 0.0013 112 114 230 179
Rice_with_Shredded_Chicken 0.0012 39 101 92 139
Rice_with_Shredded_Chicken 0.0011 -76 65 106 191
Rice_with_Shredded_Chicken 0.0010 9 62 148 175
migao 0.0421 35 72 117 158
migao 0.0225 131 92 212 169
migao 0.0201 173 47 212 77
migao 0.0116 118 -49 203 -6
migao 0.0105 13 88 139 141
migao 0.0081 140 111 202 150
migao 0.0079 117 -97 211 36
migao 0.0068 47 87 105 131
migao 0.0062 66 -77 261 16
migao 0.0027 -28 129 61 212
migao 0.0025 -32 74 63 267
migao 0.0021 40 105 112 146
migao 0.0020 -6 144 22 181
migao 0.0020 85 -119 275 48
migao 0.0018 130 -63 192 27
migao 0.0014 112 114 230 179
migao 0.0014 1 -20 273 200
migao 0.0014 66 3 207 179
migao 0.0013 146 127 197 165
migao 0.0012 13 -159 307 82
migao 0.0011 104 -73 219 -5
migao 0.0010 85 -24 179 112
migao 0.0010 150 102 203 138
wagui 0.0560 40 53 117 182
wagui 0.0541 173 47 212 77
wagui 0.0167 131 92 212 169
wagui 0.0078 13 88 139 141
wagui 0.0075 85 -24 179 112
wagui 0.0067 27 73 104 156
wagui 0.0067 47 87 105 131
wagui 0.0066 118 -49 203 -6
wagui 0.0064 117 -97 211 36
wagui 0.0064 140 111 202 150
wagui 0.0053 66 -77 261 16
wagui 0.0029 -32 74 63 267
wagui 0.0026 39 101 92 139
wagui 0.0025 163 22 223 91
wagui 0.0025 -28 129 61 212
wagui 0.0022 172 34 213 69
wagui 0.0021 1 -20 273 200
wagui 0.0021 35 -16 237 113
wagui 0.0020 -6 144 22 181
wagui 0.0020 13 -159 307 82
wagui 0.0016 150 102 203 138
wagui 0.0016 85 -119 275 48
wagui 0.0015 66 3 207 179
wagui 0.0013 92 -16 311 156
wagui 0.0012 130 -63 192 27
wagui 0.0012 50 104 113 147
wagui 0.0011 -20 112 35 202
wagui 0.0010 -76 65 106 191
wagui 0.0010 183 44 223 80
