Kongrou 0.0272 65 18 610 517
Kongrou 0.0019 -2 -6 139 123
Kongrou 0.0017 249 495 457 636
Kongrou 0.0015 652 19 808 311
Kongrou 0.0012 197 -388 724 177
Kongrou 0.0011 116 277 809 863
Rouzaofun 0.0969 32 16 645 527
Rouzaofun 0.0046 483 -53 931 455
Rouzaofun 0.0041 652 19 808 311
Rouzaofun 0.0023 -2 -6 139 123
Rouzaofun 0.0013 608 94 852 331
Rouzaofun 0.0013 128 133 518 554
Rouzaofun 0.0011 283 504 484 628
Rouzaofun 0.0011 615 10 876 229
Rouzaofun 0.0010 197 -388 724 177
Rice_with_Shredded_Chicken 0.4266 32 16 645 527
Rice_with_Shredded_Chicken 0.0045 483 -53 931 455
Rice_with_Shredded_Chicken 0.0020 -2 -6 139 123
Rice_with_Shredded_Chicken 0.0018 652 19 808 311
Rice_with_Shredded_Chicken 0.0012 168 -304 751 95
Rice_with_Shredded_Chicken 0.0011 128 133 518 554
Rice_with_Shredded_Chicken 0.0011 280 60 611 504
Rice_with_Shredded_Chicken 0.0010 152 251 777 889
migao 0.0965 32 16 645 527
migao 0.0030 -2 -6 139 123
migao 0.0026 652 19 808 311
migao 0.0017 483 -53 931 455
migao 0.0010 283 504 484 628
migao 0.0010 168 -304 751 95
wagui 0.0489 32 16 645 527
wagui 0.0071 -2 -6 139 123
wagui 0.0017 652 19 808 311
wagui 0.0014 249 495 457 636
wagui 0.0011 197 -388 724 177
wagui 0.0010 483 -53 931 455
