Kongrou 0.0050 76 -16 166 84
Kongrou 0.0033 119 -46 202 -9
Kongrou 0.0032 122 -98 206 37
Kongrou 0.0024 59 -73 268 12
Kongrou 0.0019 77 -130 281 56
Kongrou 0.0017 85 76 174 143
Kongrou 0.0017 91 27 193 125
Kongrou 0.0012 129 65 182 90
Kongrou 0.0012 0 -164 321 88
Kongrou 0.0012 110 140 196 263
Kongrou 0.0011 110 182 190 226
Kongrou 0.0010 120 53 201 123
Rouzaofun 0.1176 87 30 197 163
Rouzaofun 0.0293 39 46 225 146
Rouzaofun 0.0088 85 76 174 143
Rouzaofun 0.0050 120 53 201 123
Rouzaofun 0.0031 129 65 182 90
Rouzaofun 0.0027 119 -46 202 -9
Rouzaofun 0.0026 63 53 158 160
Rouzaofun 0.0023 122 -98 206 37
Rouzaofun 0.0020 77 -5 149 77
Rouzaofun 0.0019 59 -73 268 12
Rouzaofun 0.0018 29 25 243 200
Rouzaofun 0.0015 77 -130 281 56
Rouzaofun 0.0013 0 -164 321 88
Rouzaofun 0.0013 148 80 195 108
Rouzaofun 0.0012 133 64 199 102
Rouzaofun 0.0012 69 66 210 132
Rouzaofun 0.0012 85 86 163 122
Rouzaofun 0.0011 117 78 173 110
Rouzaofun 0.0010 110 182 190 226
Rice_with_Shredded_Chicken 0.0132 87 30 197 163
Rice_with_Shredded_Chicken 0.0088 51 47 232 145
Rice_with_Shredded_Chicken 0.0029 85 76 174 143
Rice_with_Shredded_Chicken 0.0024 119 -46 202 -9
Rice_with_Shredded_Chicken 0.0024 122 -98 206 37
Rice_with_Shredded_Chicken 0.0020 120 53 201 123
Rice_with_Shredded_Chicken 0.0020 77 -130 281 56
Rice_with_Shredded_Chicken 0.0019 59 -73 268 12
Rice_with_Shredded_Chicken 0.0019 0 -164 321 88
Rice_with_Shredded_Chicken 0.0015 129 65 182 90
Rice_with_Shredded_Chicken 0.0013 77 -5 149 77
Rice_with_Shredded_Chicken 0.0011 29 25 243 200
migao 0.0220 87 30 197 163
migao 0.0095 39 46 225 146
migao 0.0037 119 -46 202 -9
migao 0.0037 85 76 174 143
migao 0.0030 122 -98 206 37
migao 0.0029 129 65 182 90
migao 0.0023 59 -73 268 12
migao 0.0022 120 53 201 123
migao 0.0021 77 -5 149 77
migao 0.0016 77 -130 281 56
migao 0.0015 0 -164 321 88
migao 0.0013 110 182 190 226
migao 0.0012 110 140 196 263
migao 0.0011 148 80 195 108
wagui 0.0050 76 -16 166 84
wagui 0.0026 37 44 238 174
wagui 0.0024 0 -164 321 88
wagui 0.0024 119 -46 202 -9
wagui 0.0022 122 -98 206 37
wagui 0.0021 59 -73 268 12
wagui 0.0018 129 65 182 90
wagui 0.0018 77 -130 281 56
wagui 0.0017 85 76 174 143
wagui 0.0016 87 30 197 163
wagui 0.0011 120 53 201 123
wagui 0.0011 43 -25 198 92
