Kongrou 0.0147 44 8 253 186
Kongrou 0.0014 110 170 172 254
Rouzaofun 0.5356 51 6 246 185
Rouzaofun 0.0111 87 -4 200 129
Rouzaofun 0.0045 69 31 179 154
Rouzaofun 0.0015 110 170 172 254
Rouzaofun 0.0010 93 41 233 163
Rice_with_Shredded_Chicken 0.0255 64 1 236 191
Rice_with_Shredded_Chicken 0.0017 110 170 172 254
Rice_with_Shredded_Chicken 0.0011 87 -4 200 129
migao 0.1504 51 6 246 185
migao 0.0023 61 11 225 114
migao 0.0022 110 170 172 254
migao 0.0015 69 30 198 155
wagui 0.0276 44 8 253 186
wagui 0.0012 113 154 176 268
