Kongrou 0.0100 38 75 126 156
Kongrou 0.0096 6 112 89 224
Kongrou 0.0071 121 97 198 188
Kongrou 0.0019 27 82 107 136
Kongrou 0.0018 -23 133 118 218
Kongrou 0.0017 12 143 95 205
Kongrou 0.0013 125 -90 272 103
Kongrou 0.0013 15 66 173 195
Kongrou 0.0010 112 112 187 167
Rouzaofun 0.2153 10 127 85 226
Rouzaofun 0.0852 117 104 203 196
Rouzaofun 0.0183 -23 133 118 218
Rouzaofun 0.0029 38 75 126 156
Rouzaofun 0.0027 -17 151 108 197
Rouzaofun 0.0026 76 100 227 183
Rouzaofun 0.0020 27 82 107 136
Rouzaofun 0.0017 91 122 217 165
Rouzaofun 0.0014 65 15 86 38
Rouzaofun 0.0011 134 115 208 173
Rouzaofun 0.0010 125 -90 272 103
Rouzaofun 0.0010 -11 83 236 205
Rouzaofun 0.0010 110 113 181 174
Rice_with_Shredded_Chicken 0.0104 10 127 85 226
Rice_with_Shredded_Chicken 0.0067 113 132 208 219
Rice_with_Shredded_Chicken 0.0057 38 75 126 156
Rice_with_Shredded_Chicken 0.0047 -21 122 117 213
Rice_with_Shredded_Chicken 0.0038 108 104 196 196
Rice_with_Shredded_Chicken 0.0017 -17 151 108 197
Rice_with_Shredded_Chicken 0.0015 65 15 86 38
Rice_with_Shredded_Chicken 0.0015 126 118 207 178
Rice_with_Shredded_Chicken 0.0014 125 -90 272 103
Rice_with_Shredded_Chicken 0.0012 27 82 107 136
migao 0.1335 10 127 85 226
migao 0.0758 117 104 203 196
migao 0.0194 -23 133 118 218
migao 0.0080 38 75 126 156
migao 0.0034 76 100 227 183
migao 0.0023 -17 151 108 197
migao 0.0020 65 15 86 38
migao 0.0016 125 -90 272 103
migao 0.0016 27 82 107 136
migao 0.0014 91 122 217 165
wagui 0.1190 6 112 89 224
wagui 0.0454 108 104 196 196
wagui 0.0146 -23 133 118 218
wagui 0.0114 38 75 126 156
wagui 0.0049 113 132 208 219
wagui 0.0023 65 15 86 38
wagui 0.0021 126 118 207 178
wagui 0.0018 15 66 173 195
wagui 0.0016 -17 151 108 197
wagui 0.0016 27 82 107 136
wagui 0.0012 125 -90 272 103
