Kongrou 0.1754 61 6 255 179
Kongrou 0.0171 -1 55 48 174
Kongrou 0.0114 108 -2 219 134
Kongrou 0.0104 92 38 214 175
Kongrou 0.0039 -21 75 58 155
Kongrou 0.0035 119 -48 202 -7
Kongrou 0.0031 121 -98 207 38
Kongrou 0.0022 1 86 45 154
Kongrou 0.0021 59 -74 268 14
Kongrou 0.0020 111 183 188 225
Kongrou 0.0016 110 136 197 267
Kongrou 0.0015 79 -125 279 51
Kongrou 0.0013 60 152 246 250
Rouzaofun 0.0400 -1 55 48 174
Rouzaofun 0.0144 63 -5 252 190
Rouzaofun 0.0062 -21 75 58 155
Rouzaofun 0.0038 1 86 45 154
Rouzaofun 0.0034 119 -48 202 -7
Rouzaofun 0.0026 121 -98 207 38
Rouzaofun 0.0024 92 38 214 175
Rouzaofun 0.0019 59 -74 268 14
Rouzaofun 0.0017 111 183 188 225
Rouzaofun 0.0012 110 136 197 267
Rouzaofun 0.0012 60 152 246 250
Rouzaofun 0.0011 65 -148 293 73
Rouzaofun 0.0010 9 72 49 136
Rice_with_Shredded_Chicken 0.0802 61 6 255 179
Rice_with_Shredded_Chicken 0.0247 -1 55 48 174
Rice_with_Shredded_Chicken 0.0044 -21 75 58 155
Rice_with_Shredded_Chicken 0.0036 92 38 214 175
Rice_with_Shredded_Chicken 0.0033 119 -48 202 -7
Rice_with_Shredded_Chicken 0.0025 121 -98 207 38
Rice_with_Shredded_Chicken 0.0020 1 86 45 154
Rice_with_Shredded_Chicken 0.0018 7 -13 89 80
Rice_with_Shredded_Chicken 0.0018 59 -74 268 14
Rice_with_Shredded_Chicken 0.0015 65 -148 293 73
Rice_with_Shredded_Chicken 0.0014 111 183 188 225
Rice_with_Shredded_Chicken 0.0011 110 136 197 267
Rice_with_Shredded_Chicken 0.0010 60 152 246 250
migao 0.1267 61 6 255 179
migao 0.0386 -1 55 48 174
migao 0.0074 -21 75 58 155
migao 0.0041 119 -48 202 -7
migao 0.0038 92 38 214 175
migao 0.0029 121 -98 207 38
migao 0.0025 108 -2 219 134
migao 0.0025 1 86 45 154
migao 0.0024 111 183 188 225
migao 0.0022 59 -74 268 14
migao 0.0016 110 136 197 267
migao 0.0013 65 -148 293 73
migao 0.0013 60 152 246 250
wagui 0.0547 61 6 255 179
wagui 0.0326 -1 55 48 174
wagui 0.0066 -21 75 58 155
wagui 0.0049 7 -13 89 80
wagui 0.0038 92 38 214 175
wagui 0.0030 119 -48 202 -7
wagui 0.0027 1 86 45 154
wagui 0.0024 121 -98 207 38
wagui 0.0021 59 -74 268 14
wagui 0.0019 7 -177 315 100
wagui 0.0013 -64 14 126 209
wagui 0.0013 79 -125 279 51
wagui 0.0012 110 136 197 267
wagui 0.0011 111 183 188 225
wagui 0.0010 60 152 246 250
