Kongrou 0.0065 131 -71 219 -20
Kongrou 0.0056 130 -115 227 18
Kongrou 0.0042 82 -99 273 2
Kongrou 0.0026 26 18 237 137
Kongrou 0.0026 215 -4 307 62
Kongrou 0.0023 89 168 174 223
Kongrou 0.0018 68 -15 195 150
Kongrou 0.0012 176 55 398 295
Kongrou 0.0011 133 136 224 272
Kongrou 0.0011 51 100 296 293
Kongrou 0.0010 126 177 224 235
Rouzaofun 0.2018 68 -1 196 156
Rouzaofun 0.0080 215 -4 307 62
Rouzaofun 0.0063 37 -10 259 177
Rouzaofun 0.0054 131 -71 219 -20
Rouzaofun 0.0044 130 -115 227 18
Rouzaofun 0.0037 82 -99 273 2
Rouzaofun 0.0030 111 22 221 154
Rouzaofun 0.0014 176 55 398 295
Rouzaofun 0.0014 102 172 184 219
Rouzaofun 0.0013 204 -21 290 86
Rouzaofun 0.0013 236 5 298 53
Rouzaofun 0.0013 18 -28 236 108
Rouzaofun 0.0012 104 32 188 129
Rouzaofun 0.0011 126 177 224 235
Rouzaofun 0.0011 66 124 111 163
Rouzaofun 0.0010 67 147 289 259
Rice_with_Shredded_Chicken 0.0511 26 18 237 137
Rice_with_Shredded_Chicken 0.0138 68 -15 195 150
Rice_with_Shredded_Chicken 0.0050 131 -71 219 -20
Rice_with_Shredded_Chicken 0.0043 130 -115 227 18
Rice_with_Shredded_Chicken 0.0038 215 -4 307 62
Rice_with_Shredded_Chicken 0.0034 82 -99 273 2
Rice_with_Shredded_Chicken 0.0030 204 -21 290 86
Rice_with_Shredded_Chicken 0.0015 176 55 398 295
Rice_with_Shredded_Chicken 0.0013 113 -1 219 156
Rice_with_Shredded_Chicken 0.0011 4 -187 345 72
Rice_with_Shredded_Chicken 0.0010 77 -151 263 40
Rice_with_Shredded_Chicken 0.0010 126 177 224 235
migao 0.0436 26 18 237 137
migao 0.0166 68 -15 195 150
migao 0.0067 131 -71 219 -20
migao 0.0059 215 -4 307 62
migao 0.0049 130 -115 227 18
migao 0.0039 82 -99 273 2
migao 0.0014 113 -1 219 156
migao 0.0014 102 172 184 219
migao 0.0013 126 177 224 235
migao 0.0011 66 124 111 163
migao 0.0011 176 55 398 295
migao 0.0011 133 136 224 272
migao 0.0010 67 147 289 259
wagui 0.0087 26 18 237 137
wagui 0.0039 215 -4 307 62
wagui 0.0037 130 -115 227 18
wagui 0.0034 82 -99 273 2
wagui 0.0034 131 -71 219 -20
wagui 0.0016 68 -15 195 150
wagui 0.0015 102 172 184 219
wagui 0.0013 204 -21 290 86
wagui 0.0013 4 -187 345 72
wagui 0.0011 85 127 127 161
wagui 0.0011 66 124 111 163
wagui 0.0010 176 55 398 295
