Kongrou 0.0768 25 4 239 185
Kongrou 0.0015 100 128 251 269
Kongrou 0.0014 34 97 310 290
Kongrou 0.0011 69 10 206 148
Rouzaofun 0.3046 24 0 238 190
Rouzaofun 0.0026 38 35 196 164
Rouzaofun 0.0012 135 203 166 237
Rouzaofun 0.0011 -4 -8 61 50
Rouzaofun 0.0011 73 117 278 274
Rouzaofun 0.0010 68 176 144 246
Rouzaofun 0.0010 145 202 186 238
Rice_with_Shredded_Chicken 0.0718 25 4 239 185
Rice_with_Shredded_Chicken 0.0013 135 203 166 237
Rice_with_Shredded_Chicken 0.0011 68 176 144 246
Rice_with_Shredded_Chicken 0.0011 73 117 278 274
migao 0.2139 25 4 239 185
migao 0.0015 100 128 251 269
migao 0.0012 34 97 310 290
migao 0.0011 135 203 166 237
migao 0.0011 0 1 56 39
migao 0.0010 115 171 176 255
wagui 0.0068 49 0 217 189
wagui 0.0012 135 203 166 237
wagui 0.0011 145 202 186 238
wagui 0.0010 -1 -1 67 32
wagui 0.0010 68 176 144 246
