Kongrou 0.0042 -9 49 167 165
Kongrou 0.0027 119 -55 203 -1
Kongrou 0.0024 116 -98 212 38
Kongrou 0.0018 66 -130 246 56
Kongrou 0.0015 57 -77 270 16
Kongrou 0.0015 30 44 128 188
Kongrou 0.0014 24 -164 297 87
Rouzaofun 0.1776 30 44 128 188
Rouzaofun 0.0941 -9 49 167 165
Rouzaofun 0.0042 134 -15 257 102
Rouzaofun 0.0033 119 -55 203 -1
Rouzaofun 0.0021 116 -98 212 38
Rouzaofun 0.0017 57 -77 270 16
Rouzaofun 0.0016 66 -130 246 56
Rouzaofun 0.0015 24 -164 297 87
Rouzaofun 0.0010 67 -25 296 125
Rice_with_Shredded_Chicken 0.0662 -9 49 167 165
Rice_with_Shredded_Chicken 0.0560 30 32 128 181
Rice_with_Shredded_Chicken 0.0042 134 -15 257 102
Rice_with_Shredded_Chicken 0.0037 119 -55 203 -1
Rice_with_Shredded_Chicken 0.0021 24 -164 297 87
Rice_with_Shredded_Chicken 0.0020 60 -112 257 40
Rice_with_Shredded_Chicken 0.0020 116 -98 212 38
Rice_with_Shredded_Chicken 0.0010 10 -60 124 1
migao 0.0423 -9 49 167 165
migao 0.0384 30 32 128 181
migao 0.0042 134 -15 257 102
migao 0.0034 119 -55 203 -1
migao 0.0022 116 -98 212 38
migao 0.0022 60 -112 257 40
migao 0.0017 24 -164 297 87
migao 0.0013 102 -66 134 29
migao 0.0011 121 167 179 259
wagui 0.0698 134 -15 257 102
wagui 0.0189 -9 49 167 165
wagui 0.0137 30 32 128 181
wagui 0.0065 67 -25 296 125
wagui 0.0025 24 -164 297 87
wagui 0.0021 119 -55 203 -1
wagui 0.0020 116 -98 212 38
wagui 0.0017 57 -77 270 16
wagui 0.0014 66 -130 246 56
wagui 0.0013 65 -63 156 -14
wagui 0.0010 89 -59 126 23
