Kongrou 0.0322 13 16 205 184
Kongrou 0.0101 205 13 257 125
Kongrou 0.0041 190 34 272 104
Kongrou 0.0034 36 44 154 179
Kongrou 0.0034 58 -1 135 21
Kongrou 0.0016 57 -14 136 34
Kongrou 0.0010 211 46 251 102
Rouzaofun 0.1768 13 16 205 184
Rouzaofun 0.0163 213 18 259 130
Rouzaofun 0.0065 192 36 270 112
Rouzaofun 0.0048 58 -1 135 21
Rouzaofun 0.0042 36 44 154 179
Rouzaofun 0.0020 57 -14 136 34
Rouzaofun 0.0017 180 -2 252 21
Rouzaofun 0.0016 211 46 251 102
Rouzaofun 0.0013 173 -17 254 43
Rice_with_Shredded_Chicken 0.0935 13 16 205 184
Rice_with_Shredded_Chicken 0.0106 205 18 257 130
Rice_with_Shredded_Chicken 0.0050 190 34 272 104
Rice_with_Shredded_Chicken 0.0028 58 -1 135 21
Rice_with_Shredded_Chicken 0.0016 43 55 166 186
Rice_with_Shredded_Chicken 0.0012 57 -14 136 34
Rice_with_Shredded_Chicken 0.0011 162 -19 246 62
migao 0.1938 13 16 205 184
migao 0.0141 213 18 259 130
migao 0.0079 192 36 270 112
migao 0.0055 58 -1 135 21
migao 0.0023 36 44 154 179
migao 0.0019 180 -2 252 21
migao 0.0013 57 -14 136 34
migao 0.0010 211 46 251 102
wagui 0.0112 205 18 257 130
wagui 0.0066 58 -1 135 21
wagui 0.0063 190 34 272 104
wagui 0.0041 13 16 205 184
wagui 0.0018 180 -2 252 21
wagui 0.0017 57 -14 136 34
wagui 0.0010 211 46 251 102
