Kongrou 0.3388 46 162 585 588
Kongrou 0.0341 169 22 397 253
Kongrou 0.0033 163 237 499 574
Kongrou 0.0021 18 9 615 244
Kongrou 0.0014 404 44 607 278
Kongrou 0.0011 -212 459 238 738
Kongrou 0.0010 107 -125 634 370
Rouzaofun 0.0354 46 162 585 588
Rouzaofun 0.0035 169 22 397 253
Rouzaofun 0.0015 163 237 499 574
Rouzaofun 0.0013 -212 459 238 738
Rouzaofun 0.0010 -113 499 135 705
Rouzaofun 0.0010 99 9 511 266
Rice_with_Shredded_Chicken 0.0215 31 141 605 596
Rice_with_Shredded_Chicken 0.0043 169 22 397 253
Rice_with_Shredded_Chicken 0.0011 404 44 607 278
Rice_with_Shredded_Chicken 0.0010 129 -52 440 324
Rice_with_Shredded_Chicken 0.0010 143 -33 372 108
migao 0.1580 46 162 585 588
migao 0.0073 169 22 397 253
migao 0.0013 86 10 475 312
migao 0.0012 163 237 499 574
migao 0.0011 -212 459 238 738
wagui 0.0235 169 22 397 253
wagui 0.0138 46 162 585 588
wagui 0.0079 404 44 607 278
wagui 0.0021 143 -33 372 108
wagui 0.0020 89 -7 643 260
wagui 0.0012 303 36 703 291
wagui 0.0010 171 -1 382 63
