Kongrou 0.2359 219 11 978 701
Kongrou 0.0053 438 -193 761 -17
Kongrou 0.0044 438 -357 786 131
Kongrou 0.0030 272 -300 947 75
Kongrou 0.0023 514 100 943 696
Kongrou 0.0021 358 5 785 558
Kongrou 0.0016 45 -599 1154 311
Rouzaofun 0.0616 213 71 986 740
Rouzaofun 0.0057 438 -193 761 -17
Rouzaofun 0.0037 438 -357 786 131
Rouzaofun 0.0029 272 -300 947 75
Rouzaofun 0.0016 45 -599 1154 311
Rouzaofun 0.0013 328 15 814 624
Rice_with_Shredded_Chicken 0.0283 213 71 986 740
Rice_with_Shredded_Chicken 0.0058 438 -193 761 -17
Rice_with_Shredded_Chicken 0.0035 438 -357 786 131
Rice_with_Shredded_Chicken 0.0028 272 -300 947 75
Rice_with_Shredded_Chicken 0.0023 45 -599 1154 311
Rice_with_Shredded_Chicken 0.0018 -15 -464 723 193
migao 0.2648 213 71 986 740
migao 0.0065 438 -193 761 -17
migao 0.0042 438 -357 786 131
migao 0.0034 272 -300 947 75
migao 0.0019 45 -599 1154 311
migao 0.0011 328 15 814 624
migao 0.0011 -15 -464 723 193
wagui 0.0474 213 71 986 740
wagui 0.0042 438 -193 761 -17
wagui 0.0036 438 -357 786 131
wagui 0.0028 272 -300 947 75
wagui 0.0027 45 -599 1154 311
wagui 0.0015 -15 -464 723 193
wagui 0.0013 242 -239 583 -50
wagui 0.0012 328 15 814 624
wagui 0.0011 514 100 943 696
wagui 0.0010 564 756 675 893
