Kongrou 0.0320 39 -9 233 194
Kongrou 0.0137 71 19 191 175
Kongrou 0.0109 116 -49 204 -5
Kongrou 0.0090 120 -96 208 36
Kongrou 0.0064 58 -77 267 18
Kongrou 0.0045 64 -65 156 -11
Kongrou 0.0028 100 -59 135 23
Kongrou 0.0024 120 -13 226 144
Kongrou 0.0019 131 -63 189 28
Kongrou 0.0019 46 78 354 313
Kongrou 0.0017 116 138 189 266
Kongrou 0.0017 37 -50 207 13
Kongrou 0.0015 114 186 184 224
Kongrou 0.0014 60 -110 183 72
Kongrou 0.0014 21 0 137 131
Kongrou 0.0012 96 171 166 217
Kongrou 0.0012 16 0 256 105
Kongrou 0.0012 123 98 279 254
Kongrou 0.0012 85 108 234 286
Kongrou 0.0011 44 -3 176 92
Kongrou 0.0011 86 -124 273 52
Kongrou 0.0010 105 -73 217 -3
Kongrou 0.0010 42 159 263 244
Rouzaofun 0.0436 39 -9 233 194
Rouzaofun 0.0170 72 9 191 164
Rouzaofun 0.0093 116 -49 204 -5
Rouzaofun 0.0068 120 -96 208 36
Rouzaofun 0.0060 58 -77 267 18
Rouzaofun 0.0057 100 -59 135 23
Rouzaofun 0.0040 64 -65 156 -11
Rouzaofun 0.0027 37 -50 207 13
Rouzaofun 0.0020 46 78 354 313
Rouzaofun 0.0020 131 -63 189 28
Rouzaofun 0.0013 123 98 279 254
Rouzaofun 0.0013 114 186 184 224
Rouzaofun 0.0013 116 138 189 266
Rouzaofun 0.0012 73 -121 239 48
Rouzaofun 0.0011 114 -65 142 28
Rouzaofun 0.0011 154 28 371 240
Rouzaofun 0.0011 85 108 234 286
Rice_with_Shredded_Chicken 0.0788 38 8 233 176
Rice_with_Shredded_Chicken 0.0088 116 -49 204 -5
Rice_with_Shredded_Chicken 0.0069 120 -96 208 36
Rice_with_Shredded_Chicken 0.0058 58 -77 267 18
Rice_with_Shredded_Chicken 0.0031 100 -59 135 23
Rice_with_Shredded_Chicken 0.0022 37 -50 207 13
Rice_with_Shredded_Chicken 0.0022 46 78 354 313
Rice_with_Shredded_Chicken 0.0021 131 -63 189 28
Rice_with_Shredded_Chicken 0.0014 73 -121 239 48
Rice_with_Shredded_Chicken 0.0014 114 186 184 224
Rice_with_Shredded_Chicken 0.0013 18 -161 301 86
Rice_with_Shredded_Chicken 0.0012 116 138 189 266
Rice_with_Shredded_Chicken 0.0012 72 58 191 178
Rice_with_Shredded_Chicken 0.0012 -20 -126 208 55
Rice_with_Shredded_Chicken 0.0011 123 98 279 254
Rice_with_Shredded_Chicken 0.0011 85 108 234 286
Rice_with_Shredded_Chicken 0.0010 42 159 263 244
migao 0.1400 38 8 233 176
migao 0.0120 116 -49 204 -5
migao 0.0082 120 -96 208 36
migao 0.0069 58 -77 267 18
migao 0.0062 100 -59 135 23
migao 0.0048 73 6 189 145
migao 0.0031 131 -63 189 28
migao 0.0027 37 -50 207 13
migao 0.0019 114 186 184 224
migao 0.0019 63 87 338 263
migao 0.0018 78 -64 164 -12
migao 0.0017 60 -110 183 72
migao 0.0016 116 138 189 266
migao 0.0015 114 -65 142 28
migao 0.0014 72 58 191 178
migao 0.0013 85 108 234 286
migao 0.0011 109 6 258 145
migao 0.0010 18 -161 301 86
migao 0.0010 42 159 263 244
wagui 0.3577 38 8 233 176
wagui 0.0066 116 -49 204 -5
wagui 0.0061 120 -96 208 36
wagui 0.0054 58 -77 267 18
wagui 0.0049 64 -65 156 -11
wagui 0.0038 72 58 191 178
wagui 0.0031 100 -59 135 23
wagui 0.0025 120 -13 226 144
wagui 0.0016 131 -63 189 28
wagui 0.0016 18 -161 301 86
wagui 0.0016 63 87 338 263
wagui 0.0015 73 6 189 145
wagui 0.0015 29 0 150 89
wagui 0.0015 37 -50 207 13
wagui 0.0015 96 171 166 217
wagui 0.0014 16 0 256 105
wagui 0.0012 -20 -126 208 55
wagui 0.0012 116 138 189 266
wagui 0.0011 114 186 184 224
wagui 0.0011 -5 17 164 158
wagui 0.0011 85 108 234 286
wagui 0.0010 73 -121 239 48
