Kongrou 0.0247 14 10 206 181
Kongrou 0.0078 52 35 176 166
Kongrou 0.0026 -1 12 46 126
Kongrou 0.0022 211 60 262 157
Kongrou 0.0019 213 -1 260 61
Kongrou 0.0011 82 1 185 142
Rouzaofun 0.2504 15 9 207 178
Rouzaofun 0.0204 45 39 164 163
Rouzaofun 0.0073 211 72 261 176
Rouzaofun 0.0052 -1 12 46 126
Rouzaofun 0.0041 215 5 256 54
Rouzaofun 0.0030 94 24 194 158
Rouzaofun 0.0030 103 -11 204 37
Rouzaofun 0.0014 198 68 274 140
Rouzaofun 0.0012 217 97 255 151
Rouzaofun 0.0010 215 78 257 130
Rice_with_Shredded_Chicken 0.1933 35 12 218 176
Rice_with_Shredded_Chicken 0.0160 103 -11 204 37
Rice_with_Shredded_Chicken 0.0036 -1 12 46 126
Rice_with_Shredded_Chicken 0.0033 211 72 261 176
Rice_with_Shredded_Chicken 0.0026 213 -1 260 61
Rice_with_Shredded_Chicken 0.0021 56 49 171 174
migao 0.2820 15 9 207 178
migao 0.0070 45 39 164 163
migao 0.0043 -1 12 46 126
migao 0.0039 211 60 262 157
migao 0.0037 215 5 256 54
migao 0.0020 103 -11 204 37
migao 0.0017 199 90 273 167
wagui 0.0101 35 12 218 176
wagui 0.0068 103 -11 204 37
wagui 0.0056 -1 12 46 126
wagui 0.0042 215 5 256 54
wagui 0.0025 211 60 262 157
wagui 0.0011 199 93 273 175
