Kongrou 0.0244 20 12 253 174
Kongrou 0.0053 120 -48 199 -3
Kongrou 0.0045 122 -93 204 36
Kongrou 0.0040 85 8 218 146
Kongrou 0.0030 53 -74 272 17
Kongrou 0.0020 74 -126 284 56
Kongrou 0.0019 189 153 225 183
Kongrou 0.0019 141 139 262 208
Kongrou 0.0011 143 85 266 258
Kongrou 0.0011 78 170 162 219
Kongrou 0.0010 110 138 194 266
Rouzaofun 0.4818 39 17 236 162
Rouzaofun 0.0049 120 -48 199 -3
Rouzaofun 0.0036 122 -93 204 36
Rouzaofun 0.0027 53 -74 272 17
Rouzaofun 0.0025 86 6 218 127
Rouzaofun 0.0021 189 153 225 183
Rouzaofun 0.0020 141 139 262 208
Rouzaofun 0.0017 65 69 197 168
Rouzaofun 0.0016 68 -123 244 53
Rouzaofun 0.0014 18 -160 300 88
Rouzaofun 0.0014 143 85 266 258
Rouzaofun 0.0010 113 182 185 227
Rice_with_Shredded_Chicken 0.0312 39 17 236 162
Rice_with_Shredded_Chicken 0.0050 120 -48 199 -3
Rice_with_Shredded_Chicken 0.0036 122 -93 204 36
Rice_with_Shredded_Chicken 0.0027 53 -74 272 17
Rice_with_Shredded_Chicken 0.0020 189 153 225 183
Rice_with_Shredded_Chicken 0.0020 18 -160 300 88
Rice_with_Shredded_Chicken 0.0019 68 -123 244 53
Rice_with_Shredded_Chicken 0.0018 141 139 262 208
Rice_with_Shredded_Chicken 0.0012 143 85 266 258
migao 0.2010 39 17 236 162
migao 0.0063 120 -48 199 -3
migao 0.0044 122 -93 204 36
migao 0.0032 53 -74 272 17
migao 0.0022 189 153 225 183
migao 0.0017 141 139 262 208
migao 0.0016 18 -160 300 88
migao 0.0013 68 -123 244 53
migao 0.0013 143 85 266 258
migao 0.0011 113 182 185 227
migao 0.0010 162 127 359 303
wagui 0.0311 39 17 236 162
wagui 0.0039 120 -48 199 -3
wagui 0.0034 122 -93 204 36
wagui 0.0027 53 -74 272 17
wagui 0.0025 189 153 225 183
wagui 0.0023 18 -160 300 88
wagui 0.0017 141 139 262 208
wagui 0.0015 68 -123 244 53
wagui 0.0013 143 85 266 258
wagui 0.0010 78 -61 162 -13
