Kongrou 0.0578 582 213 755 428
Kongrou 0.0328 366 228 602 473
Kongrou 0.0320 64 19 290 221
Kongrou 0.0224 112 233 333 498
Kongrou 0.0134 509 -1 705 242
Kongrou 0.0064 55 284 389 448
Kongrou 0.0050 88 53 263 159
Kongrou 0.0030 394 282 573 421
Kongrou 0.0024 263 24 521 248
Kongrou 0.0024 532 241 836 399
Kongrou 0.0023 322 272 677 428
Kongrou 0.0020 131 292 313 441
Kongrou 0.0017 613 247 755 364
Kongrou 0.0016 175 -373 740 162
Kongrou 0.0014 596 266 711 405
Kongrou 0.0012 352 426 544 815
Kongrou 0.0012 539 66 705 206
Kongrou 0.0011 439 36 745 205
Kongrou 0.0010 336 532 538 659
Kongrou 0.0010 343 -162 595 -1
Kongrou 0.0010 322 -270 634 97
Rouzaofun 0.0836 366 228 602 473
Rouzaofun 0.0651 64 19 290 221
Rouzaofun 0.0556 112 233 333 498
Rouzaofun 0.0425 582 213 755 428
Rouzaofun 0.0274 509 -1 705 242
Rouzaofun 0.0146 55 284 389 448
Rouzaofun 0.0071 88 53 263 159
Rouzaofun 0.0069 394 282 573 421
Rouzaofun 0.0064 322 272 677 428
Rouzaofun 0.0059 263 24 521 248
Rouzaofun 0.0043 532 241 836 399
Rouzaofun 0.0041 131 292 313 441
Rouzaofun 0.0027 539 66 705 206
Rouzaofun 0.0025 439 36 745 205
Rouzaofun 0.0017 640 256 760 417
Rouzaofun 0.0015 596 266 711 405
Rouzaofun 0.0014 175 -373 740 162
Rouzaofun 0.0013 343 -162 595 -1
Rouzaofun 0.0012 361 495 515 750
Rice_with_Shredded_Chicken 0.0501 64 19 290 221
Rice_with_Shredded_Chicken 0.0484 366 228 602 473
Rice_with_Shredded_Chicken 0.0414 582 213 755 428
Rice_with_Shredded_Chicken 0.0321 112 233 333 498
Rice_with_Shredded_Chicken 0.0204 509 -1 705 242
Rice_with_Shredded_Chicken 0.0124 295 -23 535 279
Rice_with_Shredded_Chicken 0.0106 55 284 389 448
Rice_with_Shredded_Chicken 0.0052 88 53 263 159
Rice_with_Shredded_Chicken 0.0042 322 272 677 428
Rice_with_Shredded_Chicken 0.0037 532 241 836 399
Rice_with_Shredded_Chicken 0.0032 394 282 573 421
Rice_with_Shredded_Chicken 0.0021 131 292 313 441
Rice_with_Shredded_Chicken 0.0018 439 36 745 205
Rice_with_Shredded_Chicken 0.0018 178 -325 745 114
Rice_with_Shredded_Chicken 0.0016 69 -439 865 219
Rice_with_Shredded_Chicken 0.0015 361 495 515 750
Rice_with_Shredded_Chicken 0.0013 343 -162 595 -1
Rice_with_Shredded_Chicken 0.0013 25 222 434 530
Rice_with_Shredded_Chicken 0.0013 539 66 705 206
Rice_with_Shredded_Chicken 0.0010 202 55 581 216
migao 0.0715 64 19 290 221
migao 0.0677 582 213 755 428
migao 0.0667 366 228 602 473
migao 0.0406 112 233 333 498
migao 0.0219 509 -1 705 242
migao 0.0138 55 284 389 448
migao 0.0061 88 53 263 159
migao 0.0057 322 272 677 428
migao 0.0047 394 282 573 421
migao 0.0042 532 241 836 399
migao 0.0031 263 24 521 248
migao 0.0027 131 292 313 441
migao 0.0023 439 36 745 205
migao 0.0019 361 495 515 750
migao 0.0019 178 -325 745 114
migao 0.0018 539 66 705 206
migao 0.0012 69 -439 865 219
migao 0.0012 343 -162 595 -1
migao 0.0011 640 256 760 417
migao 0.0011 336 532 538 659
migao 0.0011 596 266 711 405
wagui 0.0788 64 19 290 221
wagui 0.0460 582 213 755 428
wagui 0.0289 366 228 602 473
wagui 0.0240 112 233 333 498
wagui 0.0153 509 -1 705 242
wagui 0.0111 88 53 263 159
wagui 0.0094 295 -23 535 279
wagui 0.0088 55 284 389 448
wagui 0.0032 322 272 677 428
wagui 0.0027 532 241 836 399
wagui 0.0019 394 282 573 421
wagui 0.0017 69 -439 865 219
wagui 0.0014 439 36 745 205
wagui 0.0014 131 292 313 441
wagui 0.0014 178 -325 745 114
wagui 0.0013 596 266 711 405
wagui 0.0012 237 -182 471 -40
wagui 0.0010 613 247 755 364
wagui 0.0010 539 66 705 206
wagui 0.0010 352 426 544 815
