Kongrou 0.0079 -13 5 192 188
Kongrou 0.0032 205 35 259 143
Kongrou 0.0015 188 47 276 121
Kongrou 0.0011 48 -6 160 128
Rouzaofun 0.3125 20 -3 196 196
Rouzaofun 0.0123 37 -8 152 131
Rouzaofun 0.0067 61 58 168 186
Rouzaofun 0.0040 205 35 259 143
Rouzaofun 0.0032 0 0 190 103
Rouzaofun 0.0026 9 41 160 162
Rouzaofun 0.0023 192 55 282 133
Rouzaofun 0.0014 179 38 275 110
Rice_with_Shredded_Chicken 0.0290 20 -3 196 196
Rice_with_Shredded_Chicken 0.0027 205 35 259 143
Rice_with_Shredded_Chicken 0.0022 6 8 183 114
Rice_with_Shredded_Chicken 0.0018 188 47 276 121
Rice_with_Shredded_Chicken 0.0015 46 73 202 190
migao 0.1063 20 -3 196 196
migao 0.0043 6 8 183 114
migao 0.0034 189 51 275 127
migao 0.0018 211 34 264 144
migao 0.0013 46 73 202 190
wagui 0.0094 5 2 211 191
wagui 0.0043 205 35 259 143
wagui 0.0026 188 47 276 121
wagui 0.0013 2 0 43 17
