Kongrou 0.0217 -1 15 226 175
Kongrou 0.0055 153 120 199 155
Kongrou 0.0050 58 -114 248 56
Kongrou 0.0034 28 10 145 147
Kongrou 0.0022 148 106 204 169
Kongrou 0.0019 172 83 211 120
Kongrou 0.0018 65 109 113 156
Kongrou 0.0012 32 110 94 196
Kongrou 0.0011 41 92 132 190
Rouzaofun 0.4382 -1 15 226 175
Rouzaofun 0.0115 28 10 145 147
Rouzaofun 0.0113 18 64 207 205
Rouzaofun 0.0075 153 120 199 155
Rouzaofun 0.0041 58 -114 248 56
Rouzaofun 0.0028 172 83 211 120
Rouzaofun 0.0028 148 106 204 169
Rouzaofun 0.0028 65 109 113 156
Rouzaofun 0.0023 28 110 89 195
Rouzaofun 0.0022 -6 -10 191 121
Rouzaofun 0.0017 41 92 132 190
Rouzaofun 0.0013 140 -26 258 82
Rouzaofun 0.0011 71 71 184 171
Rouzaofun 0.0011 165 68 218 135
Rouzaofun 0.0011 32 136 85 180
Rice_with_Shredded_Chicken 0.0208 -1 15 226 175
Rice_with_Shredded_Chicken 0.0053 153 120 199 155
Rice_with_Shredded_Chicken 0.0040 58 -114 248 56
Rice_with_Shredded_Chicken 0.0019 172 83 211 120
Rice_with_Shredded_Chicken 0.0014 148 106 204 169
Rice_with_Shredded_Chicken 0.0014 65 109 113 156
Rice_with_Shredded_Chicken 0.0011 136 203 165 236
migao 0.1570 -1 15 226 175
migao 0.0095 153 120 199 155
migao 0.0050 28 10 145 147
migao 0.0043 51 -94 254 35
migao 0.0036 172 83 211 120
migao 0.0029 65 109 113 156
migao 0.0028 18 64 207 205
migao 0.0025 148 106 204 169
migao 0.0019 28 110 89 195
migao 0.0014 -6 1 180 116
migao 0.0010 41 92 132 190
migao 0.0010 136 203 165 236
wagui 0.0175 -1 15 226 175
wagui 0.0115 153 120 199 155
wagui 0.0041 58 -114 248 56
wagui 0.0040 172 83 211 120
wagui 0.0025 65 109 113 156
wagui 0.0023 148 106 204 169
wagui 0.0017 28 110 89 195
wagui 0.0011 32 136 85 180
wagui 0.0011 136 203 165 236
wagui 0.0010 133 131 169 153
