Kongrou 0.0124 990 -133 1848 476
Kongrou 0.0088 267 77 1714 1288
Kongrou 0.0055 57 -165 635 812
Kongrou 0.0019 600 -169 2234 502
Kongrou 0.0015 -192 -97 873 744
Kongrou 0.0013 415 -951 1884 424
Kongrou 0.0012 813 -358 1375 -51
Kongrou 0.0011 -295 989 1101 2197
Kongrou 0.0010 817 -676 1420 234
Rouzaofun 0.0395 267 77 1714 1288
Rouzaofun 0.0098 990 -133 1848 476
Rouzaofun 0.0021 561 354 1514 1352
Rouzaofun 0.0017 600 -169 2234 502
Rouzaofun 0.0014 -295 989 1101 2197
Rouzaofun 0.0011 387 202 1232 1207
Rouzaofun 0.0011 1732 935 2068 1665
Rouzaofun 0.0011 813 -358 1375 -51
Rouzaofun 0.0010 1576 988 2233 1768
Rouzaofun 0.0010 415 -951 1884 424
Rice_with_Shredded_Chicken 0.1349 267 77 1714 1288
Rice_with_Shredded_Chicken 0.0307 990 -133 1848 476
Rice_with_Shredded_Chicken 0.0034 600 -169 2234 502
Rice_with_Shredded_Chicken 0.0016 57 -165 635 812
Rice_with_Shredded_Chicken 0.0015 -295 989 1101 2197
Rice_with_Shredded_Chicken 0.0013 438 -783 1867 251
Rice_with_Shredded_Chicken 0.0011 813 -358 1375 -51
Rice_with_Shredded_Chicken 0.0010 843 1274 1503 1697
migao 0.0628 267 77 1714 1288
migao 0.0065 990 -133 1848 476
migao 0.0015 813 -358 1375 -51
migao 0.0014 57 -165 635 812
migao 0.0012 438 -783 1867 251
migao 0.0012 -295 989 1101 2197
migao 0.0011 843 1274 1503 1697
migao 0.0011 1732 935 2068 1665
migao 0.0011 1576 988 2233 1768
migao 0.0011 600 -169 2234 502
migao 0.0010 817 -676 1420 234
wagui 0.0087 267 77 1714 1288
wagui 0.0030 990 -133 1848 476
wagui 0.0013 -295 989 1101 2197
wagui 0.0011 415 -951 1884 424
