Kongrou 0.0040 233 35 408 252
Kongrou 0.0034 161 67 457 220
Kongrou 0.0024 17 236 427 523
Kongrou 0.0016 274 552 367 636
Kongrou 0.0015 221 500 421 689
Rouzaofun 0.0409 59 212 343 544
Rouzaofun 0.0067 -18 178 448 602
Rouzaofun 0.0065 233 35 408 252
Rouzaofun 0.0056 175 67 466 220
Rouzaofun 0.0022 284 556 380 632
Rouzaofun 0.0018 221 500 421 689
Rouzaofun 0.0010 260 407 508 771
Rice_with_Shredded_Chicken 0.1327 -2 197 417 573
Rice_with_Shredded_Chicken 0.0083 219 -32 409 288
Rice_with_Shredded_Chicken 0.0039 175 67 466 220
Rice_with_Shredded_Chicken 0.0022 284 556 380 632
Rice_with_Shredded_Chicken 0.0016 221 500 421 689
migao 0.0171 -2 197 417 573
migao 0.0054 161 67 457 220
migao 0.0045 219 -32 409 288
migao 0.0021 284 556 380 632
migao 0.0015 221 500 421 689
wagui 0.0710 219 -32 409 288
wagui 0.0307 -2 197 417 573
wagui 0.0049 161 67 457 220
wagui 0.0018 274 552 367 636
wagui 0.0014 221 500 421 689
wagui 0.0011 260 407 508 771
