Kongrou 0.0101 -3 0 82 72
Kongrou 0.0026 42 24 235 163
Kongrou 0.0024 -33 8 112 63
Kongrou 0.0024 27 -3 105 75
Kongrou 0.0020 81 32 184 160
Kongrou 0.0016 5 13 74 58
Kongrou 0.0016 162 -15 249 82
Kongrou 0.0015 -67 103 130 330
Kongrou 0.0013 110 24 216 148
Kongrou 0.0012 89 -126 268 51
Rouzaofun 0.2384 45 41 233 178
Rouzaofun 0.0829 94 21 211 152
Rouzaofun 0.0662 12 -21 103 88
Rouzaofun 0.0147 148 -13 242 79
Rouzaofun 0.0125 -3 0 82 72
Rouzaofun 0.0064 73 38 170 154
Rouzaofun 0.0052 92 68 214 187
Rouzaofun 0.0045 -33 8 112 63
Rouzaofun 0.0031 15 3 260 139
Rouzaofun 0.0024 -43 143 114 289
Rouzaofun 0.0020 5 13 74 58
Rouzaofun 0.0018 136 53 217 134
Rouzaofun 0.0014 91 -41 268 99
Rouzaofun 0.0013 -70 108 177 324
Rouzaofun 0.0011 59 65 199 133
Rouzaofun 0.0011 150 136 277 210
Rouzaofun 0.0010 29 11 91 60
Rouzaofun 0.0010 197 158 241 188
Rouzaofun 0.0010 70 -127 241 53
Rice_with_Shredded_Chicken 0.0337 45 41 233 178
Rice_with_Shredded_Chicken 0.0080 12 -21 103 88
Rice_with_Shredded_Chicken 0.0060 -3 0 82 72
Rice_with_Shredded_Chicken 0.0058 94 21 211 152
Rice_with_Shredded_Chicken 0.0032 -33 8 112 63
Rice_with_Shredded_Chicken 0.0021 148 -13 242 79
Rice_with_Shredded_Chicken 0.0021 -67 103 130 330
Rice_with_Shredded_Chicken 0.0013 1 -166 321 88
Rice_with_Shredded_Chicken 0.0013 59 -109 258 36
Rice_with_Shredded_Chicken 0.0010 92 68 214 187
Rice_with_Shredded_Chicken 0.0010 -50 141 120 253
migao 0.0546 45 41 233 178
migao 0.0273 5 -18 90 85
migao 0.0119 94 21 211 152
migao 0.0056 148 -13 242 79
migao 0.0049 -4 6 73 75
migao 0.0039 -33 8 112 63
migao 0.0025 27 -3 105 75
migao 0.0019 -67 103 130 330
migao 0.0017 -25 -19 142 86
migao 0.0014 73 38 170 154
migao 0.0014 59 -109 258 36
migao 0.0011 9 13 80 58
migao 0.0011 1 -166 321 88
migao 0.0010 197 158 241 188
migao 0.0010 91 -41 268 99
wagui 0.0092 45 41 233 178
wagui 0.0092 -3 0 82 72
wagui 0.0072 12 -21 103 88
wagui 0.0029 -33 8 112 63
wagui 0.0024 131 -20 237 69
wagui 0.0018 -67 103 130 330
wagui 0.0017 94 21 211 152
wagui 0.0017 1 -166 321 88
wagui 0.0014 192 158 236 188
wagui 0.0013 1 12 66 59
wagui 0.0010 59 -109 258 36
wagui 0.0010 150 136 277 210
