Kongrou 0.1142 168 66 396 333
Kongrou 0.0410 25 -37 245 197
Kongrou 0.0123 49 42 483 386
Kongrou 0.0050 503 112 640 325
Kongrou 0.0043 349 29 562 280
Kongrou 0.0028 70 124 348 427
Kongrou 0.0021 -79 -16 351 221
Kongrou 0.0013 247 -11 673 346
Kongrou 0.0011 -12 17 196 175
Kongrou 0.0011 596 42 646 150
Kongrou 0.0010 123 107 356 257
Rouzaofun 0.0413 24 -22 246 224
Rouzaofun 0.0048 503 112 640 325
Rouzaofun 0.0048 107 107 408 440
Rouzaofun 0.0046 168 66 396 333
Rouzaofun 0.0038 -77 -40 348 197
Rouzaofun 0.0030 596 42 646 150
Rouzaofun 0.0023 -4 18 213 175
Rouzaofun 0.0019 384 53 538 261
Rouzaofun 0.0015 35 83 483 321
Rouzaofun 0.0015 -68 40 301 152
Rouzaofun 0.0013 -192 240 434 771
Rice_with_Shredded_Chicken 0.0217 107 107 408 440
Rice_with_Shredded_Chicken 0.0131 24 -22 246 224
Rice_with_Shredded_Chicken 0.0041 168 66 396 333
Rice_with_Shredded_Chicken 0.0038 503 112 640 325
Rice_with_Shredded_Chicken 0.0024 596 42 646 150
Rice_with_Shredded_Chicken 0.0018 -77 -40 348 197
Rice_with_Shredded_Chicken 0.0017 -16 178 481 416
Rice_with_Shredded_Chicken 0.0013 35 83 483 321
Rice_with_Shredded_Chicken 0.0012 -30 36 287 156
Rice_with_Shredded_Chicken 0.0012 384 53 538 261
Rice_with_Shredded_Chicken 0.0011 -192 240 434 771
migao 0.0486 24 -22 246 224
migao 0.0431 168 66 396 333
migao 0.0088 30 114 484 385
migao 0.0060 503 112 640 325
migao 0.0048 -77 -40 348 197
migao 0.0044 596 42 646 150
migao 0.0025 384 53 538 261
migao 0.0018 -30 36 287 156
migao 0.0017 83 164 385 432
migao 0.0016 -32 -12 575 434
wagui 0.0109 24 -22 246 224
wagui 0.0048 503 112 640 325
wagui 0.0033 596 42 646 150
wagui 0.0031 168 66 396 333
wagui 0.0022 30 114 484 385
wagui 0.0019 384 53 538 261
wagui 0.0018 83 164 385 432
wagui 0.0017 -77 -40 348 197
wagui 0.0014 -4 18 213 175
