Kongrou 0.0111 27 1 244 177
Kongrou 0.0069 137 -9 232 139
Kongrou 0.0053 115 -50 206 -6
Kongrou 0.0042 118 -95 210 34
Kongrou 0.0032 66 -79 261 19
Kongrou 0.0031 89 15 258 135
Kongrou 0.0028 93 172 170 215
Kongrou 0.0018 78 101 281 290
Kongrou 0.0017 82 -124 276 52
Kongrou 0.0010 24 147 241 237
Rouzaofun 0.2448 4 5 270 179
Rouzaofun 0.0054 115 -50 206 -6
Rouzaofun 0.0049 103 16 265 135
Rouzaofun 0.0033 118 -95 210 34
Rouzaofun 0.0030 66 -79 261 19
Rouzaofun 0.0029 93 172 170 215
Rouzaofun 0.0027 18 36 119 156
Rouzaofun 0.0016 -12 24 170 147
Rouzaofun 0.0015 60 101 301 292
Rouzaofun 0.0012 109 120 252 275
Rouzaofun 0.0011 82 -124 276 52
Rouzaofun 0.0011 4 66 230 201
Rice_with_Shredded_Chicken 0.4944 16 15 257 165
Rice_with_Shredded_Chicken 0.0050 115 -50 206 -6
Rice_with_Shredded_Chicken 0.0036 103 16 265 135
Rice_with_Shredded_Chicken 0.0032 118 -95 210 34
Rice_with_Shredded_Chicken 0.0028 66 -79 261 19
Rice_with_Shredded_Chicken 0.0020 64 116 255 277
Rice_with_Shredded_Chicken 0.0015 82 -124 276 52
Rice_with_Shredded_Chicken 0.0014 93 172 170 215
Rice_with_Shredded_Chicken 0.0012 8 -165 313 88
Rice_with_Shredded_Chicken 0.0010 83 69 183 313
migao 0.0659 16 15 257 165
migao 0.0064 115 -50 206 -6
migao 0.0045 103 16 265 135
migao 0.0039 118 -95 210 34
migao 0.0035 66 -79 261 19
migao 0.0023 93 172 170 215
migao 0.0019 64 116 255 277
migao 0.0013 65 -150 294 77
migao 0.0011 24 147 241 237
migao 0.0010 98 44 189 338
wagui 0.0796 16 15 257 165
wagui 0.0051 93 172 170 215
wagui 0.0037 137 -9 232 139
wagui 0.0035 115 -50 206 -6
wagui 0.0031 118 -95 210 34
wagui 0.0027 66 -79 261 19
wagui 0.0027 103 10 265 120
wagui 0.0019 64 116 255 277
wagui 0.0016 8 -165 313 88
wagui 0.0013 82 -124 276 52
wagui 0.0013 24 147 241 237
