Kongrou 0.0100 101 -22 233 155
Kongrou 0.0054 89 168 174 223
Kongrou 0.0042 119 188 208 227
Kongrou 0.0034 123 133 212 274
Kongrou 0.0028 130 -75 221 -18
Kongrou 0.0028 56 8 277 124
Kongrou 0.0027 48 155 285 253
Kongrou 0.0025 129 -119 229 22
Kongrou 0.0021 56 -137 289 25
Kongrou 0.0019 11 -190 339 76
Kongrou 0.0016 -49 64 55 155
Kongrou 0.0014 -87 27 100 175
Kongrou 0.0011 -93 -165 118 102
Kongrou 0.0010 102 159 228 231
Kongrou 0.0010 -28 49 33 170
Rouzaofun 0.4213 72 0 270 167
Rouzaofun 0.0136 91 -28 220 139
Rouzaofun 0.0047 97 49 236 175
Rouzaofun 0.0033 119 188 208 227
Rouzaofun 0.0026 146 16 257 161
Rouzaofun 0.0026 130 -75 221 -18
Rouzaofun 0.0026 48 155 285 253
Rouzaofun 0.0025 123 133 212 274
Rouzaofun 0.0024 89 168 174 223
Rouzaofun 0.0020 76 -151 265 40
Rouzaofun 0.0020 11 -190 339 76
Rouzaofun 0.0019 129 -119 229 22
Rouzaofun 0.0018 80 10 184 168
Rouzaofun 0.0017 -49 64 55 155
Rouzaofun 0.0016 -85 15 98 164
Rouzaofun 0.0013 110 -88 148 16
Rouzaofun 0.0012 -28 49 33 170
Rouzaofun 0.0011 165 137 281 226
Rice_with_Shredded_Chicken 0.0759 72 0 270 167
Rice_with_Shredded_Chicken 0.0028 119 188 208 227
Rice_with_Shredded_Chicken 0.0028 11 -190 339 76
Rice_with_Shredded_Chicken 0.0025 56 -137 289 25
Rice_with_Shredded_Chicken 0.0024 123 133 212 274
Rice_with_Shredded_Chicken 0.0024 48 155 285 253
Rice_with_Shredded_Chicken 0.0023 130 -75 221 -18
Rice_with_Shredded_Chicken 0.0019 129 -119 229 22
Rice_with_Shredded_Chicken 0.0015 -49 64 55 155
Rice_with_Shredded_Chicken 0.0014 -85 15 98 164
Rice_with_Shredded_Chicken 0.0011 165 137 281 226
Rice_with_Shredded_Chicken 0.0010 -28 49 33 170
Rice_with_Shredded_Chicken 0.0010 97 49 236 175
Rice_with_Shredded_Chicken 0.0010 -93 -165 118 102
migao 0.1588 72 0 270 167
migao 0.0047 119 188 208 227
migao 0.0047 91 -28 220 139
migao 0.0032 123 133 212 274
migao 0.0030 130 -75 221 -18
migao 0.0028 48 155 285 253
migao 0.0028 56 -137 289 25
migao 0.0023 89 168 174 223
migao 0.0022 129 -119 229 22
migao 0.0021 11 -190 339 76
migao 0.0016 110 -88 148 16
migao 0.0015 -49 64 55 155
migao 0.0015 -85 15 98 164
migao 0.0010 -28 55 33 176
wagui 0.0255 72 0 270 167
wagui 0.0045 89 168 174 223
wagui 0.0032 11 -190 339 76
wagui 0.0025 119 188 208 227
wagui 0.0022 56 -137 289 25
wagui 0.0021 123 133 212 274
wagui 0.0021 48 155 285 253
wagui 0.0019 129 -119 229 22
wagui 0.0018 -49 64 55 155
wagui 0.0016 130 -75 221 -18
wagui 0.0015 -87 27 100 175
wagui 0.0014 110 -88 148 16
wagui 0.0012 -22 -148 228 37
wagui 0.0010 -28 49 33 170
