Kongrou 0.0258 400 35 580 235
Kongrou 0.0086 344 74 635 196
Kongrou 0.0053 86 -11 294 122
Kongrou 0.0030 178 121 386 288
Kongrou 0.0029 419 86 561 186
Kongrou 0.0022 255 281 415 596
Kongrou 0.0022 246 410 409 483
Kongrou 0.0016 108 340 560 540
Kongrou 0.0015 119 126 457 342
Kongrou 0.0014 250 380 455 509
Kongrou 0.0013 215 154 396 347
Kongrou 0.0012 325 1 470 39
Kongrou 0.0012 221 255 494 626
Kongrou 0.0010 174 58 357 362
Rouzaofun 0.1139 194 55 380 367
Rouzaofun 0.0786 400 35 580 235
Rouzaofun 0.0241 344 74 635 196
Rouzaofun 0.0233 118 102 456 320
Rouzaofun 0.0210 81 -39 262 145
Rouzaofun 0.0073 166 109 375 277
Rouzaofun 0.0058 419 86 561 186
Rouzaofun 0.0052 325 1 470 39
Rouzaofun 0.0023 116 -9 310 120
Rouzaofun 0.0019 343 20 647 266
Rouzaofun 0.0018 246 410 409 483
Rouzaofun 0.0017 250 380 455 509
Rouzaofun 0.0016 255 281 415 596
Rouzaofun 0.0016 201 153 340 234
Rouzaofun 0.0015 230 128 403 328
Rouzaofun 0.0015 153 326 557 550
Rice_with_Shredded_Chicken 0.0385 192 78 383 384
Rice_with_Shredded_Chicken 0.0375 390 38 566 232
Rice_with_Shredded_Chicken 0.0196 119 126 457 342
Rice_with_Shredded_Chicken 0.0156 344 74 635 196
Rice_with_Shredded_Chicken 0.0087 79 -30 268 170
Rice_with_Shredded_Chicken 0.0048 325 1 470 39
Rice_with_Shredded_Chicken 0.0029 166 109 375 277
Rice_with_Shredded_Chicken 0.0025 419 86 561 186
Rice_with_Shredded_Chicken 0.0016 255 281 415 596
Rice_with_Shredded_Chicken 0.0014 250 380 455 509
Rice_with_Shredded_Chicken 0.0012 108 340 560 540
Rice_with_Shredded_Chicken 0.0010 171 231 708 612
Rice_with_Shredded_Chicken 0.0010 246 410 409 483
migao 0.0578 400 35 580 235
migao 0.0303 194 55 380 367
migao 0.0207 344 74 635 196
migao 0.0134 119 126 457 342
migao 0.0085 81 -39 262 145
migao 0.0068 325 1 470 39
migao 0.0037 166 109 375 277
migao 0.0036 419 86 561 186
migao 0.0025 246 410 409 483
migao 0.0022 255 281 415 596
migao 0.0017 250 380 455 509
migao 0.0016 108 340 560 540
migao 0.0013 116 -9 310 120
migao 0.0013 221 255 494 626
migao 0.0012 277 380 379 554
migao 0.0011 201 153 340 234
wagui 0.0300 400 35 580 235
wagui 0.0169 325 1 470 39
wagui 0.0127 81 -39 262 145
wagui 0.0123 344 74 635 196
wagui 0.0050 119 126 457 342
wagui 0.0042 192 78 383 384
wagui 0.0021 419 86 561 186
wagui 0.0020 166 109 375 277
wagui 0.0014 255 281 415 596
wagui 0.0014 246 410 409 483
wagui 0.0013 108 340 560 540
wagui 0.0011 221 255 494 626
