Kongrou 0.0773 393 38 826 587
Kongrou 0.0343 235 112 983 517
Kongrou 0.0070 788 -35 1004 210
Kongrou 0.0034 698 -222 1076 384
Kongrou 0.0020 471 -302 1336 494
Kongrou 0.0018 439 641 761 862
Kongrou 0.0018 81 184 371 264
Kongrou 0.0013 816 -203 1195 447
Kongrou 0.0013 859 -82 1154 315
Kongrou 0.0013 254 -491 914 202
Kongrou 0.0012 15 -552 1177 256
Kongrou 0.0011 421 507 803 980
Kongrou 0.0011 -173 -214 407 881
Rouzaofun 0.0091 773 -15 1019 190
Rouzaofun 0.0064 235 112 983 517
Rouzaofun 0.0039 81 184 371 264
Rouzaofun 0.0032 698 -222 1076 384
Rouzaofun 0.0020 393 38 826 587
Rouzaofun 0.0019 471 -302 1336 494
Rouzaofun 0.0016 439 641 761 862
Rouzaofun 0.0013 816 -203 1195 447
Rouzaofun 0.0013 254 -491 914 202
Rouzaofun 0.0012 859 -82 1154 315
Rouzaofun 0.0011 410 279 889 662
Rouzaofun 0.0011 538 747 662 882
Rouzaofun 0.0011 305 542 911 940
Rouzaofun 0.0010 15 -552 1177 256
Rice_with_Shredded_Chicken 0.0120 235 112 983 517
Rice_with_Shredded_Chicken 0.0097 393 38 826 587
Rice_with_Shredded_Chicken 0.0082 773 -15 1019 190
Rice_with_Shredded_Chicken 0.0049 81 184 371 264
Rice_with_Shredded_Chicken 0.0046 410 279 889 662
Rice_with_Shredded_Chicken 0.0032 698 -222 1076 384
Rice_with_Shredded_Chicken 0.0023 471 -302 1336 494
Rice_with_Shredded_Chicken 0.0020 -112 94 240 372
Rice_with_Shredded_Chicken 0.0018 439 641 761 862
Rice_with_Shredded_Chicken 0.0017 184 -423 995 129
Rice_with_Shredded_Chicken 0.0016 816 -203 1195 447
Rice_with_Shredded_Chicken 0.0015 15 -552 1177 256
Rice_with_Shredded_Chicken 0.0012 859 -82 1154 315
Rice_with_Shredded_Chicken 0.0012 538 747 662 882
migao 0.0235 235 112 983 517
migao 0.0225 393 38 826 587
migao 0.0085 773 -15 1019 190
migao 0.0055 81 184 371 264
migao 0.0039 698 -222 1076 384
migao 0.0023 439 641 761 862
migao 0.0023 471 -302 1336 494
migao 0.0017 859 -82 1154 315
migao 0.0016 184 -423 995 129
migao 0.0016 -2 136 100 271
migao 0.0015 816 -203 1195 447
migao 0.0012 -173 -214 407 881
migao 0.0012 421 507 803 980
migao 0.0011 15 -552 1177 256
migao 0.0010 538 747 662 882
migao 0.0010 943 17 1046 156
wagui 0.0128 81 184 371 264
wagui 0.0071 773 -15 1019 190
wagui 0.0053 235 112 983 517
wagui 0.0049 393 38 826 587
wagui 0.0037 681 -125 1083 285
wagui 0.0021 -2 136 100 271
wagui 0.0018 859 -82 1154 315
wagui 0.0018 644 -327 1164 523
wagui 0.0017 15 -552 1177 256
wagui 0.0017 -112 94 240 372
wagui 0.0014 816 -203 1195 447
wagui 0.0014 410 279 889 662
wagui 0.0013 184 -423 995 129
wagui 0.0012 57 96 380 375
wagui 0.0012 538 747 662 882
wagui 0.0012 561 60 760 153
wagui 0.0011 -14 139 74 229
wagui 0.0011 943 17 1046 156
