Kongrou 0.0176 377 302 654 505
Kongrou 0.0151 54 106 300 300
Kongrou 0.0098 135 272 373 503
Kongrou 0.0083 136 -8 369 108
Kongrou 0.0081 294 106 553 331
Kongrou 0.0078 337 -18 603 147
Kongrou 0.0075 535 132 804 335
Kongrou 0.0069 13 252 125 493
Kongrou 0.0063 589 -18 811 148
Kongrou 0.0030 396 340 601 468
Kongrou 0.0027 50 307 457 469
Kongrou 0.0025 158 319 347 457
Kongrou 0.0024 275 333 754 474
Kongrou 0.0022 279 147 535 260
Kongrou 0.0015 625 0 804 99
Kongrou 0.0012 -51 112 373 263
Kongrou 0.0012 96 127 287 251
Kongrou 0.0012 572 199 735 301
Kongrou 0.0011 172 -384 738 151
Kongrou 0.0011 447 164 890 304
Kongrou 0.0011 207 139 638 299
Kongrou 0.0011 417 583 520 687
Rouzaofun 0.0301 377 302 654 505
Rouzaofun 0.0299 54 106 300 300
Rouzaofun 0.0214 145 285 364 521
Rouzaofun 0.0185 13 252 125 493
Rouzaofun 0.0140 589 -18 811 148
Rouzaofun 0.0139 136 -8 369 108
Rouzaofun 0.0115 337 -18 603 147
Rouzaofun 0.0104 535 132 804 335
Rouzaofun 0.0103 294 106 553 331
Rouzaofun 0.0059 73 323 434 484
Rouzaofun 0.0051 275 333 754 474
Rouzaofun 0.0046 396 340 601 468
Rouzaofun 0.0031 180 319 357 458
Rouzaofun 0.0026 447 164 890 304
Rouzaofun 0.0026 -51 112 373 263
Rouzaofun 0.0025 207 139 638 299
Rouzaofun 0.0025 279 147 535 260
Rouzaofun 0.0022 96 127 287 251
Rouzaofun 0.0021 625 0 804 99
Rouzaofun 0.0019 -24 289 163 457
Rouzaofun 0.0016 411 586 495 684
Rouzaofun 0.0014 551 170 755 299
Rouzaofun 0.0013 79 -30 428 129
Rouzaofun 0.0012 427 581 541 688
Rouzaofun 0.0012 63 250 457 548
Rouzaofun 0.0011 71 154 251 284
Rouzaofun 0.0010 172 -384 738 151
Rice_with_Shredded_Chicken 0.0209 377 302 654 505
Rice_with_Shredded_Chicken 0.0195 54 106 300 300
Rice_with_Shredded_Chicken 0.0175 145 231 373 564
Rice_with_Shredded_Chicken 0.0165 13 252 125 493
Rice_with_Shredded_Chicken 0.0119 589 -18 811 148
Rice_with_Shredded_Chicken 0.0101 337 -18 603 147
Rice_with_Shredded_Chicken 0.0096 136 -8 369 108
Rice_with_Shredded_Chicken 0.0070 535 132 804 335
Rice_with_Shredded_Chicken 0.0053 294 106 553 331
Rice_with_Shredded_Chicken 0.0045 50 307 457 469
Rice_with_Shredded_Chicken 0.0042 275 333 754 474
Rice_with_Shredded_Chicken 0.0028 158 319 347 457
Rice_with_Shredded_Chicken 0.0028 396 340 601 468
Rice_with_Shredded_Chicken 0.0021 411 586 495 684
Rice_with_Shredded_Chicken 0.0020 447 164 890 304
Rice_with_Shredded_Chicken 0.0020 -51 112 373 263
Rice_with_Shredded_Chicken 0.0017 207 139 638 299
Rice_with_Shredded_Chicken 0.0016 -24 289 163 457
Rice_with_Shredded_Chicken 0.0015 155 -324 768 95
Rice_with_Shredded_Chicken 0.0013 625 0 804 99
Rice_with_Shredded_Chicken 0.0013 44 -482 890 237
Rice_with_Shredded_Chicken 0.0013 427 581 541 688
Rice_with_Shredded_Chicken 0.0012 279 147 535 260
Rice_with_Shredded_Chicken 0.0010 288 264 785 535
Rice_with_Shredded_Chicken 0.0010 96 127 287 251
Rice_with_Shredded_Chicken 0.0010 79 -30 428 129
migao 0.0327 54 106 300 300
migao 0.0251 377 302 654 505
migao 0.0169 13 252 125 493
migao 0.0169 145 285 364 521
migao 0.0143 136 -8 369 108
migao 0.0137 589 -18 811 148
migao 0.0131 337 -18 603 147
migao 0.0110 535 132 804 335
migao 0.0103 294 106 553 331
migao 0.0057 73 323 434 484
migao 0.0050 275 333 754 474
migao 0.0038 396 340 601 468
migao 0.0024 447 164 890 304
migao 0.0024 -51 112 373 263
migao 0.0024 279 147 535 260
migao 0.0023 207 139 638 299
migao 0.0022 180 319 357 458
migao 0.0019 -24 289 163 457
migao 0.0019 411 586 495 684
migao 0.0018 625 0 804 99
migao 0.0014 155 -324 768 95
migao 0.0014 96 127 287 251
migao 0.0011 427 581 541 688
migao 0.0011 79 -30 428 129
migao 0.0011 551 170 755 299
migao 0.0010 63 250 457 548
migao 0.0010 44 -482 890 237
wagui 0.1827 412 286 662 566
wagui 0.1639 145 231 373 564
wagui 0.0511 545 89 775 399
wagui 0.0388 54 106 300 300
wagui 0.0308 136 -8 369 108
wagui 0.0282 302 72 526 357
wagui 0.0276 590 6 807 123
wagui 0.0274 13 252 125 493
wagui 0.0265 337 -18 603 147
wagui 0.0064 396 340 601 468
wagui 0.0059 158 319 347 457
wagui 0.0059 50 307 457 469
wagui 0.0045 275 333 754 474
wagui 0.0042 288 264 785 535
wagui 0.0036 279 147 535 260
wagui 0.0029 433 169 874 330
wagui 0.0026 2 251 464 543
wagui 0.0023 -51 112 373 263
wagui 0.0023 207 139 638 299
wagui 0.0023 562 164 774 305
wagui 0.0023 96 127 287 251
wagui 0.0022 411 586 495 684
wagui 0.0020 -24 289 163 457
wagui 0.0015 -2 268 108 415
wagui 0.0015 427 581 541 688
wagui 0.0014 44 -482 890 237
wagui 0.0013 364 35 573 125
wagui 0.0012 71 154 251 284
wagui 0.0012 79 -30 428 129
wagui 0.0011 155 -324 768 95
