Kongrou 0.0083 34 17 243 169
Kongrou 0.0048 117 -55 207 -5
Kongrou 0.0038 116 -100 216 34
Kongrou 0.0028 68 -81 262 15
Kongrou 0.0023 93 14 194 156
Kongrou 0.0019 89 -123 274 48
Kongrou 0.0018 15 -161 310 79
Kongrou 0.0013 65 89 297 301
Kongrou 0.0010 117 115 247 280
Kongrou 0.0010 86 43 185 121
Rouzaofun 0.1918 34 17 243 169
Rouzaofun 0.0143 79 9 189 183
Rouzaofun 0.0049 117 -55 207 -5
Rouzaofun 0.0031 116 -100 216 34
Rouzaofun 0.0026 68 -81 262 15
Rouzaofun 0.0022 86 43 185 121
Rouzaofun 0.0019 15 -161 310 79
Rouzaofun 0.0013 89 -123 274 48
Rouzaofun 0.0012 65 89 297 301
Rice_with_Shredded_Chicken 0.0217 30 33 249 182
Rice_with_Shredded_Chicken 0.0048 117 -55 207 -5
Rice_with_Shredded_Chicken 0.0031 116 -100 216 34
Rice_with_Shredded_Chicken 0.0030 55 -112 265 34
Rice_with_Shredded_Chicken 0.0026 15 -161 310 79
Rice_with_Shredded_Chicken 0.0011 81 112 284 280
migao 0.1067 55 32 263 181
migao 0.0057 79 9 189 183
migao 0.0055 117 -55 207 -5
migao 0.0036 116 -100 216 34
migao 0.0033 55 -112 265 34
migao 0.0022 15 -161 310 79
migao 0.0013 86 43 185 121
migao 0.0012 65 89 297 301
migao 0.0011 117 115 247 280
migao 0.0010 131 -66 195 26
wagui 0.0462 55 32 263 181
wagui 0.0033 117 -55 207 -5
wagui 0.0031 15 -161 310 79
wagui 0.0030 116 -100 216 34
wagui 0.0026 68 -81 262 15
wagui 0.0020 79 9 189 183
wagui 0.0013 65 89 297 301
wagui 0.0012 89 -123 274 48
wagui 0.0012 6 -14 132 56
wagui 0.0010 91 43 191 121
wagui 0.0010 51 187 93 224
