Kongrou 0.0263 17 377 352 703
Kongrou 0.0065 553 -175 945 22
Kongrou 0.0048 551 -388 980 212
Kongrou 0.0038 87 141 379 302
Kongrou 0.0032 345 -307 1178 131
Kongrou 0.0024 432 71 1382 739
Kongrou 0.0011 358 -563 1304 323
Kongrou 0.0011 -336 -141 362 238
Kongrou 0.0010 -161 -146 187 244
Kongrou 0.0010 8 445 259 637
Rouzaofun 0.0849 17 377 352 703
Rouzaofun 0.0155 87 141 379 302
Rouzaofun 0.0052 618 110 1203 801
Rouzaofun 0.0050 553 -175 945 22
Rouzaofun 0.0037 551 -388 980 212
Rouzaofun 0.0026 345 -307 1178 131
Rouzaofun 0.0022 382 5 1313 918
Rouzaofun 0.0020 8 445 259 637
Rouzaofun 0.0020 82 103 435 387
Rouzaofun 0.0013 -336 -141 362 238
Rouzaofun 0.0012 -124 448 394 733
Rouzaofun 0.0011 80 420 336 615
Rouzaofun 0.0011 -161 -146 187 244
Rice_with_Shredded_Chicken 0.0490 17 377 352 703
Rice_with_Shredded_Chicken 0.0283 618 110 1203 801
Rice_with_Shredded_Chicken 0.0133 394 -94 1299 871
Rice_with_Shredded_Chicken 0.0080 87 141 379 302
Rice_with_Shredded_Chicken 0.0052 553 -175 945 22
Rice_with_Shredded_Chicken 0.0039 551 -388 980 212
Rice_with_Shredded_Chicken 0.0025 345 -307 1178 131
Rice_with_Shredded_Chicken 0.0012 358 -563 1304 323
Rice_with_Shredded_Chicken 0.0011 -41 -539 915 300
Rice_with_Shredded_Chicken 0.0011 8 445 259 637
Rice_with_Shredded_Chicken 0.0010 -336 -141 362 238
migao 0.0604 17 377 352 703
migao 0.0156 87 141 379 302
migao 0.0068 553 -175 945 22
migao 0.0043 551 -388 980 212
migao 0.0032 345 -307 1178 131
migao 0.0029 618 110 1203 801
migao 0.0015 8 445 259 637
migao 0.0013 451 15 1407 909
migao 0.0010 -336 -141 362 238
migao 0.0010 -161 -146 187 244
wagui 0.0366 17 377 352 703
wagui 0.0068 87 141 379 302
wagui 0.0047 553 -175 945 22
wagui 0.0034 551 -388 980 212
wagui 0.0028 345 -307 1178 131
wagui 0.0026 616 69 1204 748
wagui 0.0012 -336 -141 362 238
wagui 0.0012 464 -60 1384 847
wagui 0.0010 8 445 259 637
wagui 0.0010 358 -563 1304 323
