Kongrou 0.0295 57 -8 220 192
Kongrou 0.0040 36 28 247 143
Kongrou 0.0039 118 -52 203 -3
Kongrou 0.0033 70 -124 243 50
Kongrou 0.0032 118 -95 211 35
Kongrou 0.0028 18 -163 303 87
Kongrou 0.0023 120 177 202 231
Kongrou 0.0022 61 -75 265 14
Kongrou 0.0021 115 136 212 267
Kongrou 0.0014 79 153 247 248
Kongrou 0.0013 45 93 271 298
Kongrou 0.0012 64 5 178 146
Kongrou 0.0011 138 175 183 225
Kongrou 0.0010 97 73 210 308
Kongrou 0.0010 93 170 170 219
Rouzaofun 0.5612 40 13 233 175
Rouzaofun 0.0043 118 -52 203 -3
Rouzaofun 0.0031 70 -124 243 50
Rouzaofun 0.0029 18 -163 303 87
Rouzaofun 0.0026 118 -95 211 35
Rouzaofun 0.0023 120 177 202 231
Rouzaofun 0.0022 61 -75 265 14
Rouzaofun 0.0017 115 136 212 267
Rouzaofun 0.0017 79 153 247 248
Rouzaofun 0.0014 138 175 183 225
Rouzaofun 0.0010 56 102 262 289
Rice_with_Shredded_Chicken 0.0329 57 -8 220 192
Rice_with_Shredded_Chicken 0.0045 118 -52 203 -3
Rice_with_Shredded_Chicken 0.0039 18 -163 303 87
Rice_with_Shredded_Chicken 0.0036 53 -111 264 38
Rice_with_Shredded_Chicken 0.0025 120 177 202 231
Rice_with_Shredded_Chicken 0.0025 118 -95 211 35
Rice_with_Shredded_Chicken 0.0020 36 28 247 143
Rice_with_Shredded_Chicken 0.0015 115 136 212 267
Rice_with_Shredded_Chicken 0.0013 79 153 247 248
Rice_with_Shredded_Chicken 0.0012 56 102 262 289
Rice_with_Shredded_Chicken 0.0011 97 73 210 308
Rice_with_Shredded_Chicken 0.0011 138 175 183 225
migao 0.3057 40 13 233 175
migao 0.0045 118 -52 203 -3
migao 0.0040 53 -111 264 38
migao 0.0034 18 -163 303 87
migao 0.0029 120 177 202 231
migao 0.0029 118 -95 211 35
migao 0.0021 115 136 212 267
migao 0.0016 79 153 247 248
migao 0.0013 138 175 183 225
migao 0.0013 45 93 271 298
migao 0.0010 97 73 210 308
wagui 0.0409 40 13 233 175
wagui 0.0046 18 -163 303 87
wagui 0.0030 53 -111 264 38
wagui 0.0029 118 -52 203 -3
wagui 0.0023 118 -95 211 35
wagui 0.0017 115 136 212 267
wagui 0.0014 120 177 202 231
wagui 0.0013 79 153 247 248
wagui 0.0012 138 175 183 225
wagui 0.0011 45 93 271 298
wagui 0.0011 78 -64 164 -13
