Kongrou 0.0242 31 17 229 179
Kongrou 0.0023 109 -39 194 7
Kongrou 0.0019 159 74 336 275
Kongrou 0.0019 108 -73 201 38
Kongrou 0.0016 61 -105 234 57
Kongrou 0.0012 118 172 165 252
Kongrou 0.0012 48 36 160 168
Kongrou 0.0012 13 -138 289 87
Kongrou 0.0010 106 144 183 278
Kongrou 0.0010 -30 -100 94 56
Rouzaofun 0.5724 29 16 226 178
Rouzaofun 0.0069 48 36 160 168
Rouzaofun 0.0025 109 -39 194 7
Rouzaofun 0.0022 159 74 336 275
Rouzaofun 0.0021 80 39 207 164
Rouzaofun 0.0016 108 -73 201 38
Rouzaofun 0.0015 61 -105 234 57
Rouzaofun 0.0013 4 57 253 218
Rouzaofun 0.0012 13 -138 289 87
Rouzaofun 0.0011 118 172 165 252
Rice_with_Shredded_Chicken 0.0242 29 16 226 178
Rice_with_Shredded_Chicken 0.0026 109 -39 194 7
Rice_with_Shredded_Chicken 0.0020 42 -92 256 45
Rice_with_Shredded_Chicken 0.0018 13 -138 289 87
Rice_with_Shredded_Chicken 0.0015 108 -73 201 38
Rice_with_Shredded_Chicken 0.0015 159 74 336 275
Rice_with_Shredded_Chicken 0.0010 118 172 165 252
migao 0.2989 29 16 226 178
migao 0.0030 109 -39 194 7
migao 0.0023 48 36 160 168
migao 0.0023 159 74 336 275
migao 0.0020 42 -92 256 45
migao 0.0018 108 -73 201 38
migao 0.0018 118 172 165 252
migao 0.0014 13 -138 289 87
migao 0.0012 106 144 183 278
wagui 0.0278 29 16 226 178
wagui 0.0020 13 -138 289 87
wagui 0.0018 159 74 336 275
wagui 0.0017 109 -39 194 7
wagui 0.0015 108 -73 201 38
wagui 0.0015 42 -92 256 45
