Kongrou 0.0231 361 87 677 623
Kongrou 0.0159 149 97 833 669
Kongrou 0.0065 -9 184 142 583
Kongrou 0.0034 264 240 753 451
Kongrou 0.0033 393 192 702 498
Kongrou 0.0021 -74 245 208 523
Kongrou 0.0020 816 188 1009 579
Kongrou 0.0013 389 -74 724 248
Kongrou 0.0010 405 249 613 405
Rouzaofun 0.0297 389 -74 724 248
Rouzaofun 0.0108 -9 184 142 583
Rouzaofun 0.0106 351 192 666 498
Rouzaofun 0.0048 816 188 1009 579
Rouzaofun 0.0043 273 238 783 452
Rouzaofun 0.0038 242 -99 869 272
Rouzaofun 0.0035 901 634 1002 749
Rouzaofun 0.0033 -74 245 208 523
Rouzaofun 0.0032 149 97 833 669
Rouzaofun 0.0013 5 288 167 519
Rouzaofun 0.0011 405 249 613 405
Rouzaofun 0.0010 761 171 1064 482
Rice_with_Shredded_Chicken 0.0149 159 80 830 801
Rice_with_Shredded_Chicken 0.0138 389 -74 724 248
Rice_with_Shredded_Chicken 0.0069 -9 184 142 583
Rice_with_Shredded_Chicken 0.0057 351 192 666 498
Rice_with_Shredded_Chicken 0.0051 873 633 992 750
Rice_with_Shredded_Chicken 0.0031 273 238 783 452
Rice_with_Shredded_Chicken 0.0026 242 -99 869 272
Rice_with_Shredded_Chicken 0.0025 -74 245 208 523
Rice_with_Shredded_Chicken 0.0020 817 217 1008 589
Rice_with_Shredded_Chicken 0.0017 299 78 665 631
Rice_with_Shredded_Chicken 0.0011 759 193 1067 499
Rice_with_Shredded_Chicken 0.0010 241 298 720 721
migao 0.0095 351 192 666 498
migao 0.0092 -9 184 142 583
migao 0.0069 901 634 1002 749
migao 0.0064 389 -74 724 248
migao 0.0043 149 97 833 669
migao 0.0042 273 238 783 452
migao 0.0037 -74 245 208 523
migao 0.0029 816 188 1009 579
migao 0.0021 299 78 665 631
migao 0.0012 242 -99 869 272
wagui 0.0119 901 634 1002 749
wagui 0.0060 -9 184 142 583
wagui 0.0057 351 192 666 498
wagui 0.0029 273 238 783 452
wagui 0.0026 -74 245 208 523
wagui 0.0018 817 233 1008 611
wagui 0.0016 149 97 833 669
wagui 0.0014 856 0 1009 114
wagui 0.0012 753 211 1072 519
