Kongrou 0.0051 84 -122 268 58
Kongrou 0.0046 37 2 231 183
Kongrou 0.0029 104 17 216 160
Kongrou 0.0029 223 48 270 154
Kongrou 0.0022 123 -91 199 38
Kongrou 0.0021 63 -59 153 -9
Kongrou 0.0020 117 -42 197 -4
Kongrou 0.0016 -3 80 98 181
Kongrou 0.0015 4 33 130 123
Kongrou 0.0015 57 -69 264 17
Kongrou 0.0014 222 18 271 101
Kongrou 0.0014 24 116 64 148
Kongrou 0.0013 206 61 286 140
Kongrou 0.0011 40 137 79 169
Rouzaofun 0.1694 89 25 212 172
Rouzaofun 0.0092 47 3 260 147
Rouzaofun 0.0074 20 100 115 199
Rouzaofun 0.0040 223 48 270 154
Rouzaofun 0.0038 84 -122 268 58
Rouzaofun 0.0021 206 61 286 140
Rouzaofun 0.0018 222 19 270 109
Rouzaofun 0.0017 -3 80 98 181
Rouzaofun 0.0017 123 -91 199 38
Rouzaofun 0.0017 117 -42 197 -4
Rouzaofun 0.0016 142 203 174 238
Rouzaofun 0.0015 63 -59 153 -9
Rouzaofun 0.0012 97 56 187 135
Rouzaofun 0.0011 57 -69 264 17
Rouzaofun 0.0011 -27 94 141 206
Rouzaofun 0.0011 173 3 246 32
Rouzaofun 0.0011 228 31 264 88
Rouzaofun 0.0011 24 116 64 148
Rouzaofun 0.0010 190 135 230 182
Rice_with_Shredded_Chicken 0.0086 51 41 249 154
Rice_with_Shredded_Chicken 0.0047 84 -122 268 58
Rice_with_Shredded_Chicken 0.0028 105 24 216 173
Rice_with_Shredded_Chicken 0.0024 223 48 270 154
Rice_with_Shredded_Chicken 0.0018 123 -91 199 38
Rice_with_Shredded_Chicken 0.0017 142 203 174 238
Rice_with_Shredded_Chicken 0.0017 206 61 286 140
Rice_with_Shredded_Chicken 0.0016 117 -42 197 -4
Rice_with_Shredded_Chicken 0.0013 20 100 115 199
Rice_with_Shredded_Chicken 0.0013 3 -167 312 99
Rice_with_Shredded_Chicken 0.0012 57 -69 264 17
Rice_with_Shredded_Chicken 0.0012 222 18 271 101
migao 0.0553 28 30 239 157
migao 0.0261 105 24 216 173
migao 0.0043 72 -103 281 39
migao 0.0035 223 48 270 154
migao 0.0023 117 -42 197 -4
migao 0.0023 206 61 286 140
migao 0.0021 123 -91 199 38
migao 0.0020 20 100 115 199
migao 0.0017 222 18 271 101
migao 0.0016 142 203 174 238
migao 0.0013 24 116 64 148
migao 0.0012 173 3 246 32
migao 0.0011 40 137 79 169
migao 0.0011 -39 -79 45 30
wagui 0.0302 28 30 239 157
wagui 0.0073 105 24 216 173
wagui 0.0046 7 99 108 201
wagui 0.0042 84 -122 268 58
wagui 0.0037 223 48 270 154
wagui 0.0030 173 3 246 32
wagui 0.0024 4 33 130 123
wagui 0.0023 222 18 271 101
wagui 0.0022 24 116 64 148
wagui 0.0022 206 61 286 140
wagui 0.0020 40 137 79 169
wagui 0.0018 142 203 174 238
wagui 0.0017 117 -42 197 -4
wagui 0.0017 -35 73 128 187
wagui 0.0016 123 -91 199 38
wagui 0.0016 3 -167 312 99
wagui 0.0014 6 -13 261 119
wagui 0.0013 57 -69 264 17
wagui 0.0013 190 135 230 182
