Kongrou 0.2396 -48 419 803 1154
Kongrou 0.0395 106 -87 969 355
Kongrou 0.0204 45 217 1030 1023
Kongrou 0.0019 19 458 601 994
Kongrou 0.0011 397 -62 890 428
Rouzaofun 0.0645 262 -90 859 385
Rouzaofun 0.0153 31 354 872 1052
Rouzaofun 0.0101 54 -171 1019 590
Rice_with_Shredded_Chicken 0.0304 -48 419 803 1154
Rice_with_Shredded_Chicken 0.0059 119 -38 964 435
Rice_with_Shredded_Chicken 0.0041 45 217 1030 1023
migao 0.1020 -48 419 803 1154
migao 0.0732 119 -38 964 435
migao 0.0118 45 217 1030 1023
migao 0.0025 395 -94 892 381
wagui 0.0289 119 -38 964 435
wagui 0.0076 31 354 872 1052
wagui 0.0022 395 -94 892 381
