Kongrou 0.0065 90 49 675 453
Kongrou 0.0012 337 514 600 674
Kongrou 0.0012 189 -382 729 171
Kongrou 0.0011 509 -77 749 275
Rouzaofun 0.0135 509 -84 751 339
Rouzaofun 0.0117 96 76 668 485
Rouzaofun 0.0041 402 -28 854 283
Rouzaofun 0.0015 337 514 600 674
Rouzaofun 0.0010 189 -382 729 171
Rouzaofun 0.0010 211 439 739 733
Rice_with_Shredded_Chicken 0.1785 121 8 663 523
Rice_with_Shredded_Chicken 0.0158 509 -84 751 339
Rice_with_Shredded_Chicken 0.0053 402 -28 854 283
Rice_with_Shredded_Chicken 0.0017 337 514 600 674
Rice_with_Shredded_Chicken 0.0013 152 -308 767 94
Rice_with_Shredded_Chicken 0.0012 175 118 534 503
Rice_with_Shredded_Chicken 0.0012 67 -427 861 208
migao 0.0210 121 8 663 523
migao 0.0047 509 -84 751 339
migao 0.0026 402 -28 854 283
migao 0.0017 337 514 600 674
migao 0.0012 152 -308 767 94
migao 0.0010 211 439 739 733
wagui 0.0129 121 8 663 523
wagui 0.0020 509 -84 751 339
wagui 0.0011 67 -427 861 208
wagui 0.0011 402 -28 854 283
wagui 0.0010 152 -308 767 94
