Kongrou 0.3271 26 25 658 562
Kongrou 0.0079 217 73 609 493
Kongrou 0.0017 165 -11 540 397
Kongrou 0.0012 527 299 1006 1027
Kongrou 0.0010 381 449 912 891
Rouzaofun 0.0602 -23 47 705 556
Rouzaofun 0.0036 164 34 601 470
Rouzaofun 0.0017 527 299 1006 1027
Rice_with_Shredded_Chicken 0.0106 126 24 650 574
Rice_with_Shredded_Chicken 0.0016 1 182 798 650
Rice_with_Shredded_Chicken 0.0016 527 299 1006 1027
migao 0.2433 26 25 658 562
migao 0.0030 217 73 609 493
migao 0.0017 527 299 1006 1027
migao 0.0011 381 449 912 891
wagui 0.1073 26 25 658 562
wagui 0.0033 152 -2 553 447
wagui 0.0022 218 108 611 519
wagui 0.0017 527 299 1006 1027
wagui 0.0012 67 -340 610 177
