Kongrou 0.0227 542 151 1118 964
Kongrou 0.0079 244 237 1288 891
Kongrou 0.0048 276 403 1566 1158
Kongrou 0.0030 1307 -31 1615 450
Kongrou 0.0027 411 577 1124 1171
Kongrou 0.0027 343 -75 833 463
Kongrou 0.0021 353 -762 1485 339
Kongrou 0.0015 103 -105 1066 507
Kongrou 0.0014 627 985 1026 1276
Kongrou 0.0012 331 19 1262 1328
Kongrou 0.0012 515 362 1052 796
Kongrou 0.0012 367 -380 916 -73
Kongrou 0.0012 1384 15 1597 343
Kongrou 0.0011 661 -292 1091 -36
Kongrou 0.0011 568 332 1101 1905
Kongrou 0.0010 655 -537 1134 183
Rouzaofun 0.0068 343 -75 833 463
Rouzaofun 0.0055 1307 -31 1615 450
Rouzaofun 0.0053 411 577 1124 1171
Rouzaofun 0.0030 103 -105 1066 507
Rouzaofun 0.0025 1386 41 1596 377
Rouzaofun 0.0025 155 205 1470 1105
Rouzaofun 0.0017 353 -762 1485 339
Rouzaofun 0.0012 515 362 1052 796
Rouzaofun 0.0012 542 151 1118 964
Rouzaofun 0.0010 661 -292 1091 -36
Rouzaofun 0.0010 568 332 1101 1905
Rice_with_Shredded_Chicken 0.0104 343 -75 833 463
Rice_with_Shredded_Chicken 0.0084 155 205 1470 1105
Rice_with_Shredded_Chicken 0.0044 463 128 1076 992
Rice_with_Shredded_Chicken 0.0030 1307 -31 1615 450
Rice_with_Shredded_Chicken 0.0029 103 -105 1066 507
Rice_with_Shredded_Chicken 0.0020 353 -762 1485 339
Rice_with_Shredded_Chicken 0.0018 411 577 1124 1171
Rice_with_Shredded_Chicken 0.0012 568 332 1101 1905
Rice_with_Shredded_Chicken 0.0010 661 -292 1091 -36
Rice_with_Shredded_Chicken 0.0010 40 -483 752 14
Rice_with_Shredded_Chicken 0.0010 1386 41 1596 377
Rice_with_Shredded_Chicken 0.0010 -252 -766 644 357
migao 0.0121 343 -75 833 463
migao 0.0089 542 151 1118 964
migao 0.0065 164 388 1469 1170
migao 0.0059 244 237 1288 891
migao 0.0050 1307 -31 1615 450
migao 0.0047 103 -105 1066 507
migao 0.0038 411 577 1124 1171
migao 0.0019 1386 41 1596 377
migao 0.0018 366 -659 1476 234
migao 0.0016 331 19 1262 1328
migao 0.0014 661 -292 1091 -36
migao 0.0011 568 332 1101 1905
migao 0.0010 627 985 1026 1276
migao 0.0010 655 -537 1134 183
wagui 0.0358 343 -75 833 463
wagui 0.0055 103 -105 1066 507
wagui 0.0053 276 403 1566 1158
wagui 0.0037 1307 -31 1615 450
wagui 0.0026 414 562 1245 1185
wagui 0.0021 1386 41 1596 377
wagui 0.0018 353 -762 1485 339
wagui 0.0013 627 985 1026 1276
wagui 0.0011 -29 -18 307 497
wagui 0.0010 568 332 1101 1905
wagui 0.0010 40 -483 752 14
