Kongrou 0.0171 74 14 190 159
Kongrou 0.0090 31 39 232 154
Kongrou 0.0059 213 -2 278 32
Kongrou 0.0020 101 69 157 108
Kongrou 0.0015 118 -53 203 -3
Kongrou 0.0015 118 -95 211 35
Kongrou 0.0014 76 -127 283 53
Kongrou 0.0013 96 52 162 125
Kongrou 0.0010 65 -62 156 -14
Kongrou 0.0010 195 -7 285 47
Rouzaofun 0.2700 36 30 233 155
Rouzaofun 0.0160 213 -2 278 32
Rouzaofun 0.0027 57 60 186 174
Rouzaofun 0.0019 195 -7 285 47
Rouzaofun 0.0017 118 -53 203 -3
Rouzaofun 0.0013 118 -95 211 35
Rouzaofun 0.0013 101 69 157 108
Rouzaofun 0.0011 -74 109 180 324
Rouzaofun 0.0011 76 -127 283 53
Rouzaofun 0.0010 -41 150 110 284
Rouzaofun 0.0010 69 -79 258 19
Rice_with_Shredded_Chicken 0.1017 36 30 233 155
Rice_with_Shredded_Chicken 0.0072 213 -2 278 32
Rice_with_Shredded_Chicken 0.0020 183 -14 272 59
Rice_with_Shredded_Chicken 0.0017 118 -53 203 -3
Rice_with_Shredded_Chicken 0.0014 51 -108 266 36
Rice_with_Shredded_Chicken 0.0013 7 -176 315 98
Rice_with_Shredded_Chicken 0.0012 118 -95 211 35
migao 0.1037 36 30 233 155
migao 0.0181 213 -2 278 32
migao 0.0019 118 -53 203 -3
migao 0.0017 101 69 157 108
migao 0.0015 118 -95 211 35
migao 0.0015 51 -108 266 36
migao 0.0013 195 -7 285 47
migao 0.0010 7 -176 315 98
wagui 0.1677 36 30 233 155
wagui 0.0164 213 -2 278 32
wagui 0.0022 101 69 157 108
wagui 0.0018 65 -62 156 -14
wagui 0.0016 7 -176 315 98
wagui 0.0013 118 -53 203 -3
wagui 0.0013 195 -7 285 47
wagui 0.0012 118 -95 211 35
wagui 0.0011 76 -127 283 53
wagui 0.0010 96 52 162 125
wagui 0.0010 69 -79 258 19
