Kongrou 0.0874 57 20 534 435
Kongrou 0.0076 340 455 455 537
Kongrou 0.0045 308 409 487 583
Kongrou 0.0038 331 470 418 544
Kongrou 0.0024 -17 415 317 565
Kongrou 0.0023 193 364 567 614
Kongrou 0.0014 286 324 431 657
Kongrou 0.0013 284 419 396 457
Kongrou 0.0011 296 398 408 588
Rouzaofun 0.2288 57 20 534 435
Rouzaofun 0.0094 340 455 455 537
Rouzaofun 0.0066 308 409 487 583
Rouzaofun 0.0052 331 470 418 544
Rouzaofun 0.0026 -17 415 317 565
Rouzaofun 0.0025 275 421 383 455
Rouzaofun 0.0025 193 364 567 614
Rouzaofun 0.0011 286 324 431 657
Rouzaofun 0.0010 296 398 408 588
Rice_with_Shredded_Chicken 0.3950 33 21 569 431
Rice_with_Shredded_Chicken 0.0094 340 455 455 537
Rice_with_Shredded_Chicken 0.0058 308 409 487 583
Rice_with_Shredded_Chicken 0.0058 331 470 418 544
Rice_with_Shredded_Chicken 0.0026 -17 415 317 565
Rice_with_Shredded_Chicken 0.0025 193 364 567 614
Rice_with_Shredded_Chicken 0.0015 275 421 383 455
Rice_with_Shredded_Chicken 0.0012 286 324 431 657
Rice_with_Shredded_Chicken 0.0011 296 398 408 588
migao 0.2690 33 21 569 431
migao 0.0090 340 455 455 537
migao 0.0052 331 470 418 544
migao 0.0049 308 409 487 583
migao 0.0026 275 421 383 455
migao 0.0024 193 364 567 614
migao 0.0021 -17 415 317 565
migao 0.0016 296 398 408 588
migao 0.0013 286 324 431 657
wagui 0.0856 57 20 534 435
wagui 0.0096 340 455 455 537
wagui 0.0058 331 470 418 544
wagui 0.0052 308 409 487 583
wagui 0.0035 275 421 383 455
wagui 0.0026 -17 415 317 565
wagui 0.0015 193 364 567 614
wagui 0.0012 285 360 479 668
wagui 0.0010 244 422 366 478
