Kongrou 0.0124 239 -97 405 -12
Kongrou 0.0110 243 -188 415 69
Kongrou 0.0074 135 -150 519 30
Kongrou 0.0061 243 86 580 301
Kongrou 0.0031 339 44 524 342
Kongrou 0.0021 -73 -132 135 57
Kongrou 0.0021 192 -239 533 101
Kongrou 0.0017 -146 -167 206 84
Kongrou 0.0016 -51 81 288 304
Kongrou 0.0015 183 125 618 574
Kongrou 0.0013 -158 -284 221 208
Kongrou 0.0013 206 -151 441 -3
Kongrou 0.0011 267 -125 379 55
Kongrou 0.0011 11 -344 633 192
Kongrou 0.0010 308 99 484 298
Rouzaofun 0.0759 30 38 245 342
Rouzaofun 0.0542 317 41 507 342
Rouzaofun 0.0293 -45 81 319 305
Rouzaofun 0.0254 243 86 580 301
Rouzaofun 0.0116 239 -97 405 -12
Rouzaofun 0.0086 243 -188 415 69
Rouzaofun 0.0067 135 -150 519 30
Rouzaofun 0.0019 -146 -167 206 84
Rouzaofun 0.0018 -73 -132 135 57
Rouzaofun 0.0017 267 -125 379 55
Rouzaofun 0.0015 192 -239 533 101
Rouzaofun 0.0014 356 112 520 307
Rouzaofun 0.0013 252 176 548 527
Rouzaofun 0.0013 -158 -284 221 208
Rouzaofun 0.0013 128 145 675 550
Rouzaofun 0.0013 11 -344 633 192
Rice_with_Shredded_Chicken 0.2143 317 41 507 342
Rice_with_Shredded_Chicken 0.1255 30 38 245 342
Rice_with_Shredded_Chicken 0.0776 243 86 580 301
Rice_with_Shredded_Chicken 0.0537 -45 81 319 305
Rice_with_Shredded_Chicken 0.0120 239 -97 405 -12
Rice_with_Shredded_Chicken 0.0085 243 -188 415 69
Rice_with_Shredded_Chicken 0.0068 135 -150 519 30
Rice_with_Shredded_Chicken 0.0021 -73 -132 135 57
Rice_with_Shredded_Chicken 0.0019 11 -344 633 192
Rice_with_Shredded_Chicken 0.0018 192 -239 533 101
Rice_with_Shredded_Chicken 0.0017 267 -125 379 55
Rice_with_Shredded_Chicken 0.0014 -158 -284 221 208
Rice_with_Shredded_Chicken 0.0013 128 145 675 550
Rice_with_Shredded_Chicken 0.0013 252 176 548 527
Rice_with_Shredded_Chicken 0.0011 -146 -167 206 84
Rice_with_Shredded_Chicken 0.0010 206 -151 441 -3
migao 0.0272 317 41 507 342
migao 0.0149 243 86 580 301
migao 0.0143 239 -97 405 -12
migao 0.0142 30 38 245 342
migao 0.0096 243 -188 415 69
migao 0.0079 -45 81 319 305
migao 0.0075 135 -150 519 30
migao 0.0022 267 -125 379 55
migao 0.0019 -73 -132 135 57
migao 0.0019 192 -239 533 101
migao 0.0017 -146 -167 206 84
migao 0.0015 183 125 618 574
migao 0.0015 -158 -284 221 208
migao 0.0014 11 -344 633 192
migao 0.0012 206 -151 441 -3
wagui 0.0109 317 41 507 342
wagui 0.0094 243 86 580 301
wagui 0.0091 239 -97 405 -12
wagui 0.0077 243 -188 415 69
wagui 0.0067 135 -150 519 30
wagui 0.0063 30 38 245 342
wagui 0.0062 -45 81 319 305
wagui 0.0022 11 -344 633 192
wagui 0.0015 156 -125 329 -28
wagui 0.0015 -146 -167 206 84
wagui 0.0014 156 -262 562 116
wagui 0.0013 183 125 618 574
wagui 0.0012 267 -125 379 55
wagui 0.0012 -73 -132 135 57
wagui 0.0012 -158 -284 221 208
