Kongrou 0.0102 46 18 202 145
Kongrou 0.0018 121 -38 201 6
Kongrou 0.0014 116 -77 213 41
Kongrou 0.0010 75 -64 252 27
Rouzaofun 0.0125 46 18 202 145
Rouzaofun 0.0017 121 -38 201 6
Rouzaofun 0.0012 -2 45 27 182
Rouzaofun 0.0011 116 -77 213 41
Rice_with_Shredded_Chicken 0.0063 46 18 202 145
Rice_with_Shredded_Chicken 0.0015 121 -38 201 6
Rice_with_Shredded_Chicken 0.0012 116 -77 213 41
migao 0.0284 46 18 202 145
migao 0.0020 121 -38 201 6
migao 0.0014 116 -77 213 41
migao 0.0010 75 -64 252 27
wagui 0.1305 75 10 175 152
wagui 0.0073 28 0 232 188
wagui 0.0018 51 10 217 115
wagui 0.0014 -2 45 27 182
wagui 0.0012 116 -77 213 41
wagui 0.0011 121 -38 201 6
wagui 0.0010 164 -120 328 114
