Kongrou 0.0121 21 28 238 165
Kongrou 0.0018 143 193 190 234
Kongrou 0.0010 130 177 203 251
Rouzaofun 0.5631 21 28 238 165
Rouzaofun 0.0065 108 92 200 191
Rouzaofun 0.0045 126 37 243 146
Rouzaofun 0.0032 43 73 257 196
Rouzaofun 0.0024 143 193 190 234
Rouzaofun 0.0022 97 18 282 176
Rouzaofun 0.0017 25 46 144 177
Rouzaofun 0.0016 41 21 167 142
Rouzaofun 0.0014 130 177 203 251
Rouzaofun 0.0011 87 9 221 134
Rouzaofun 0.0010 28 1 270 114
Rice_with_Shredded_Chicken 0.0276 30 19 226 173
Rice_with_Shredded_Chicken 0.0023 143 193 190 234
Rice_with_Shredded_Chicken 0.0014 60 -37 238 72
Rice_with_Shredded_Chicken 0.0013 130 177 203 251
migao 0.1179 21 28 238 165
migao 0.0023 143 193 190 234
migao 0.0013 122 168 181 256
migao 0.0011 136 177 207 250
migao 0.0011 108 92 200 191
migao 0.0011 43 66 213 204
migao 0.0011 104 33 264 150
wagui 0.0190 21 28 238 165
wagui 0.0024 148 193 195 234
wagui 0.0015 60 -37 238 72
wagui 0.0013 142 201 181 235
wagui 0.0012 136 177 207 250
