Kongrou 0.0516 89 23 779 630
Kongrou 0.0026 348 13 692 471
Kongrou 0.0014 246 26 852 394
Kongrou 0.0010 292 576 541 728
Kongrou 0.0010 369 516 605 906
Kongrou 0.0010 469 -98 584 32
Kongrou 0.0010 -241 423 569 1025
Rouzaofun 0.5786 84 18 779 635
Rouzaofun 0.0092 86 111 547 573
Rouzaofun 0.0016 292 576 541 728
Rouzaofun 0.0015 -241 423 569 1025
Rouzaofun 0.0013 378 574 576 855
Rouzaofun 0.0012 469 -98 584 32
Rouzaofun 0.0011 315 620 537 687
Rouzaofun 0.0011 154 579 473 841
Rouzaofun 0.0010 215 548 759 868
Rouzaofun 0.0010 -139 520 362 931
Rice_with_Shredded_Chicken 0.0571 179 39 698 607
Rice_with_Shredded_Chicken 0.0013 378 574 576 855
Rice_with_Shredded_Chicken 0.0012 60 117 508 568
Rice_with_Shredded_Chicken 0.0012 469 -98 584 32
Rice_with_Shredded_Chicken 0.0010 151 -303 858 136
Rice_with_Shredded_Chicken 0.0010 -241 423 569 1025
Rice_with_Shredded_Chicken 0.0010 154 579 473 841
migao 0.2615 84 18 779 635
migao 0.0047 86 111 547 573
migao 0.0016 378 574 576 855
migao 0.0013 469 -98 584 32
migao 0.0011 315 620 537 687
migao 0.0011 -241 423 569 1025
migao 0.0010 247 55 852 430
wagui 0.0313 89 23 779 630
wagui 0.0017 391 -38 714 456
wagui 0.0016 246 26 852 394
wagui 0.0013 315 620 537 687
wagui 0.0012 469 -98 584 32
wagui 0.0011 292 576 541 728
wagui 0.0011 -241 423 569 1025
