Kongrou 0.0075 141 467 738 1284
Kongrou 0.0052 -67 566 949 1183
Kongrou 0.0031 135 918 1155 1916
Kongrou 0.0019 295 422 1207 1721
Kongrou 0.0018 1 937 541 1611
Kongrou 0.0010 -294 851 386 1919
Rouzaofun 0.0624 -106 585 879 1274
Rouzaofun 0.0045 151 422 727 1220
Rouzaofun 0.0019 135 918 1155 1916
Rouzaofun 0.0017 1 937 541 1611
Rouzaofun 0.0016 295 422 1207 1721
Rouzaofun 0.0016 25 684 632 1408
Rouzaofun 0.0012 -386 101 756 1601
Rouzaofun 0.0010 0 633 741 1034
Rouzaofun 0.0010 641 -139 1140 544
Rouzaofun 0.0010 -294 851 386 1919
Rice_with_Shredded_Chicken 0.0158 -106 585 879 1274
Rice_with_Shredded_Chicken 0.0031 135 918 1155 1916
Rice_with_Shredded_Chicken 0.0015 1 937 541 1611
Rice_with_Shredded_Chicken 0.0015 227 534 1264 1616
Rice_with_Shredded_Chicken 0.0010 -294 851 386 1919
migao 0.0363 -106 585 879 1274
migao 0.0028 135 918 1155 1916
migao 0.0015 295 422 1207 1721
migao 0.0014 151 422 727 1220
migao 0.0014 1 937 541 1611
migao 0.0011 -294 851 386 1919
wagui 0.0052 -106 585 879 1274
wagui 0.0024 135 918 1155 1916
wagui 0.0014 1 937 541 1611
wagui 0.0014 295 422 1207 1721
wagui 0.0011 -294 851 386 1919
wagui 0.0010 -254 1126 348 1643
