Kongrou 0.0562 -74 311 584 733
Kongrou 0.0522 79 222 434 815
Kongrou 0.0180 135 -12 474 288
Kongrou 0.0047 525 -2 832 356
Kongrou 0.0039 579 779 819 914
Kongrou 0.0034 185 65 424 209
Kongrou 0.0031 489 665 795 1013
Kongrou 0.0025 589 367 887 735
Kongrou 0.0022 335 626 962 1044
Kongrou 0.0022 491 416 984 685
Kongrou 0.0019 476 -143 645 27
Kongrou 0.0015 419 52 898 300
Kongrou 0.0014 558 714 915 979
Kongrou 0.0014 401 -205 760 88
Kongrou 0.0011 -2 31 535 243
Kongrou 0.0010 80 73 570 319
Rouzaofun 0.0256 -74 311 584 733
Rouzaofun 0.0236 135 -12 474 288
Rouzaofun 0.0126 79 222 434 815
Rouzaofun 0.0119 560 265 900 844
Rouzaofun 0.0078 525 -2 832 356
Rouzaofun 0.0064 452 358 1080 763
Rouzaofun 0.0049 579 779 819 914
Rouzaofun 0.0048 185 65 424 209
Rouzaofun 0.0034 523 706 872 986
Rouzaofun 0.0032 419 52 898 300
Rouzaofun 0.0030 506 435 970 706
Rouzaofun 0.0023 335 626 962 1044
Rouzaofun 0.0022 476 -143 645 27
Rouzaofun 0.0022 -2 31 535 243
Rouzaofun 0.0021 464 559 838 1116
Rouzaofun 0.0020 80 73 570 319
Rouzaofun 0.0015 401 -205 760 88
Rouzaofun 0.0012 568 101 790 253
Rice_with_Shredded_Chicken 0.0904 -74 311 584 733
Rice_with_Shredded_Chicken 0.0784 79 222 434 815
Rice_with_Shredded_Chicken 0.0354 598 260 935 849
Rice_with_Shredded_Chicken 0.0353 137 -58 455 389
Rice_with_Shredded_Chicken 0.0180 452 358 1080 763
Rice_with_Shredded_Chicken 0.0101 542 -74 835 408
Rice_with_Shredded_Chicken 0.0097 67 27 543 247
Rice_with_Shredded_Chicken 0.0042 579 779 819 914
Rice_with_Shredded_Chicken 0.0031 446 53 911 299
Rice_with_Shredded_Chicken 0.0030 185 65 424 209
Rice_with_Shredded_Chicken 0.0029 523 706 872 986
Rice_with_Shredded_Chicken 0.0027 476 -143 645 27
Rice_with_Shredded_Chicken 0.0023 464 559 838 1116
Rice_with_Shredded_Chicken 0.0022 335 626 962 1044
Rice_with_Shredded_Chicken 0.0021 506 435 970 706
Rice_with_Shredded_Chicken 0.0014 375 -215 746 99
Rice_with_Shredded_Chicken 0.0010 86 87 564 346
migao 0.0798 -74 311 584 733
migao 0.0541 79 222 434 815
migao 0.0169 135 -12 474 288
migao 0.0058 598 260 935 849
migao 0.0050 525 -2 832 356
migao 0.0045 579 779 819 914
migao 0.0040 452 358 1080 763
migao 0.0037 185 65 424 209
migao 0.0036 489 665 795 1013
migao 0.0027 476 -143 645 27
migao 0.0026 419 52 898 300
migao 0.0025 506 435 970 706
migao 0.0022 335 626 962 1044
migao 0.0019 -2 31 535 243
migao 0.0019 80 73 570 319
migao 0.0015 375 -215 746 99
migao 0.0014 558 714 915 979
wagui 0.0607 79 222 434 815
wagui 0.0461 -74 311 584 733
wagui 0.0140 135 -12 474 288
wagui 0.0045 579 779 819 914
wagui 0.0030 523 706 872 986
wagui 0.0028 185 65 424 209
wagui 0.0028 525 -2 832 356
wagui 0.0025 491 416 984 685
wagui 0.0023 476 -143 645 27
wagui 0.0022 464 559 838 1116
wagui 0.0019 589 367 887 735
wagui 0.0017 335 626 962 1044
wagui 0.0015 942 481 1045 620
wagui 0.0014 375 -215 746 99
wagui 0.0014 419 52 898 300
wagui 0.0013 -2 31 535 243
wagui 0.0011 80 73 570 319
wagui 0.0010 607 824 788 947
