Kongrou 0.0569 320 122 741 599
Kongrou 0.0070 24 13 331 318
Kongrou 0.0045 582 76 948 418
Kongrou 0.0042 365 256 717 524
Kongrou 0.0022 247 249 834 452
Kongrou 0.0019 224 -489 951 216
Kongrou 0.0016 474 393 1179 941
Kongrou 0.0015 11 25 1015 658
Kongrou 0.0015 24 52 194 175
Kongrou 0.0014 895 564 1052 886
Kongrou 0.0014 415 291 666 451
Kongrou 0.0014 -95 -46 445 374
Kongrou 0.0013 154 204 906 587
Kongrou 0.0013 430 696 688 832
Kongrou 0.0013 336 239 1317 1068
Kongrou 0.0011 435 521 709 981
Rouzaofun 0.0469 320 122 741 599
Rouzaofun 0.0080 143 178 882 647
Rouzaofun 0.0058 365 256 717 524
Rouzaofun 0.0039 247 249 834 452
Rouzaofun 0.0035 6 33 368 272
Rouzaofun 0.0019 415 291 666 451
Rouzaofun 0.0016 224 -489 951 216
Rouzaofun 0.0015 582 76 948 418
Rouzaofun 0.0013 336 239 1317 1068
Rouzaofun 0.0013 800 -42 1030 230
Rouzaofun 0.0013 24 52 194 175
Rouzaofun 0.0012 474 393 1179 941
Rouzaofun 0.0012 895 564 1052 886
Rouzaofun 0.0010 430 696 688 832
Rice_with_Shredded_Chicken 0.0315 320 122 741 599
Rice_with_Shredded_Chicken 0.0198 24 13 331 318
Rice_with_Shredded_Chicken 0.0171 143 178 882 647
Rice_with_Shredded_Chicken 0.0041 251 271 830 469
Rice_with_Shredded_Chicken 0.0037 163 -56 662 149
Rice_with_Shredded_Chicken 0.0029 -95 -46 445 374
Rice_with_Shredded_Chicken 0.0027 386 257 735 523
Rice_with_Shredded_Chicken 0.0023 582 100 951 459
Rice_with_Shredded_Chicken 0.0017 218 -407 960 128
Rice_with_Shredded_Chicken 0.0014 360 244 1286 1053
Rice_with_Shredded_Chicken 0.0013 800 -42 1030 230
Rice_with_Shredded_Chicken 0.0012 895 564 1052 886
Rice_with_Shredded_Chicken 0.0010 184 361 1008 1093
migao 0.1273 320 122 741 599
migao 0.0078 143 178 882 647
migao 0.0077 24 13 331 318
migao 0.0053 251 271 830 469
migao 0.0045 386 257 735 523
migao 0.0028 582 76 948 418
migao 0.0019 24 52 194 175
migao 0.0018 895 564 1052 886
migao 0.0017 218 -407 960 128
migao 0.0016 -95 -46 445 374
migao 0.0015 430 696 688 832
migao 0.0014 474 393 1179 941
migao 0.0012 800 -42 1030 230
migao 0.0012 336 239 1317 1068
migao 0.0011 415 291 666 451
migao 0.0011 435 521 709 981
wagui 0.1436 288 126 695 594
wagui 0.0418 24 13 331 318
wagui 0.0228 582 76 948 418
wagui 0.0116 354 230 728 510
wagui 0.0116 143 178 882 647
wagui 0.0041 163 -56 662 149
wagui 0.0036 -95 -46 445 374
wagui 0.0026 800 -42 1030 230
wagui 0.0022 210 272 832 468
wagui 0.0020 24 52 194 175
wagui 0.0017 224 -489 951 216
wagui 0.0016 393 51 1138 435
wagui 0.0014 895 564 1052 886
wagui 0.0011 336 239 1317 1068
wagui 0.0011 415 291 666 451
wagui 0.0010 848 9 1021 182
