Kongrou 0.0527 268 246 579 498
Kongrou 0.0478 401 13 680 259
Kongrou 0.0265 186 484 502 772
Kongrou 0.0217 71 -30 383 224
Kongrou 0.0183 697 -19 978 251
Kongrou 0.0158 4 174 291 490
Kongrou 0.0093 547 431 810 744
Kongrou 0.0077 128 27 323 167
Kongrou 0.0058 571 230 866 473
Kongrou 0.0054 843 294 1026 646
Kongrou 0.0046 453 72 670 203
Kongrou 0.0042 252 528 474 729
Kongrou 0.0039 -88 253 383 451
Kongrou 0.0036 285 293 519 452
Kongrou 0.0031 107 537 579 717
Kongrou 0.0018 375 89 629 224
Kongrou 0.0016 484 490 872 685
Kongrou 0.0015 304 44 818 226
Kongrou 0.0014 92 79 928 683
Kongrou 0.0010 -2 257 216 447
Kongrou 0.0010 728 16 943 178
Kongrou 0.0010 -41 -229 1057 996
Rouzaofun 0.1043 225 481 503 774
Rouzaofun 0.0925 268 246 579 498
Rouzaofun 0.0591 401 13 680 259
Rouzaofun 0.0545 -6 200 262 503
Rouzaofun 0.0421 697 -19 978 251
Rouzaofun 0.0385 547 431 810 744
Rouzaofun 0.0364 571 230 866 473
Rouzaofun 0.0313 71 -30 383 224
Rouzaofun 0.0183 843 294 1026 646
Rouzaofun 0.0138 128 27 323 167
Rouzaofun 0.0135 -88 253 383 451
Rouzaofun 0.0097 107 537 579 717
Rouzaofun 0.0077 285 293 519 452
Rouzaofun 0.0069 214 564 474 731
Rouzaofun 0.0061 453 72 670 203
Rouzaofun 0.0056 484 490 872 685
Rouzaofun 0.0045 642 266 834 440
Rouzaofun 0.0035 304 44 818 226
Rouzaofun 0.0030 600 502 797 675
Rouzaofun 0.0027 375 89 629 224
Rouzaofun 0.0023 886 361 1022 580
Rouzaofun 0.0023 612 26 1101 205
Rouzaofun 0.0023 285 525 481 693
Rouzaofun 0.0019 92 79 928 683
Rouzaofun 0.0018 -5 285 220 458
Rouzaofun 0.0018 574 252 781 412
Rouzaofun 0.0017 64 254 269 452
Rouzaofun 0.0017 728 16 943 178
Rouzaofun 0.0011 545 451 734 609
Rouzaofun 0.0010 836 355 992 546
Rouzaofun 0.0010 359 270 565 437
Rice_with_Shredded_Chicken 0.0724 268 246 579 498
Rice_with_Shredded_Chicken 0.0616 225 481 503 774
Rice_with_Shredded_Chicken 0.0411 400 39 683 270
Rice_with_Shredded_Chicken 0.0366 697 -19 978 251
Rice_with_Shredded_Chicken 0.0266 -6 200 262 503
Rice_with_Shredded_Chicken 0.0254 71 -30 383 224
Rice_with_Shredded_Chicken 0.0198 547 431 810 744
Rice_with_Shredded_Chicken 0.0178 571 230 866 473
Rice_with_Shredded_Chicken 0.0137 843 294 1026 646
Rice_with_Shredded_Chicken 0.0091 128 27 323 167
Rice_with_Shredded_Chicken 0.0087 -88 253 383 451
Rice_with_Shredded_Chicken 0.0064 107 537 579 717
Rice_with_Shredded_Chicken 0.0035 285 293 519 452
Rice_with_Shredded_Chicken 0.0035 92 79 928 683
Rice_with_Shredded_Chicken 0.0033 260 519 466 698
Rice_with_Shredded_Chicken 0.0033 484 490 872 685
Rice_with_Shredded_Chicken 0.0027 304 44 818 226
Rice_with_Shredded_Chicken 0.0027 453 72 670 203
Rice_with_Shredded_Chicken 0.0026 -41 -229 1057 996
Rice_with_Shredded_Chicken 0.0019 612 26 1101 205
Rice_with_Shredded_Chicken 0.0015 642 266 834 440
Rice_with_Shredded_Chicken 0.0013 600 502 797 675
Rice_with_Shredded_Chicken 0.0013 886 361 1022 580
Rice_with_Shredded_Chicken 0.0012 375 89 629 224
Rice_with_Shredded_Chicken 0.0011 728 16 943 178
migao 0.1065 268 246 579 498
migao 0.0888 225 481 503 774
migao 0.0745 401 13 680 259
migao 0.0416 -6 200 262 503
migao 0.0407 697 -19 978 251
migao 0.0254 547 431 810 744
migao 0.0249 71 -30 383 224
migao 0.0215 571 230 866 473
migao 0.0124 843 294 1026 646
migao 0.0120 128 27 323 167
migao 0.0105 -88 253 383 451
migao 0.0089 107 537 579 717
migao 0.0060 285 293 519 452
migao 0.0053 214 564 474 731
migao 0.0046 484 490 872 685
migao 0.0045 453 72 670 203
migao 0.0030 642 266 834 440
migao 0.0028 304 44 818 226
migao 0.0022 375 89 629 224
migao 0.0021 600 502 797 675
migao 0.0020 612 26 1101 205
migao 0.0017 886 361 1022 580
migao 0.0017 574 252 781 412
migao 0.0015 285 525 481 693
migao 0.0015 -5 285 220 458
migao 0.0013 -41 -229 1057 996
migao 0.0012 92 79 928 683
migao 0.0012 728 16 943 178
migao 0.0011 545 451 734 609
migao 0.0010 64 254 269 452
wagui 0.0645 268 246 579 498
wagui 0.0619 400 39 683 270
wagui 0.0546 697 -19 978 251
wagui 0.0407 225 481 503 774
wagui 0.0287 71 -30 383 224
wagui 0.0276 -6 200 262 503
wagui 0.0134 547 431 810 744
wagui 0.0122 843 294 1026 646
wagui 0.0120 571 230 866 473
wagui 0.0120 128 27 323 167
wagui 0.0072 -88 253 383 451
wagui 0.0047 107 537 579 717
wagui 0.0039 453 72 670 203
wagui 0.0030 285 293 519 452
wagui 0.0025 214 564 474 731
wagui 0.0024 484 490 872 685
wagui 0.0023 304 44 818 226
wagui 0.0021 612 26 1101 205
wagui 0.0020 728 16 943 178
wagui 0.0020 375 89 629 224
wagui 0.0017 747 -75 1178 260
wagui 0.0016 886 361 1022 580
wagui 0.0014 -29 126 87 303
wagui 0.0013 642 266 834 440
wagui 0.0011 -5 285 220 458
wagui 0.0011 -173 66 214 430
wagui 0.0010 545 451 734 609
wagui 0.0010 836 355 992 546
wagui 0.0010 600 502 797 675
