Kongrou 0.2072 21 0 136 151
Kongrou 0.0225 167 9 264 162
Kongrou 0.0119 118 23 295 148
Kongrou 0.0081 -14 32 171 159
Kongrou 0.0032 118 -98 211 38
Kongrou 0.0030 117 -53 204 -3
Kongrou 0.0029 73 -123 241 50
Kongrou 0.0027 51 103 265 286
Kongrou 0.0025 21 -154 298 78
Kongrou 0.0021 63 -78 265 18
Kongrou 0.0014 159 64 279 134
Kongrou 0.0010 189 46 259 152
Rouzaofun 0.0264 -15 25 172 146
Rouzaofun 0.0105 118 23 295 148
Rouzaofun 0.0071 167 9 264 162
Rouzaofun 0.0051 36 9 141 162
Rouzaofun 0.0032 117 -53 204 -3
Rouzaofun 0.0028 73 -123 241 50
Rouzaofun 0.0028 21 -154 298 78
Rouzaofun 0.0028 42 104 276 286
Rouzaofun 0.0026 118 -98 211 38
Rouzaofun 0.0022 159 64 279 134
Rouzaofun 0.0020 63 -78 265 18
Rouzaofun 0.0012 189 46 259 152
Rice_with_Shredded_Chicken 0.0973 20 9 137 161
Rice_with_Shredded_Chicken 0.0672 167 9 264 162
Rice_with_Shredded_Chicken 0.0411 118 23 295 148
Rice_with_Shredded_Chicken 0.0038 42 -113 275 39
Rice_with_Shredded_Chicken 0.0031 117 -53 204 -3
Rice_with_Shredded_Chicken 0.0027 42 104 276 286
Rice_with_Shredded_Chicken 0.0026 118 -98 211 38
Rice_with_Shredded_Chicken 0.0017 159 64 279 134
migao 0.0943 -13 13 170 137
migao 0.0193 134 24 297 147
migao 0.0054 22 27 135 165
migao 0.0041 42 -113 275 39
migao 0.0039 117 -53 204 -3
migao 0.0030 118 -98 211 38
migao 0.0028 62 108 257 285
migao 0.0020 159 64 279 134
migao 0.0014 181 48 256 150
wagui 0.0289 -13 13 170 137
wagui 0.0058 118 23 295 148
wagui 0.0042 21 -154 298 78
wagui 0.0038 167 9 264 162
wagui 0.0032 22 27 135 165
wagui 0.0027 117 -53 204 -3
wagui 0.0025 73 -123 241 50
wagui 0.0025 118 -98 211 38
wagui 0.0022 63 -78 265 18
wagui 0.0021 42 104 276 286
wagui 0.0013 159 64 279 134
