Kongrou 0.0974 216 104 454 411
Kongrou 0.0209 115 148 554 367
Kongrou 0.0022 54 75 257 220
Kongrou 0.0020 166 194 490 332
Kongrou 0.0017 153 -282 534 123
Kongrou 0.0014 330 191 511 381
Kongrou 0.0013 83 104 250 191
Kongrou 0.0012 4 46 594 351
Kongrou 0.0011 241 153 439 327
Rouzaofun 0.2949 320 -16 532 206
Rouzaofun 0.0932 239 117 477 436
Rouzaofun 0.0313 147 173 567 386
Rouzaofun 0.0061 35 3 263 283
Rouzaofun 0.0059 224 3 627 231
Rouzaofun 0.0041 330 191 511 381
Rouzaofun 0.0038 54 75 257 220
Rouzaofun 0.0033 227 169 429 357
Rouzaofun 0.0019 83 104 250 191
Rouzaofun 0.0018 165 187 491 316
Rouzaofun 0.0015 153 -282 534 123
Rouzaofun 0.0015 4 46 594 351
Rouzaofun 0.0015 -43 35 343 249
Rice_with_Shredded_Chicken 0.1379 320 -16 532 206
Rice_with_Shredded_Chicken 0.0389 239 117 477 436
Rice_with_Shredded_Chicken 0.0289 147 173 567 386
Rice_with_Shredded_Chicken 0.0271 38 25 262 300
Rice_with_Shredded_Chicken 0.0034 224 3 627 231
Rice_with_Shredded_Chicken 0.0031 -43 35 343 249
Rice_with_Shredded_Chicken 0.0024 54 75 257 220
Rice_with_Shredded_Chicken 0.0017 119 -238 573 76
Rice_with_Shredded_Chicken 0.0017 330 191 511 381
Rice_with_Shredded_Chicken 0.0016 181 193 498 332
Rice_with_Shredded_Chicken 0.0013 83 104 250 191
Rice_with_Shredded_Chicken 0.0010 305 447 374 519
migao 0.0813 239 117 477 436
migao 0.0554 320 -16 532 206
migao 0.0459 134 146 579 367
migao 0.0046 35 3 263 283
migao 0.0030 54 75 257 220
migao 0.0028 166 194 490 332
migao 0.0023 242 168 438 358
migao 0.0022 330 191 511 381
migao 0.0017 119 -238 573 76
migao 0.0016 83 104 250 191
migao 0.0012 224 3 627 231
migao 0.0011 -43 35 343 249
wagui 0.1057 35 3 263 283
wagui 0.0098 320 -16 532 206
wagui 0.0071 -43 35 343 249
wagui 0.0069 216 104 454 411
wagui 0.0066 134 146 579 367
wagui 0.0056 54 75 257 220
wagui 0.0040 83 104 250 191
wagui 0.0018 166 194 490 332
wagui 0.0016 153 -282 534 123
wagui 0.0014 330 191 511 381
wagui 0.0010 305 447 374 519
