Kongrou 0.0603 99 -16 222 166
Kongrou 0.0390 18 -30 292 191
Kongrou 0.0169 60 0 259 127
Kongrou 0.0102 136 -88 227 -20
Kongrou 0.0086 129 -136 240 23
Kongrou 0.0064 83 -114 285 0
Kongrou 0.0041 112 -101 155 15
Kongrou 0.0023 105 6 198 113
Kongrou 0.0020 39 -79 236 -8
Kongrou 0.0018 130 -70 208 -36
Kongrou 0.0016 61 -138 214 49
Kongrou 0.0015 81 20 234 99
Kongrou 0.0012 91 -96 183 -35
Kongrou 0.0011 249 134 316 248
Rouzaofun 0.0301 51 -6 262 168
Rouzaofun 0.0086 136 -88 227 -20
Rouzaofun 0.0071 129 -136 240 23
Rouzaofun 0.0062 83 -114 285 0
Rouzaofun 0.0039 112 -101 155 15
Rouzaofun 0.0030 101 -24 221 150
Rouzaofun 0.0027 39 -79 236 -8
Rouzaofun 0.0024 109 5 205 114
Rouzaofun 0.0014 61 -138 214 49
Rouzaofun 0.0013 74 16 229 91
Rouzaofun 0.0013 249 134 316 248
Rouzaofun 0.0011 129 174 234 242
Rice_with_Shredded_Chicken 0.0574 51 -6 262 168
Rice_with_Shredded_Chicken 0.0098 136 -88 227 -20
Rice_with_Shredded_Chicken 0.0068 129 -136 240 23
Rice_with_Shredded_Chicken 0.0058 83 -114 285 0
Rice_with_Shredded_Chicken 0.0041 101 -24 221 150
Rice_with_Shredded_Chicken 0.0027 112 -101 155 15
Rice_with_Shredded_Chicken 0.0023 39 -79 236 -8
Rice_with_Shredded_Chicken 0.0016 81 20 234 99
Rice_with_Shredded_Chicken 0.0014 105 6 198 113
Rice_with_Shredded_Chicken 0.0013 61 -138 214 49
Rice_with_Shredded_Chicken 0.0012 129 174 234 242
Rice_with_Shredded_Chicken 0.0010 249 134 316 248
migao 0.1138 51 -6 262 168
migao 0.0108 136 -88 227 -20
migao 0.0104 101 -24 221 150
migao 0.0081 129 -136 240 23
migao 0.0066 83 -114 285 0
migao 0.0065 112 -101 155 15
migao 0.0030 39 -79 236 -8
migao 0.0023 81 20 234 99
migao 0.0021 61 -138 214 49
migao 0.0020 105 6 198 113
migao 0.0015 130 -70 208 -36
migao 0.0013 249 134 316 248
migao 0.0013 129 174 234 242
migao 0.0010 149 -91 189 7
wagui 0.1656 51 -6 262 168
wagui 0.0822 101 -24 221 150
wagui 0.0073 129 -136 240 23
wagui 0.0062 136 -88 227 -20
wagui 0.0058 83 -114 285 0
wagui 0.0040 112 -101 155 15
wagui 0.0024 105 6 198 113
wagui 0.0023 81 20 234 99
wagui 0.0020 39 -79 236 -8
wagui 0.0016 91 -96 183 -35
wagui 0.0014 130 -70 208 -36
wagui 0.0014 249 134 316 248
wagui 0.0013 82 -90 139 3
wagui 0.0010 -32 -159 247 34
wagui 0.0010 21 -196 341 65
