Kongrou 0.0298 79 62 168 202
Kongrou 0.0073 45 82 202 182
Kongrou 0.0057 130 32 213 96
Kongrou 0.0038 98 89 175 178
Kongrou 0.0031 16 -5 242 197
Kongrou 0.0025 69 103 194 164
Kongrou 0.0023 157 51 206 88
Kongrou 0.0020 81 -113 255 66
Kongrou 0.0017 117 -40 206 8
Kongrou 0.0015 110 -73 218 37
Kongrou 0.0013 115 -51 300 86
Kongrou 0.0010 143 -101 312 135
Rouzaofun 0.0327 91 65 176 199
Rouzaofun 0.0190 130 32 213 96
Rouzaofun 0.0108 58 81 208 182
Rouzaofun 0.0098 157 51 206 88
Rouzaofun 0.0049 17 15 243 178
Rouzaofun 0.0022 138 46 195 92
Rouzaofun 0.0018 115 -51 300 86
Rouzaofun 0.0018 81 -113 255 66
Rouzaofun 0.0017 42 7 126 117
Rouzaofun 0.0015 117 -40 206 8
Rouzaofun 0.0014 107 93 186 174
Rouzaofun 0.0012 110 -73 218 37
Rouzaofun 0.0011 47 103 186 165
Rouzaofun 0.0011 76 93 157 184
Rouzaofun 0.0010 143 -101 312 135
Rice_with_Shredded_Chicken 0.0234 79 62 168 202
Rice_with_Shredded_Chicken 0.0129 130 32 213 96
Rice_with_Shredded_Chicken 0.0121 45 82 202 182
Rice_with_Shredded_Chicken 0.0106 42 7 126 117
Rice_with_Shredded_Chicken 0.0059 157 51 206 88
Rice_with_Shredded_Chicken 0.0033 17 15 243 178
Rice_with_Shredded_Chicken 0.0028 69 103 194 164
Rice_with_Shredded_Chicken 0.0027 98 89 175 178
Rice_with_Shredded_Chicken 0.0022 81 -113 255 66
Rice_with_Shredded_Chicken 0.0013 117 -40 206 8
Rice_with_Shredded_Chicken 0.0013 138 46 195 92
Rice_with_Shredded_Chicken 0.0013 110 -73 218 37
Rice_with_Shredded_Chicken 0.0010 143 -101 312 135
Rice_with_Shredded_Chicken 0.0010 115 -51 300 86
migao 0.0390 91 65 176 199
migao 0.0163 58 81 208 182
migao 0.0114 130 32 213 96
migao 0.0088 157 51 206 88
migao 0.0034 42 7 126 117
migao 0.0025 16 -5 242 197
migao 0.0019 76 -95 264 50
migao 0.0019 117 -40 206 8
migao 0.0018 138 46 195 92
migao 0.0014 110 -73 218 37
migao 0.0014 86 -65 330 99
migao 0.0010 81 23 215 173
migao 0.0010 47 103 186 165
wagui 0.0507 42 7 126 117
wagui 0.0169 157 51 206 88
wagui 0.0159 130 32 213 96
wagui 0.0058 79 62 168 202
wagui 0.0042 45 82 202 182
wagui 0.0026 69 103 194 164
wagui 0.0025 98 89 175 178
wagui 0.0025 138 46 195 92
wagui 0.0020 58 -130 282 80
wagui 0.0019 16 -5 242 197
wagui 0.0014 119 -57 337 88
wagui 0.0014 -6 16 11 42
wagui 0.0012 110 -73 218 37
wagui 0.0011 -2 -7 177 123
