Kongrou 0.0355 41 12 796 606
Kongrou 0.0136 391 101 753 624
Kongrou 0.0112 276 181 864 542
Kongrou 0.0041 -5 -22 184 236
Kongrou 0.0022 52 15 566 383
Kongrou 0.0020 333 576 597 747
Kongrou 0.0013 559 386 842 667
Kongrou 0.0011 320 442 631 866
Kongrou 0.0010 -69 13 248 200
Kongrou 0.0010 187 507 761 794
Rouzaofun 0.0053 41 12 796 606
Rouzaofun 0.0036 -5 -22 184 236
Rouzaofun 0.0021 268 200 871 587
Rouzaofun 0.0016 333 576 597 747
Rouzaofun 0.0014 -69 13 248 200
Rouzaofun 0.0010 152 558 464 814
Rouzaofun 0.0010 187 507 761 794
Rice_with_Shredded_Chicken 0.0238 41 12 796 606
Rice_with_Shredded_Chicken 0.0049 268 200 871 587
Rice_with_Shredded_Chicken 0.0024 -5 -22 184 236
Rice_with_Shredded_Chicken 0.0019 391 101 753 624
Rice_with_Shredded_Chicken 0.0015 559 386 842 667
Rice_with_Shredded_Chicken 0.0014 333 576 597 747
Rice_with_Shredded_Chicken 0.0012 -69 13 248 200
Rice_with_Shredded_Chicken 0.0011 152 558 464 814
migao 0.0232 41 12 796 606
migao 0.0062 268 200 871 587
migao 0.0035 -5 -22 184 236
migao 0.0026 391 101 753 624
migao 0.0024 333 576 597 747
migao 0.0015 -69 13 248 200
migao 0.0011 52 15 566 383
migao 0.0011 320 442 631 866
wagui 0.0033 -5 -22 184 236
wagui 0.0033 41 12 796 606
wagui 0.0013 -69 13 248 200
wagui 0.0011 268 200 871 587
wagui 0.0010 333 576 597 747
