Kongrou 0.0071 116 36 212 159
Kongrou 0.0063 105 -11 222 122
Kongrou 0.0060 118 -45 203 -9
Kongrou 0.0058 123 -98 206 37
Kongrou 0.0040 53 -71 274 12
Kongrou 0.0039 94 85 213 193
Kongrou 0.0030 76 -125 282 51
Kongrou 0.0027 107 1 220 66
Kongrou 0.0024 224 -10 278 81
Kongrou 0.0021 178 -3 276 91
Kongrou 0.0018 129 123 172 149
Kongrou 0.0017 136 62 233 194
Kongrou 0.0016 73 31 253 142
Kongrou 0.0013 78 -63 164 -14
Kongrou 0.0013 103 -72 219 -6
Kongrou 0.0013 125 54 197 133
Kongrou 0.0012 100 -63 137 25
Rouzaofun 0.0511 116 63 232 192
Rouzaofun 0.0050 118 -45 203 -9
Rouzaofun 0.0044 123 -98 206 37
Rouzaofun 0.0035 53 -71 274 12
Rouzaofun 0.0026 100 -63 137 25
Rouzaofun 0.0022 223 -7 279 89
Rouzaofun 0.0022 76 -125 282 51
Rouzaofun 0.0021 84 88 202 190
Rouzaofun 0.0018 145 98 230 173
Rouzaofun 0.0016 71 50 256 165
Rouzaofun 0.0013 149 141 194 173
Rouzaofun 0.0012 169 83 247 167
Rouzaofun 0.0012 129 123 172 149
Rouzaofun 0.0012 9 -64 125 6
Rouzaofun 0.0010 200 7 302 74
Rouzaofun 0.0010 62 -63 159 -14
Rice_with_Shredded_Chicken 0.0113 69 46 248 181
Rice_with_Shredded_Chicken 0.0046 118 -45 203 -9
Rice_with_Shredded_Chicken 0.0045 123 -98 206 37
Rice_with_Shredded_Chicken 0.0034 53 -71 274 12
Rice_with_Shredded_Chicken 0.0027 136 62 233 194
Rice_with_Shredded_Chicken 0.0026 94 85 213 193
Rice_with_Shredded_Chicken 0.0026 76 -125 282 51
Rice_with_Shredded_Chicken 0.0017 9 -64 125 6
Rice_with_Shredded_Chicken 0.0015 100 -63 137 25
Rice_with_Shredded_Chicken 0.0013 223 -7 279 89
Rice_with_Shredded_Chicken 0.0013 0 -177 323 100
Rice_with_Shredded_Chicken 0.0012 -28 -129 218 54
migao 0.0108 116 63 232 192
migao 0.0065 118 -45 203 -9
migao 0.0052 123 -98 206 37
migao 0.0041 53 -71 274 12
migao 0.0030 100 -63 137 25
migao 0.0025 89 -113 270 43
migao 0.0024 224 -10 278 81
migao 0.0018 129 123 172 149
migao 0.0018 71 50 256 165
migao 0.0017 111 24 217 150
migao 0.0017 61 9 264 122
migao 0.0013 149 141 194 173
migao 0.0012 103 -72 219 -6
migao 0.0011 125 54 197 133
migao 0.0011 200 7 302 74
migao 0.0011 0 -177 323 100
wagui 0.0167 103 42 225 194
wagui 0.0058 105 -11 222 122
wagui 0.0047 118 -45 203 -9
wagui 0.0038 123 -98 206 37
wagui 0.0037 53 -71 274 12
wagui 0.0030 73 31 253 142
wagui 0.0028 178 -3 276 91
wagui 0.0026 52 73 253 182
wagui 0.0024 76 -125 282 51
wagui 0.0024 224 -10 278 81
wagui 0.0023 129 123 172 149
wagui 0.0023 107 1 220 66
wagui 0.0020 78 -63 164 -14
wagui 0.0018 100 -63 137 25
wagui 0.0017 0 -177 323 100
wagui 0.0017 84 88 202 190
wagui 0.0012 -28 -129 218 54
wagui 0.0012 149 141 194 173
wagui 0.0010 125 54 197 133
wagui 0.0010 146 -16 307 106
wagui 0.0010 200 7 302 74
