Kongrou 0.1009 58 53 972 710
Kongrou 0.0037 106 125 564 682
Kongrou 0.0013 229 -45 952 507
Kongrou 0.0010 -387 -171 421 348
Rouzaofun 0.4018 59 -10 961 773
Rouzaofun 0.0322 1 209 670 673
Rouzaofun 0.0016 120 62 549 589
Rouzaofun 0.0012 -387 -171 421 348
Rouzaofun 0.0012 36 580 260 760
Rouzaofun 0.0011 83 164 431 719
Rouzaofun 0.0011 -161 -113 194 292
Rouzaofun 0.0010 -135 656 242 1015
Rice_with_Shredded_Chicken 0.0527 170 -7 851 774
Rice_with_Shredded_Chicken 0.0058 1 209 670 673
Rice_with_Shredded_Chicken 0.0010 36 580 260 760
migao 0.3301 58 53 972 710
migao 0.0179 1 209 670 673
migao 0.0013 36 580 260 760
migao 0.0012 -235 -276 275 450
wagui 0.0281 58 53 972 710
wagui 0.0018 1 209 670 673
wagui 0.0012 -235 -276 275 450
wagui 0.0010 36 580 260 760
