Kongrou 0.2787 -19 70 439 471
Kongrou 0.0943 270 -55 489 249
Kongrou 0.0313 82 60 352 413
Kongrou 0.0138 180 -10 578 206
Kongrou 0.0016 264 -2 438 163
Kongrou 0.0013 281 454 399 538
Kongrou 0.0012 194 377 778 628
Kongrou 0.0010 251 330 420 653
Kongrou 0.0010 264 395 393 588
Rouzaofun 0.0272 270 -55 489 249
Rouzaofun 0.0249 -19 70 439 471
Rouzaofun 0.0092 180 -10 578 206
Rouzaofun 0.0023 110 117 371 445
Rouzaofun 0.0015 281 454 399 538
Rouzaofun 0.0013 264 395 393 588
Rouzaofun 0.0010 264 -2 438 163
Rouzaofun 0.0010 156 374 515 604
Rice_with_Shredded_Chicken 0.0379 270 -55 489 249
Rice_with_Shredded_Chicken 0.0143 -19 70 439 471
Rice_with_Shredded_Chicken 0.0130 180 -10 578 206
Rice_with_Shredded_Chicken 0.0013 281 454 399 538
Rice_with_Shredded_Chicken 0.0013 82 60 352 413
Rice_with_Shredded_Chicken 0.0010 239 411 440 581
migao 0.2302 -19 70 439 471
migao 0.0955 270 -55 489 249
migao 0.0225 180 -10 578 206
migao 0.0081 82 60 352 413
migao 0.0017 264 395 393 588
migao 0.0014 281 454 399 538
migao 0.0011 251 330 420 653
migao 0.0011 194 377 778 628
migao 0.0010 264 -2 438 163
migao 0.0010 280 270 692 735
migao 0.0010 156 374 515 604
wagui 0.0472 -19 70 439 471
wagui 0.0094 270 -55 489 249
wagui 0.0046 180 -10 578 206
wagui 0.0027 82 60 352 413
wagui 0.0016 0 -3 58 48
wagui 0.0014 281 454 399 538
wagui 0.0011 383 231 759 765
wagui 0.0010 239 411 440 581
