Kongrou 0.3763 55 -1 544 365
Kongrou 0.0028 -109 -77 129 136
Kongrou 0.0025 167 60 454 364
Kongrou 0.0023 -161 -171 185 229
Kongrou 0.0017 104 -3 379 295
Kongrou 0.0010 256 392 401 593
Kongrou 0.0010 177 394 350 504
Rouzaofun 0.0157 32 -5 565 365
Rouzaofun 0.0028 -109 -77 129 136
Rouzaofun 0.0023 -200 -120 221 173
Rouzaofun 0.0012 256 392 401 593
Rouzaofun 0.0010 13 402 283 580
Rice_with_Shredded_Chicken 0.0174 35 2 559 444
Rice_with_Shredded_Chicken 0.0027 126 56 540 324
Rice_with_Shredded_Chicken 0.0023 -109 -77 129 136
Rice_with_Shredded_Chicken 0.0021 -161 -171 185 229
Rice_with_Shredded_Chicken 0.0013 256 392 401 593
migao 0.1162 55 -1 544 365
migao 0.0025 -161 -171 185 229
migao 0.0023 -109 -77 129 136
migao 0.0017 256 392 401 593
migao 0.0010 -223 -102 290 154
wagui 0.0165 55 -1 544 365
wagui 0.0024 -161 -171 185 229
wagui 0.0015 -109 -77 129 136
