Kongrou 0.0299 47 28 271 197
Kongrou 0.0170 118 -50 204 -5
Kongrou 0.0133 118 -97 211 36
Kongrou 0.0095 66 -74 261 14
Kongrou 0.0022 55 22 166 151
Kongrou 0.0018 96 173 167 215
Kongrou 0.0018 132 -65 191 29
Kongrou 0.0016 57 94 259 297
Kongrou 0.0014 103 -75 220 -2
Kongrou 0.0014 123 179 198 229
Kongrou 0.0013 121 142 206 261
Kongrou 0.0012 -36 -119 102 51
Kongrou 0.0012 126 33 243 179
Rouzaofun 0.6424 37 33 276 186
Rouzaofun 0.0252 55 22 166 151
Rouzaofun 0.0154 118 -50 204 -5
Rouzaofun 0.0100 118 -97 211 36
Rouzaofun 0.0087 66 -74 261 14
Rouzaofun 0.0029 109 45 239 189
Rouzaofun 0.0027 23 34 219 138
Rouzaofun 0.0024 37 -17 122 84
Rouzaofun 0.0020 132 -65 191 29
Rouzaofun 0.0015 123 179 198 229
Rouzaofun 0.0014 8 -28 149 96
Rouzaofun 0.0014 96 173 167 215
Rouzaofun 0.0013 47 105 271 287
Rouzaofun 0.0011 80 152 246 250
Rouzaofun 0.0010 -36 -119 102 51
Rouzaofun 0.0010 103 -75 220 -2
Rouzaofun 0.0010 121 142 206 261
Rice_with_Shredded_Chicken 0.0226 68 26 251 195
Rice_with_Shredded_Chicken 0.0150 118 -50 204 -5
Rice_with_Shredded_Chicken 0.0104 118 -97 211 36
Rice_with_Shredded_Chicken 0.0084 66 -74 261 14
Rice_with_Shredded_Chicken 0.0022 132 -65 191 29
Rice_with_Shredded_Chicken 0.0017 123 179 198 229
Rice_with_Shredded_Chicken 0.0016 47 105 271 287
Rice_with_Shredded_Chicken 0.0012 -36 -119 102 51
Rice_with_Shredded_Chicken 0.0011 103 -75 220 -2
Rice_with_Shredded_Chicken 0.0010 80 152 246 250
migao 0.3293 37 33 276 186
migao 0.0183 118 -50 204 -5
migao 0.0120 118 -97 211 36
migao 0.0098 66 -74 261 14
migao 0.0084 55 22 166 151
migao 0.0030 132 -65 191 29
migao 0.0019 123 179 198 229
migao 0.0016 37 -17 122 84
migao 0.0016 23 34 219 138
migao 0.0015 57 94 259 297
migao 0.0013 -36 -119 102 51
migao 0.0013 103 -75 220 -2
migao 0.0013 121 142 206 261
migao 0.0012 8 -28 149 96
migao 0.0011 96 173 167 215
migao 0.0010 80 152 246 250
wagui 0.0376 37 33 276 186
wagui 0.0107 118 -50 204 -5
wagui 0.0096 118 -97 211 36
wagui 0.0080 66 -74 261 14
wagui 0.0032 37 -17 122 84
wagui 0.0023 96 173 167 215
wagui 0.0017 132 -65 191 29
wagui 0.0016 47 105 271 287
wagui 0.0015 79 -63 164 -14
wagui 0.0015 8 -28 149 96
wagui 0.0015 55 22 166 151
wagui 0.0012 7 -170 315 93
wagui 0.0010 121 142 206 261
wagui 0.0010 -3 -120 194 49
