Kongrou 0.1257 124 29 767 648
Kongrou 0.0178 250 17 618 556
Kongrou 0.0023 231 188 442 537
Kongrou 0.0020 172 222 537 469
Kongrou 0.0014 623 -98 928 328
Rouzaofun 0.0152 85 -4 813 675
Rouzaofun 0.0040 232 355 566 700
Rouzaofun 0.0031 312 328 692 662
Rouzaofun 0.0024 172 222 537 469
Rouzaofun 0.0021 231 188 442 537
Rouzaofun 0.0016 171 380 761 742
Rouzaofun 0.0012 132 54 729 452
Rice_with_Shredded_Chicken 0.0484 85 -4 813 675
Rice_with_Shredded_Chicken 0.0028 250 17 618 556
Rice_with_Shredded_Chicken 0.0025 143 62 786 443
Rice_with_Shredded_Chicken 0.0017 172 222 537 469
Rice_with_Shredded_Chicken 0.0011 231 188 442 537
Rice_with_Shredded_Chicken 0.0011 623 -98 928 328
migao 0.0790 85 -4 813 675
migao 0.0053 250 17 618 556
migao 0.0032 143 62 786 443
migao 0.0026 172 222 537 469
migao 0.0020 231 188 442 537
migao 0.0012 623 -98 928 328
wagui 0.0047 65 35 821 645
wagui 0.0018 172 222 537 469
wagui 0.0012 231 188 442 537
wagui 0.0012 586 -101 896 264
wagui 0.0010 549 -160 1002 384
