Kongrou 0.0117 37 -1 226 187
Kongrou 0.0011 -2 -33 267 142
Rouzaofun 0.5374 12 12 249 178
Rouzaofun 0.0033 85 37 210 142
Rouzaofun 0.0025 70 65 184 155
Rouzaofun 0.0023 112 22 284 156
Rouzaofun 0.0021 46 -11 258 123
Rouzaofun 0.0018 46 71 259 200
Rouzaofun 0.0017 133 17 243 122
Rouzaofun 0.0016 -14 32 147 167
Rouzaofun 0.0010 248 8 265 63
Rice_with_Shredded_Chicken 0.1495 12 12 249 178
Rice_with_Shredded_Chicken 0.0013 248 8 265 63
migao 0.1797 12 12 249 178
migao 0.0018 248 8 265 63
wagui 0.0607 12 12 249 178
wagui 0.0044 248 8 265 63
wagui 0.0016 242 5 261 56
