Kongrou 0.0372 983 346 1833 2008
Kongrou 0.0199 686 554 2126 1799
Kongrou 0.0016 894 1811 1721 2258
Kongrou 0.0013 1052 860 1927 1754
Kongrou 0.0012 1304 1500 1953 2950
Kongrou 0.0011 927 577 1842 1407
Rouzaofun 0.0082 685 629 2134 1933
Rouzaofun 0.0026 1536 -156 2337 640
Rouzaofun 0.0020 705 698 2064 1391
Rouzaofun 0.0017 753 961 2227 1652
Rouzaofun 0.0016 1010 843 1864 1770
Rouzaofun 0.0015 16 1887 1332 2548
Rouzaofun 0.0013 894 1811 1721 2258
Rouzaofun 0.0012 -427 1867 719 2783
Rouzaofun 0.0011 1812 1466 2884 2355
Rouzaofun 0.0011 1276 1795 1915 2675
Rouzaofun 0.0010 1003 1912 1659 2171
Rouzaofun 0.0010 1470 2138 1823 2466
Rice_with_Shredded_Chicken 0.0074 685 629 2134 1933
Rice_with_Shredded_Chicken 0.0024 16 1887 1332 2548
Rice_with_Shredded_Chicken 0.0023 1536 -156 2337 640
Rice_with_Shredded_Chicken 0.0013 705 698 2064 1391
Rice_with_Shredded_Chicken 0.0013 1276 1795 1915 2675
Rice_with_Shredded_Chicken 0.0012 1812 1466 2884 2355
Rice_with_Shredded_Chicken 0.0012 753 961 2227 1652
Rice_with_Shredded_Chicken 0.0010 333 -911 2392 378
Rice_with_Shredded_Chicken 0.0010 -427 1867 719 2783
Rice_with_Shredded_Chicken 0.0010 1470 2138 1823 2466
migao 0.0343 685 629 2134 1933
migao 0.0030 978 388 1836 1768
migao 0.0020 705 698 2064 1391
migao 0.0017 1276 1795 1915 2675
migao 0.0015 753 961 2227 1652
migao 0.0013 894 1811 1721 2258
migao 0.0012 16 1887 1332 2548
migao 0.0012 1003 1912 1659 2171
migao 0.0010 1470 2138 1823 2466
migao 0.0010 -427 1867 719 2783
wagui 0.0057 685 629 2134 1933
wagui 0.0029 894 1811 1721 2258
wagui 0.0022 16 1887 1332 2548
wagui 0.0016 705 698 2064 1391
wagui 0.0016 779 1909 1576 2065
wagui 0.0014 872 1942 1586 2140
wagui 0.0011 1304 1500 1953 2950
wagui 0.0011 753 961 2227 1652
wagui 0.0010 1470 2138 1823 2466
