Kongrou 0.0378 158 4 314 174
Kongrou 0.0355 320 -4 498 137
Kongrou 0.0034 207 376 368 474
Kongrou 0.0030 114 138 550 376
Kongrou 0.0020 84 32 364 147
Kongrou 0.0017 399 -139 662 445
Kongrou 0.0016 220 75 446 396
Kongrou 0.0014 418 19 617 316
Kongrou 0.0012 195 28 300 152
Kongrou 0.0012 119 -277 576 116
Kongrou 0.0011 65 -15 153 57
Kongrou 0.0011 247 12 548 120
Kongrou 0.0010 49 -131 644 164
Kongrou 0.0010 49 210 646 644
Rouzaofun 0.0340 158 4 314 174
Rouzaofun 0.0314 320 -4 498 137
Rouzaofun 0.0134 220 78 447 435
Rouzaofun 0.0090 114 138 550 376
Rouzaofun 0.0036 84 32 364 147
Rouzaofun 0.0028 207 376 368 474
Rouzaofun 0.0022 247 12 548 120
Rouzaofun 0.0019 195 28 300 152
Rouzaofun 0.0011 399 -139 662 445
Rouzaofun 0.0011 65 -15 153 57
Rouzaofun 0.0010 49 -131 644 164
Rouzaofun 0.0010 270 388 433 504
Rice_with_Shredded_Chicken 0.1023 220 78 447 435
Rice_with_Shredded_Chicken 0.0392 114 138 550 376
Rice_with_Shredded_Chicken 0.0240 135 10 314 169
Rice_with_Shredded_Chicken 0.0238 320 -4 498 137
Rice_with_Shredded_Chicken 0.0016 247 12 548 120
Rice_with_Shredded_Chicken 0.0012 50 -239 553 73
Rice_with_Shredded_Chicken 0.0011 396 13 595 319
Rice_with_Shredded_Chicken 0.0010 399 -139 662 445
Rice_with_Shredded_Chicken 0.0010 49 -131 644 164
Rice_with_Shredded_Chicken 0.0010 270 388 433 504
migao 0.0613 158 4 314 174
migao 0.0565 320 -4 498 137
migao 0.0070 220 78 447 435
migao 0.0049 114 138 550 376
migao 0.0045 84 32 364 147
migao 0.0025 247 12 548 120
migao 0.0021 207 376 368 474
migao 0.0014 399 -139 662 445
migao 0.0012 270 388 433 504
migao 0.0011 195 28 300 152
migao 0.0010 133 -227 557 68
wagui 0.0349 158 4 314 174
wagui 0.0232 320 -4 498 137
wagui 0.0048 220 78 447 435
wagui 0.0044 114 138 550 376
wagui 0.0034 207 376 368 474
wagui 0.0029 84 32 364 147
wagui 0.0017 65 -15 153 57
wagui 0.0014 418 19 617 316
wagui 0.0013 399 -139 662 445
wagui 0.0012 247 12 548 120
wagui 0.0010 119 -277 576 116
