Kongrou 0.0046 -5 873 219 1034
Kongrou 0.0040 404 131 1454 1083
Kongrou 0.0014 759 169 1397 736
Kongrou 0.0013 730 -256 1271 59
Kongrou 0.0013 729 724 1616 1715
Kongrou 0.0012 -62 -555 1158 743
Kongrou 0.0011 712 -437 1324 213
Kongrou 0.0010 442 -710 1653 417
Rouzaofun 0.0569 336 124 1528 1100
Rouzaofun 0.0073 -5 873 219 1034
Rouzaofun 0.0029 553 373 1355 1123
Rouzaofun 0.0017 -91 711 249 1192
Rouzaofun 0.0012 -62 -555 1158 743
Rouzaofun 0.0011 730 -256 1271 59
Rouzaofun 0.0010 457 737 1895 1656
Rice_with_Shredded_Chicken 0.4329 336 124 1528 1100
Rice_with_Shredded_Chicken 0.0100 -5 873 219 1034
Rice_with_Shredded_Chicken 0.0030 553 373 1355 1123
Rice_with_Shredded_Chicken 0.0013 -91 711 249 1192
Rice_with_Shredded_Chicken 0.0012 314 720 2014 1688
Rice_with_Shredded_Chicken 0.0012 730 -256 1271 59
Rice_with_Shredded_Chicken 0.0010 158 -524 931 745
Rice_with_Shredded_Chicken 0.0010 1011 -231 1834 922
migao 0.0365 336 124 1528 1100
migao 0.0104 -5 873 219 1034
migao 0.0015 730 -256 1271 59
migao 0.0015 729 724 1616 1715
migao 0.0010 712 -437 1324 213
migao 0.0010 892 -264 1105 83
wagui 0.0259 -5 873 219 1034
wagui 0.0255 336 124 1528 1100
wagui 0.0019 -62 -555 1158 743
wagui 0.0017 -81 734 300 1168
wagui 0.0011 1341 116 1584 379
wagui 0.0010 729 724 1616 1715
wagui 0.0010 -48 878 141 1091
wagui 0.0010 90 -311 1025 516
