Kongrou 0.0181 9 8 101 114
Kongrou 0.0131 192 37 260 131
Kongrou 0.0103 51 60 207 209
Kongrou 0.0061 -26 13 155 109
Kongrou 0.0049 175 48 277 110
Kongrou 0.0028 -1 84 259 196
Kongrou 0.0024 139 195 194 232
Kongrou 0.0021 121 171 202 246
Kongrou 0.0015 199 59 253 109
Rouzaofun 0.2576 -1 84 259 196
Rouzaofun 0.2265 13 4 116 118
Rouzaofun 0.0812 50 90 199 212
Rouzaofun 0.0442 147 -13 241 58
Rouzaofun 0.0313 192 37 260 131
Rouzaofun 0.0112 -33 3 162 100
Rouzaofun 0.0099 175 48 277 110
Rouzaofun 0.0028 139 195 194 232
Rouzaofun 0.0028 207 57 255 112
Rouzaofun 0.0024 2 0 31 30
Rouzaofun 0.0023 121 171 202 246
Rouzaofun 0.0019 114 -29 273 74
Rice_with_Shredded_Chicken 0.1800 -1 84 259 196
Rice_with_Shredded_Chicken 0.0319 51 60 207 209
Rice_with_Shredded_Chicken 0.0283 13 4 116 118
Rice_with_Shredded_Chicken 0.0211 132 -12 236 56
Rice_with_Shredded_Chicken 0.0170 192 37 260 131
Rice_with_Shredded_Chicken 0.0068 175 48 277 110
Rice_with_Shredded_Chicken 0.0058 -33 3 162 100
Rice_with_Shredded_Chicken 0.0036 2 0 31 30
Rice_with_Shredded_Chicken 0.0025 139 195 194 232
Rice_with_Shredded_Chicken 0.0020 121 171 202 246
Rice_with_Shredded_Chicken 0.0013 199 59 253 109
Rice_with_Shredded_Chicken 0.0012 114 -29 273 74
migao 0.1531 13 4 116 118
migao 0.1503 -1 84 259 196
migao 0.0263 51 60 207 209
migao 0.0260 202 36 260 131
migao 0.0126 176 51 276 117
migao 0.0104 147 -13 241 58
migao 0.0091 -33 3 162 100
migao 0.0045 2 0 31 30
migao 0.0026 137 187 186 230
migao 0.0019 100 172 223 246
migao 0.0017 199 59 253 109
migao 0.0013 144 203 199 234
wagui 0.1382 13 4 116 118
wagui 0.0424 -1 84 259 196
wagui 0.0192 51 60 207 209
wagui 0.0187 192 37 260 131
wagui 0.0104 -33 3 162 100
wagui 0.0101 2 0 31 30
wagui 0.0074 175 48 277 110
wagui 0.0036 132 -12 236 56
wagui 0.0028 139 195 194 232
wagui 0.0021 121 171 202 246
wagui 0.0014 201 54 252 105
wagui 0.0012 76 192 118 215
