Kongrou 0.0034 84 -126 275 51
Kongrou 0.0033 -2 72 38 104
Kongrou 0.0025 117 131 210 272
Kongrou 0.0023 118 178 204 229
Kongrou 0.0022 94 171 168 218
Kongrou 0.0019 77 152 249 250
Kongrou 0.0018 4 -172 318 95
Kongrou 0.0018 120 -98 209 38
Kongrou 0.0018 184 50 255 116
Kongrou 0.0018 119 -52 201 -3
Kongrou 0.0017 168 116 263 204
Kongrou 0.0014 82 46 124 68
Kongrou 0.0014 -5 73 21 103
Kongrou 0.0012 138 174 183 227
Kongrou 0.0011 73 -77 254 17
Kongrou 0.0010 52 92 265 299
Kongrou 0.0010 24 -9 291 151
Kongrou 0.0010 43 25 162 89
Rouzaofun 0.0361 54 47 187 127
Rouzaofun 0.0291 28 38 242 144
Rouzaofun 0.0098 -2 72 29 104
Rouzaofun 0.0071 57 72 208 163
Rouzaofun 0.0040 0 73 36 125
Rouzaofun 0.0034 95 56 211 137
Rouzaofun 0.0026 118 178 204 229
Rouzaofun 0.0025 84 -126 275 51
Rouzaofun 0.0023 77 152 249 250
Rouzaofun 0.0021 4 -172 318 95
Rouzaofun 0.0020 119 -52 201 -3
Rouzaofun 0.0019 117 131 210 272
Rouzaofun 0.0018 56 -9 302 149
Rouzaofun 0.0017 138 174 183 227
Rouzaofun 0.0016 181 63 246 103
Rouzaofun 0.0015 168 116 263 204
Rouzaofun 0.0015 120 -98 209 38
Rouzaofun 0.0015 82 46 124 68
Rouzaofun 0.0013 43 25 162 89
Rouzaofun 0.0013 149 -23 241 89
Rouzaofun 0.0012 7 67 229 193
Rouzaofun 0.0012 -1 57 38 151
Rouzaofun 0.0011 116 52 216 72
Rouzaofun 0.0011 94 171 168 218
Rouzaofun 0.0010 73 -77 254 17
Rouzaofun 0.0010 -46 120 151 314
Rouzaofun 0.0010 -16 156 126 278
Rice_with_Shredded_Chicken 0.0095 -2 72 38 104
Rice_with_Shredded_Chicken 0.0086 64 83 201 172
Rice_with_Shredded_Chicken 0.0059 28 53 243 168
Rice_with_Shredded_Chicken 0.0031 52 -108 265 35
Rice_with_Shredded_Chicken 0.0028 4 -172 318 95
Rice_with_Shredded_Chicken 0.0027 -5 73 21 103
Rice_with_Shredded_Chicken 0.0025 118 178 204 229
Rice_with_Shredded_Chicken 0.0020 119 -52 201 -3
Rice_with_Shredded_Chicken 0.0018 77 152 249 250
Rice_with_Shredded_Chicken 0.0017 117 131 210 272
Rice_with_Shredded_Chicken 0.0016 -2 58 39 140
Rice_with_Shredded_Chicken 0.0015 -3 73 29 124
Rice_with_Shredded_Chicken 0.0015 120 -98 209 38
Rice_with_Shredded_Chicken 0.0014 54 56 189 137
Rice_with_Shredded_Chicken 0.0014 82 46 124 68
Rice_with_Shredded_Chicken 0.0014 138 174 183 227
Rice_with_Shredded_Chicken 0.0013 168 116 263 204
Rice_with_Shredded_Chicken 0.0012 177 49 251 117
Rice_with_Shredded_Chicken 0.0010 43 25 162 89
Rice_with_Shredded_Chicken 0.0010 116 52 216 72
migao 0.0158 -2 72 29 104
migao 0.0124 54 47 187 127
migao 0.0091 28 38 242 144
migao 0.0046 0 73 36 125
migao 0.0035 52 -108 265 35
migao 0.0031 118 178 204 229
migao 0.0025 117 131 210 272
migao 0.0025 4 -172 318 95
migao 0.0023 119 -52 201 -3
migao 0.0023 77 152 249 250
migao 0.0019 181 63 246 103
migao 0.0017 120 -98 209 38
migao 0.0017 82 46 124 68
migao 0.0016 138 174 183 227
migao 0.0015 56 -9 302 149
migao 0.0015 57 72 208 163
migao 0.0013 168 116 263 204
migao 0.0012 116 52 216 72
migao 0.0010 52 92 265 299
migao 0.0010 -41 121 146 313
migao 0.0010 43 25 162 89
migao 0.0010 -16 156 126 278
wagui 0.0291 -2 72 38 104
wagui 0.0133 64 83 201 172
wagui 0.0092 -5 73 21 103
wagui 0.0072 28 53 243 168
wagui 0.0056 54 47 187 127
wagui 0.0037 4 -172 318 95
wagui 0.0036 -3 73 29 124
wagui 0.0032 116 52 216 72
wagui 0.0031 181 63 246 103
wagui 0.0026 84 -126 275 51
wagui 0.0026 24 -9 291 151
wagui 0.0025 82 46 124 68
wagui 0.0021 117 131 210 272
wagui 0.0020 123 36 224 94
wagui 0.0019 -2 58 39 140
wagui 0.0018 119 -52 201 -3
wagui 0.0017 94 171 168 218
wagui 0.0017 77 152 249 250
wagui 0.0015 120 -98 209 38
wagui 0.0014 138 174 183 227
wagui 0.0013 118 178 204 229
wagui 0.0012 73 -77 254 17
wagui 0.0011 168 116 263 204
wagui 0.0011 -1 92 27 137
wagui 0.0010 43 25 162 89
wagui 0.0010 -24 -129 215 55
