Kongrou 0.0256 59 12 135 91
Kongrou 0.0217 149 5 215 77
Kongrou 0.0192 34 88 76 131
Kongrou 0.0170 151 95 224 166
Kongrou 0.0160 156 18 208 63
Kongrou 0.0102 89 104 126 147
Kongrou 0.0099 118 -45 203 -10
Kongrou 0.0092 122 -98 207 38
Kongrou 0.0073 86 89 151 162
Kongrou 0.0069 100 102 148 148
Kongrou 0.0060 52 -71 275 11
Kongrou 0.0047 76 24 129 79
Kongrou 0.0046 92 -123 265 50
Kongrou 0.0028 31 72 89 136
Kongrou 0.0020 154 102 209 148
Kongrou 0.0018 39 85 81 113
Kongrou 0.0015 104 -71 218 -5
Kongrou 0.0013 174 105 222 156
Rouzaofun 0.0786 151 9 213 83
Rouzaofun 0.0752 151 95 224 166
Rouzaofun 0.0723 34 88 76 131
Rouzaofun 0.0666 59 12 135 91
Rouzaofun 0.0372 86 89 151 162
Rouzaofun 0.0304 100 102 148 148
Rouzaofun 0.0290 89 104 126 147
Rouzaofun 0.0106 76 24 129 79
Rouzaofun 0.0094 31 72 89 136
Rouzaofun 0.0082 118 -45 203 -10
Rouzaofun 0.0067 122 -98 207 38
Rouzaofun 0.0060 156 15 207 56
Rouzaofun 0.0058 172 102 224 149
Rouzaofun 0.0050 52 -71 275 11
Rouzaofun 0.0039 69 -165 290 91
Rouzaofun 0.0038 39 85 81 113
Rouzaofun 0.0030 91 -113 269 42
Rouzaofun 0.0026 20 8 255 174
Rouzaofun 0.0022 112 119 146 152
Rouzaofun 0.0014 50 -16 179 155
Rouzaofun 0.0013 101 -62 135 25
Rouzaofun 0.0013 137 -62 185 26
Rouzaofun 0.0013 124 18 229 74
Rouzaofun 0.0012 169 27 216 76
Rouzaofun 0.0010 104 -71 218 -5
Rouzaofun 0.0010 104 100 338 292
Rouzaofun 0.0010 256 1 277 48
Rice_with_Shredded_Chicken 0.0884 34 88 76 131
Rice_with_Shredded_Chicken 0.0611 151 9 213 83
Rice_with_Shredded_Chicken 0.0521 151 95 224 166
Rice_with_Shredded_Chicken 0.0491 59 12 135 91
Rice_with_Shredded_Chicken 0.0258 89 104 126 147
Rice_with_Shredded_Chicken 0.0257 86 89 151 162
Rice_with_Shredded_Chicken 0.0179 100 102 148 148
Rice_with_Shredded_Chicken 0.0071 122 -98 207 38
Rice_with_Shredded_Chicken 0.0068 118 -45 203 -10
Rice_with_Shredded_Chicken 0.0063 31 72 89 136
Rice_with_Shredded_Chicken 0.0059 76 24 129 79
Rice_with_Shredded_Chicken 0.0049 52 -71 275 11
Rice_with_Shredded_Chicken 0.0048 156 15 207 56
Rice_with_Shredded_Chicken 0.0047 69 -165 290 91
Rice_with_Shredded_Chicken 0.0038 154 102 209 148
Rice_with_Shredded_Chicken 0.0038 91 -113 269 42
Rice_with_Shredded_Chicken 0.0033 39 85 81 113
Rice_with_Shredded_Chicken 0.0023 174 105 222 156
Rice_with_Shredded_Chicken 0.0015 20 8 255 174
Rice_with_Shredded_Chicken 0.0012 112 119 146 152
Rice_with_Shredded_Chicken 0.0011 137 -62 185 26
Rice_with_Shredded_Chicken 0.0011 256 1 277 48
Rice_with_Shredded_Chicken 0.0011 50 -16 179 155
Rice_with_Shredded_Chicken 0.0010 104 -71 218 -5
migao 0.1255 34 88 76 131
migao 0.0772 151 9 213 83
migao 0.0576 151 95 224 166
migao 0.0555 59 12 135 91
migao 0.0491 89 104 126 147
migao 0.0313 100 102 148 148
migao 0.0281 86 89 151 162
migao 0.0104 118 -45 203 -10
migao 0.0080 122 -98 207 38
migao 0.0072 76 24 129 79
migao 0.0063 31 72 89 136
migao 0.0060 156 15 207 56
migao 0.0057 52 -71 275 11
migao 0.0052 154 102 209 148
migao 0.0043 39 85 81 113
migao 0.0041 91 -113 269 42
migao 0.0040 174 105 222 156
migao 0.0039 69 -165 290 91
migao 0.0024 112 119 146 152
migao 0.0018 137 -62 185 26
migao 0.0017 101 -62 135 25
migao 0.0014 256 1 277 48
migao 0.0013 18 -6 254 187
migao 0.0013 104 -71 218 -5
migao 0.0011 124 18 229 74
migao 0.0010 114 -67 143 30
migao 0.0010 160 37 215 76
wagui 0.2090 34 88 76 131
wagui 0.0934 89 104 126 147
wagui 0.0761 149 5 215 77
wagui 0.0670 156 18 208 63
wagui 0.0581 151 95 224 166
wagui 0.0546 59 12 135 91
wagui 0.0424 100 102 148 148
wagui 0.0368 86 89 151 162
wagui 0.0098 39 85 81 113
wagui 0.0094 31 72 89 136
wagui 0.0080 154 102 209 148
wagui 0.0078 118 -45 203 -10
wagui 0.0061 76 24 129 79
wagui 0.0057 52 -71 275 11
wagui 0.0056 122 -98 207 38
wagui 0.0044 69 -165 290 91
wagui 0.0038 112 119 146 152
wagui 0.0034 91 -113 269 42
wagui 0.0032 174 105 222 156
wagui 0.0025 256 1 277 48
wagui 0.0022 18 -6 254 187
wagui 0.0014 160 37 215 76
wagui 0.0012 78 -62 164 -15
wagui 0.0012 250 0 273 29
wagui 0.0011 50 -16 179 155
wagui 0.0010 66 20 129 51
wagui 0.0010 163 99 221 131
wagui 0.0010 85 96 141 134
