Kongrou 0.0049 35 46 327 242
Kongrou 0.0048 545 149 795 390
Kongrou 0.0044 101 208 682 568
Kongrou 0.0030 295 28 540 197
Kongrou 0.0018 224 119 563 598
Rouzaofun 0.0961 54 -13 291 283
Rouzaofun 0.0295 528 96 764 425
Rouzaofun 0.0241 229 146 557 627
Rouzaofun 0.0196 101 208 682 568
Rouzaofun 0.0129 295 28 540 197
Rouzaofun 0.0050 482 189 856 351
Rouzaofun 0.0027 -65 59 395 228
Rouzaofun 0.0024 573 202 766 338
Rouzaofun 0.0021 -97 -30 384 304
Rouzaofun 0.0018 43 82 319 207
Rice_with_Shredded_Chicken 0.1199 54 -13 291 283
Rice_with_Shredded_Chicken 0.0589 528 96 764 425
Rice_with_Shredded_Chicken 0.0578 229 146 557 627
Rice_with_Shredded_Chicken 0.0398 101 208 682 568
Rice_with_Shredded_Chicken 0.0074 295 28 540 197
Rice_with_Shredded_Chicken 0.0028 482 189 856 351
Rice_with_Shredded_Chicken 0.0018 -97 -30 384 304
Rice_with_Shredded_Chicken 0.0015 -65 59 395 228
Rice_with_Shredded_Chicken 0.0011 564 202 743 338
migao 0.0332 54 -13 291 283
migao 0.0111 545 149 795 390
migao 0.0082 229 146 557 627
migao 0.0075 101 208 682 568
migao 0.0074 295 28 540 197
migao 0.0019 -65 59 395 228
migao 0.0016 564 202 743 338
migao 0.0013 462 205 846 366
migao 0.0012 43 82 319 207
wagui 0.0077 54 -13 291 283
wagui 0.0065 545 149 795 390
wagui 0.0050 295 28 540 197
wagui 0.0034 101 208 682 568
wagui 0.0020 229 146 557 627
wagui 0.0010 15 569 455 768
wagui 0.0010 393 642 537 747
