Kongrou 0.0162 190 16 1009 781
Kongrou 0.0034 361 31 722 326
Kongrou 0.0028 515 -231 890 -15
Kongrou 0.0028 271 76 789 676
Kongrou 0.0028 513 -430 922 166
Kongrou 0.0024 553 126 971 714
Kongrou 0.0022 295 -551 1075 229
Kongrou 0.0016 61 -669 1342 335
Kongrou 0.0013 503 807 809 978
Kongrou 0.0012 506 608 836 1149
Rouzaofun 0.3051 166 32 1033 751
Rouzaofun 0.0181 271 76 789 676
Rouzaofun 0.0037 30 -89 385 376
Rouzaofun 0.0029 515 -231 890 -15
Rouzaofun 0.0023 513 -430 922 166
Rouzaofun 0.0019 295 -551 1075 229
Rouzaofun 0.0018 361 31 722 326
Rouzaofun 0.0017 61 -669 1342 335
Rouzaofun 0.0013 387 164 1133 680
Rouzaofun 0.0011 503 807 809 978
Rice_with_Shredded_Chicken 0.1497 166 32 1033 751
Rice_with_Shredded_Chicken 0.0300 30 -89 385 376
Rice_with_Shredded_Chicken 0.0031 515 -231 890 -15
Rice_with_Shredded_Chicken 0.0029 211 -493 1177 174
Rice_with_Shredded_Chicken 0.0023 513 -430 922 166
Rice_with_Shredded_Chicken 0.0015 361 31 722 326
Rice_with_Shredded_Chicken 0.0014 271 76 789 676
Rice_with_Shredded_Chicken 0.0012 -139 -91 552 390
migao 0.2187 166 32 1033 751
migao 0.0054 271 76 789 676
migao 0.0050 30 -89 385 376
migao 0.0036 515 -231 890 -15
migao 0.0031 211 -493 1177 174
migao 0.0031 361 31 722 326
migao 0.0026 513 -430 922 166
migao 0.0015 503 807 809 978
migao 0.0012 506 608 836 1149
migao 0.0011 387 164 1133 680
wagui 0.0387 30 -89 385 376
wagui 0.0102 166 32 1033 751
wagui 0.0029 361 31 722 326
wagui 0.0027 61 -669 1342 335
wagui 0.0023 515 -231 890 -15
wagui 0.0023 513 -430 922 166
wagui 0.0019 295 -551 1075 229
wagui 0.0014 -139 -91 552 390
