Kongrou 0.0115 126 84 208 188
Kongrou 0.0059 -3 38 219 189
Kongrou 0.0014 28 4 190 150
Rouzaofun 0.5046 -3 38 219 189
Rouzaofun 0.0117 -1 25 188 132
Rouzaofun 0.0047 82 38 182 128
Rouzaofun 0.0029 58 74 154 162
Rouzaofun 0.0027 8 20 99 111
Rouzaofun 0.0024 71 14 221 145
Rouzaofun 0.0020 101 89 231 183
Rouzaofun 0.0015 16 59 178 160
Rice_with_Shredded_Chicken 0.0849 -3 38 219 189
Rice_with_Shredded_Chicken 0.0020 28 4 190 150
Rice_with_Shredded_Chicken 0.0020 126 84 208 188
migao 0.1158 -3 38 219 189
migao 0.0035 126 84 208 188
migao 0.0031 28 4 190 150
migao 0.0011 82 38 182 128
migao 0.0010 -15 24 105 124
wagui 0.0550 -3 38 219 189
wagui 0.0062 126 84 208 188
wagui 0.0011 28 4 190 150
