Kongrou 0.0480 51 8 246 184
Kongrou 0.0028 105 183 178 222
Kongrou 0.0015 115 174 168 250
Kongrou 0.0014 106 130 182 271
Kongrou 0.0012 52 158 237 242
Kongrou 0.0010 144 -37 179 7
Kongrou 0.0010 116 26 232 157
Kongrou 0.0010 1 162 126 240
Kongrou 0.0010 63 16 165 167
Rouzaofun 0.4465 45 20 249 172
Rouzaofun 0.0021 63 16 165 167
Rouzaofun 0.0020 116 26 232 157
Rouzaofun 0.0016 105 183 178 222
Rouzaofun 0.0016 9 163 138 239
Rouzaofun 0.0016 115 174 168 250
Rouzaofun 0.0015 68 179 138 242
Rouzaofun 0.0015 144 -37 179 7
Rouzaofun 0.0012 123 -54 200 24
Rouzaofun 0.0011 110 141 180 280
Rouzaofun 0.0011 52 158 237 242
Rice_with_Shredded_Chicken 0.0217 45 20 249 172
Rice_with_Shredded_Chicken 0.0018 115 174 168 250
Rice_with_Shredded_Chicken 0.0015 9 163 138 239
Rice_with_Shredded_Chicken 0.0013 144 -37 179 7
Rice_with_Shredded_Chicken 0.0011 68 179 138 242
Rice_with_Shredded_Chicken 0.0011 110 141 180 280
Rice_with_Shredded_Chicken 0.0010 75 161 215 259
migao 0.2629 45 20 249 172
migao 0.0030 105 183 178 222
migao 0.0025 115 174 168 250
migao 0.0015 106 130 182 271
migao 0.0015 144 -37 179 7
migao 0.0012 52 158 237 242
migao 0.0010 123 -54 200 24
wagui 0.0197 45 20 249 172
wagui 0.0014 105 183 178 222
wagui 0.0011 144 -37 179 7
wagui 0.0011 110 141 180 280
wagui 0.0011 52 158 237 242
wagui 0.0010 115 174 168 250
wagui 0.0010 1 162 126 240
