Kongrou 0.3710 23 -8 252 189
Kongrou 0.0100 118 -50 203 -5
Kongrou 0.0077 119 -97 210 36
Kongrou 0.0065 82 17 224 174
Kongrou 0.0049 65 -77 262 17
Kongrou 0.0025 50 11 255 119
Kongrou 0.0021 75 -133 283 60
Kongrou 0.0018 12 148 122 235
Kongrou 0.0014 99 -59 137 21
Kongrou 0.0011 131 -64 190 28
Kongrou 0.0011 29 -50 216 12
Kongrou 0.0010 104 -74 219 -3
Rouzaofun 0.0710 47 0 222 184
Rouzaofun 0.0087 118 -50 203 -5
Rouzaofun 0.0065 119 -97 210 36
Rouzaofun 0.0042 65 -77 262 17
Rouzaofun 0.0028 99 -59 137 21
Rouzaofun 0.0017 68 -128 244 54
Rouzaofun 0.0016 15 -165 307 88
Rouzaofun 0.0016 29 -50 216 12
Rouzaofun 0.0015 12 148 122 235
Rouzaofun 0.0011 131 -64 190 28
Rouzaofun 0.0011 151 204 181 237
Rouzaofun 0.0011 93 16 256 156
Rice_with_Shredded_Chicken 0.0218 47 0 222 184
Rice_with_Shredded_Chicken 0.0096 118 -50 203 -5
Rice_with_Shredded_Chicken 0.0062 119 -97 210 36
Rice_with_Shredded_Chicken 0.0043 65 -77 262 17
Rice_with_Shredded_Chicken 0.0022 15 -165 307 88
Rice_with_Shredded_Chicken 0.0019 68 -128 244 54
Rice_with_Shredded_Chicken 0.0016 99 -59 137 21
Rice_with_Shredded_Chicken 0.0016 131 -64 190 28
Rice_with_Shredded_Chicken 0.0014 12 148 122 235
Rice_with_Shredded_Chicken 0.0013 29 -50 216 12
Rice_with_Shredded_Chicken 0.0013 151 204 181 237
migao 0.2526 36 0 236 180
migao 0.0108 118 -50 203 -5
migao 0.0073 119 -97 210 36
migao 0.0048 65 -77 262 17
migao 0.0034 99 -59 137 21
migao 0.0019 15 -165 307 88
migao 0.0018 131 -64 190 28
migao 0.0016 29 -50 216 12
migao 0.0016 12 148 122 235
migao 0.0013 68 -128 244 54
migao 0.0012 87 -11 218 141
migao 0.0011 151 204 181 237
migao 0.0010 104 -74 219 -3
wagui 0.4701 36 0 236 180
wagui 0.0078 118 -50 203 -5
wagui 0.0058 119 -97 210 36
wagui 0.0047 65 -77 262 17
wagui 0.0038 87 -11 218 141
wagui 0.0028 15 -165 307 88
wagui 0.0025 99 -59 137 21
wagui 0.0019 27 44 52 69
wagui 0.0017 78 -63 164 -13
wagui 0.0014 151 204 181 237
wagui 0.0014 68 -128 244 54
wagui 0.0014 131 -64 190 28
wagui 0.0012 29 -50 216 12
