Kongrou 0.0174 30 21 122 105
Kongrou 0.0173 15 45 188 204
Kongrou 0.0021 -15 17 167 109
Kongrou 0.0013 -114 -91 121 225
Kongrou 0.0012 -91 -7 98 140
Kongrou 0.0010 -8 -27 176 159
Rouzaofun 0.8179 1 57 199 195
Rouzaofun 0.0035 16 53 136 168
Rouzaofun 0.0019 30 21 122 105
Rouzaofun 0.0018 28 76 173 251
Rouzaofun 0.0017 21 21 254 225
Rouzaofun 0.0012 -15 17 167 109
Rouzaofun 0.0011 -91 -7 98 140
Rouzaofun 0.0010 -114 -91 121 225
Rice_with_Shredded_Chicken 0.0517 15 45 188 204
Rice_with_Shredded_Chicken 0.0013 30 21 122 105
Rice_with_Shredded_Chicken 0.0011 -114 -91 121 225
migao 0.1927 1 57 199 195
migao 0.0042 30 21 122 105
migao 0.0015 -15 17 167 109
migao 0.0012 -114 -91 121 225
wagui 0.0520 -2 52 203 199
wagui 0.0244 30 21 122 105
wagui 0.0035 -15 17 167 109
wagui 0.0010 -91 -7 98 140
wagui 0.0010 -114 -91 121 225
