Kongrou 0.0090 127 79 896 684
Kongrou 0.0064 654 -72 963 326
Kongrou 0.0028 712 -15 1039 251
Kongrou 0.0011 526 31 1106 243
Rouzaofun 0.0319 117 48 892 711
Rouzaofun 0.0254 654 -72 963 326
Rouzaofun 0.0051 712 -15 1039 251
Rouzaofun 0.0026 526 31 1106 243
Rouzaofun 0.0014 729 59 983 217
Rouzaofun 0.0010 447 661 675 1021
Rice_with_Shredded_Chicken 0.3836 117 48 892 711
Rice_with_Shredded_Chicken 0.0193 654 -72 963 326
Rice_with_Shredded_Chicken 0.0024 348 119 789 688
Rice_with_Shredded_Chicken 0.0024 712 -15 1039 251
Rice_with_Shredded_Chicken 0.0017 526 31 1106 243
Rice_with_Shredded_Chicken 0.0011 447 661 675 1021
Rice_with_Shredded_Chicken 0.0010 -286 -370 377 174
migao 0.0629 117 48 892 711
migao 0.0165 654 -72 963 326
migao 0.0033 712 -15 1039 251
migao 0.0019 526 31 1106 243
migao 0.0015 447 661 675 1021
migao 0.0010 729 59 983 217
wagui 0.0233 117 48 892 711
wagui 0.0042 666 -7 1007 282
wagui 0.0013 526 31 1106 243
