Kongrou 0.3686 19 38 129 143
Kongrou 0.0430 -26 45 175 158
Kongrou 0.0049 150 2 252 109
Kongrou 0.0046 128 -71 221 -20
Kongrou 0.0034 111 182 215 231
Kongrou 0.0033 128 -119 229 22
Kongrou 0.0027 116 138 217 269
Kongrou 0.0026 165 37 265 124
Kongrou 0.0025 51 145 281 261
Kongrou 0.0021 75 -99 280 2
Kongrou 0.0021 78 -154 262 42
Kongrou 0.0016 8 -196 341 81
Kongrou 0.0016 113 13 311 119
Kongrou 0.0014 166 -8 281 142
Kongrou 0.0010 130 33 288 94
Rouzaofun 0.2827 157 -4 267 139
Rouzaofun 0.0325 113 13 311 119
Rouzaofun 0.0236 22 48 126 152
Rouzaofun 0.0143 -26 45 175 158
Rouzaofun 0.0058 152 18 255 97
Rouzaofun 0.0046 128 -71 221 -20
Rouzaofun 0.0042 139 41 291 108
Rouzaofun 0.0038 111 182 215 231
Rouzaofun 0.0029 51 145 281 261
Rouzaofun 0.0028 128 -119 229 22
Rouzaofun 0.0020 75 -99 280 2
Rouzaofun 0.0019 116 138 217 269
Rouzaofun 0.0019 78 -154 262 42
Rouzaofun 0.0018 -27 67 170 117
Rouzaofun 0.0018 8 -196 341 81
Rouzaofun 0.0012 169 53 250 97
Rice_with_Shredded_Chicken 0.0371 22 48 126 152
Rice_with_Shredded_Chicken 0.0205 158 3 267 149
Rice_with_Shredded_Chicken 0.0179 -26 45 175 158
Rice_with_Shredded_Chicken 0.0109 113 13 311 119
Rice_with_Shredded_Chicken 0.0047 128 -71 221 -20
Rice_with_Shredded_Chicken 0.0030 111 182 215 231
Rice_with_Shredded_Chicken 0.0026 128 -119 229 22
Rice_with_Shredded_Chicken 0.0026 58 -134 286 24
Rice_with_Shredded_Chicken 0.0025 132 37 287 101
Rice_with_Shredded_Chicken 0.0025 8 -196 341 81
Rice_with_Shredded_Chicken 0.0025 51 145 281 261
Rice_with_Shredded_Chicken 0.0019 -16 -157 221 47
Rice_with_Shredded_Chicken 0.0018 116 138 217 269
Rice_with_Shredded_Chicken 0.0013 -27 67 170 117
Rice_with_Shredded_Chicken 0.0010 150 18 258 86
migao 0.1577 22 48 126 152
migao 0.1372 157 -4 267 139
migao 0.0443 -26 45 175 158
migao 0.0293 113 13 311 119
migao 0.0048 128 -71 221 -20
migao 0.0047 111 182 215 231
migao 0.0034 132 37 287 101
migao 0.0030 51 145 281 261
migao 0.0030 128 -119 229 22
migao 0.0028 58 -134 286 24
migao 0.0027 116 138 217 269
migao 0.0021 8 -196 341 81
migao 0.0016 -27 67 170 117
migao 0.0014 157 18 261 86
migao 0.0011 167 46 274 127
migao 0.0010 -16 -157 221 47
wagui 0.1325 19 38 129 143
wagui 0.0502 157 -4 267 139
wagui 0.0244 -30 35 178 145
wagui 0.0177 113 13 311 119
wagui 0.0031 128 -71 221 -20
wagui 0.0030 8 -196 341 81
wagui 0.0026 128 -119 229 22
wagui 0.0023 -16 -157 221 47
wagui 0.0021 152 18 255 97
wagui 0.0021 75 -99 280 2
wagui 0.0020 51 145 281 261
wagui 0.0020 139 41 291 108
wagui 0.0019 116 138 217 269
wagui 0.0017 111 182 215 231
wagui 0.0016 78 -154 262 42
wagui 0.0011 86 -84 177 -31
wagui 0.0010 -27 67 170 117
