Kongrou 0.0079 126 214 318 466
Kongrou 0.0058 348 -186 588 -59
Kongrou 0.0044 299 489 575 618
Kongrou 0.0040 238 452 468 596
Kongrou 0.0039 353 -307 604 50
Kongrou 0.0029 211 -263 741 5
Kongrou 0.0027 303 356 592 736
Kongrou 0.0027 252 -382 793 94
Kongrou 0.0027 167 398 724 691
Kongrou 0.0017 441 234 1078 719
Kongrou 0.0017 339 3 677 356
Kongrou 0.0015 21 -534 917 226
Rouzaofun 0.0118 126 214 318 466
Rouzaofun 0.0057 348 -186 588 -59
Rouzaofun 0.0039 299 489 575 618
Rouzaofun 0.0031 353 -307 604 50
Rouzaofun 0.0028 167 398 724 691
Rouzaofun 0.0025 211 -263 741 5
Rouzaofun 0.0024 167 -26 753 473
Rouzaofun 0.0020 303 356 592 736
Rouzaofun 0.0018 242 -426 801 128
Rouzaofun 0.0016 21 -534 917 226
Rouzaofun 0.0015 350 9 664 409
Rouzaofun 0.0014 65 248 411 431
Rouzaofun 0.0011 478 353 776 619
Rice_with_Shredded_Chicken 0.0086 167 -26 753 473
Rice_with_Shredded_Chicken 0.0067 126 214 318 466
Rice_with_Shredded_Chicken 0.0052 348 -186 588 -59
Rice_with_Shredded_Chicken 0.0037 350 9 664 409
Rice_with_Shredded_Chicken 0.0031 299 489 575 618
Rice_with_Shredded_Chicken 0.0031 353 -307 604 50
Rice_with_Shredded_Chicken 0.0026 152 -363 770 67
Rice_with_Shredded_Chicken 0.0024 21 -534 917 226
Rice_with_Shredded_Chicken 0.0023 167 398 724 691
Rice_with_Shredded_Chicken 0.0019 303 356 592 736
Rice_with_Shredded_Chicken 0.0016 540 213 991 724
Rice_with_Shredded_Chicken 0.0011 65 248 411 431
Rice_with_Shredded_Chicken 0.0010 478 353 776 619
Rice_with_Shredded_Chicken 0.0010 327 154 1193 801
migao 0.0094 126 214 318 466
migao 0.0063 348 -186 588 -59
migao 0.0051 299 489 575 618
migao 0.0035 353 -307 604 50
migao 0.0030 211 -263 741 5
migao 0.0029 167 398 724 691
migao 0.0027 303 356 592 736
migao 0.0022 252 -382 793 94
migao 0.0019 21 -534 917 226
migao 0.0014 441 234 1078 719
migao 0.0013 167 -26 753 473
migao 0.0013 238 452 468 596
migao 0.0013 65 248 411 431
wagui 0.0069 126 214 318 466
wagui 0.0034 348 -186 588 -59
wagui 0.0033 238 452 468 596
wagui 0.0028 21 -534 917 226
wagui 0.0028 353 -307 604 50
wagui 0.0025 211 -263 741 5
wagui 0.0020 242 -426 801 128
wagui 0.0019 167 398 724 691
wagui 0.0019 303 356 592 736
wagui 0.0018 299 489 575 618
wagui 0.0015 540 213 991 724
wagui 0.0010 231 -228 475 -79
wagui 0.0010 65 248 411 431
