Kongrou 0.0234 149 -1 217 83
Kongrou 0.0180 129 17 238 73
Kongrou 0.0059 -1 150 40 233
Kongrou 0.0050 -23 22 119 124
Kongrou 0.0037 0 139 56 211
Kongrou 0.0037 67 68 193 224
Kongrou 0.0026 6 3 88 110
Kongrou 0.0025 -15 164 54 220
Kongrou 0.0023 211 97 225 157
Kongrou 0.0020 160 25 207 65
Kongrou 0.0014 48 -2 120 15
Kongrou 0.0013 -13 150 78 199
Kongrou 0.0012 2 164 36 212
Kongrou 0.0010 204 81 232 173
Rouzaofun 0.1950 56 93 205 229
Rouzaofun 0.0460 140 -15 214 109
Rouzaofun 0.0337 6 16 90 129
Rouzaofun 0.0300 129 17 238 73
Rouzaofun 0.0227 -1 150 40 233
Rouzaofun 0.0150 0 139 56 211
Rouzaofun 0.0148 154 8 221 90
Rouzaofun 0.0078 211 97 225 157
Rouzaofun 0.0068 -15 164 54 220
Rouzaofun 0.0044 -13 150 78 199
Rouzaofun 0.0036 204 81 232 173
Rouzaofun 0.0031 74 95 160 207
Rouzaofun 0.0029 160 25 207 65
Rouzaofun 0.0028 17 145 64 230
Rouzaofun 0.0023 2 164 36 212
Rouzaofun 0.0022 6 155 49 194
Rouzaofun 0.0022 102 2 237 92
Rouzaofun 0.0021 48 -2 120 15
Rouzaofun 0.0017 103 84 199 201
Rouzaofun 0.0016 49 -8 132 33
Rouzaofun 0.0013 123 2 244 53
Rouzaofun 0.0010 -11 37 237 220
Rouzaofun 0.0010 -18 42 113 138
Rice_with_Shredded_Chicken 0.0851 56 93 205 229
Rice_with_Shredded_Chicken 0.0538 13 15 99 130
Rice_with_Shredded_Chicken 0.0236 151 1 216 89
Rice_with_Shredded_Chicken 0.0224 129 17 238 73
Rice_with_Shredded_Chicken 0.0104 -1 150 40 233
Rice_with_Shredded_Chicken 0.0102 211 97 225 157
Rice_with_Shredded_Chicken 0.0082 0 139 56 211
Rice_with_Shredded_Chicken 0.0045 49 -8 132 33
Rice_with_Shredded_Chicken 0.0042 -15 164 54 220
Rice_with_Shredded_Chicken 0.0028 204 81 232 173
Rice_with_Shredded_Chicken 0.0026 -13 150 78 199
Rice_with_Shredded_Chicken 0.0015 160 25 207 65
Rice_with_Shredded_Chicken 0.0015 102 2 237 92
Rice_with_Shredded_Chicken 0.0014 48 -2 120 15
Rice_with_Shredded_Chicken 0.0014 6 155 49 194
Rice_with_Shredded_Chicken 0.0014 17 145 64 230
Rice_with_Shredded_Chicken 0.0012 2 164 36 212
migao 0.0749 56 93 205 229
migao 0.0352 151 1 216 89
migao 0.0319 129 17 238 73
migao 0.0152 13 15 99 130
migao 0.0141 -1 150 40 233
migao 0.0131 211 97 225 157
migao 0.0075 0 139 56 211
migao 0.0057 -15 164 54 220
migao 0.0029 -13 150 78 199
migao 0.0024 48 -2 120 15
migao 0.0021 204 81 232 173
migao 0.0018 160 25 207 65
migao 0.0017 2 164 36 212
migao 0.0016 6 155 49 194
migao 0.0013 102 2 237 92
migao 0.0012 123 2 244 53
migao 0.0012 17 145 64 230
wagui 0.0604 13 15 99 130
wagui 0.0337 140 -15 214 109
wagui 0.0238 129 17 238 73
wagui 0.0184 211 97 225 157
wagui 0.0168 56 93 205 229
wagui 0.0097 -1 150 40 233
wagui 0.0076 154 8 221 90
wagui 0.0065 0 139 56 211
wagui 0.0042 48 -2 120 15
wagui 0.0040 -15 164 54 220
wagui 0.0036 49 -8 132 33
wagui 0.0026 204 81 232 173
wagui 0.0023 -13 150 78 199
wagui 0.0021 102 2 237 92
wagui 0.0015 160 25 207 65
wagui 0.0014 6 155 49 194
wagui 0.0012 2 164 36 212
wagui 0.0012 215 104 230 159
wagui 0.0010 123 2 244 53
wagui 0.0010 79 -6 124 10
