Kongrou 0.2479 12 106 529 484
Kongrou 0.1017 128 119 391 482
Kongrou 0.0036 413 41 608 228
Kongrou 0.0029 -7 88 167 256
Kongrou 0.0013 139 -60 379 124
Kongrou 0.0012 181 3 397 144
Kongrou 0.0010 308 490 417 569
Kongrou 0.0010 422 106 599 188
Kongrou 0.0010 325 55 646 190
Rouzaofun 0.2696 402 11 606 246
Rouzaofun 0.0155 12 106 529 484
Rouzaofun 0.0080 316 43 691 264
Rouzaofun 0.0047 128 119 391 482
Rouzaofun 0.0046 -7 88 167 256
Rouzaofun 0.0026 181 3 397 144
Rouzaofun 0.0015 422 106 599 188
Rouzaofun 0.0015 308 490 417 569
Rouzaofun 0.0013 10 126 124 243
Rouzaofun 0.0011 199 32 379 115
Rice_with_Shredded_Chicken 0.1770 402 11 606 246
Rice_with_Shredded_Chicken 0.0343 12 106 529 484
Rice_with_Shredded_Chicken 0.0174 128 119 391 482
Rice_with_Shredded_Chicken 0.0072 316 43 691 264
Rice_with_Shredded_Chicken 0.0022 -7 88 167 256
Rice_with_Shredded_Chicken 0.0014 308 490 417 569
Rice_with_Shredded_Chicken 0.0012 181 3 397 144
Rice_with_Shredded_Chicken 0.0011 139 -60 379 124
migao 0.1026 12 106 529 484
migao 0.0538 402 11 606 246
migao 0.0273 128 119 391 482
migao 0.0040 -7 88 167 256
migao 0.0033 346 61 650 209
migao 0.0018 275 12 687 244
migao 0.0015 308 490 417 569
migao 0.0014 181 3 397 144
migao 0.0012 275 419 425 631
migao 0.0012 10 126 124 243
migao 0.0012 422 106 599 188
wagui 0.0187 12 106 529 484
wagui 0.0180 402 11 606 246
wagui 0.0059 128 119 391 482
wagui 0.0033 -7 88 167 256
wagui 0.0020 359 61 662 208
wagui 0.0013 308 490 417 569
wagui 0.0012 10 126 124 243
wagui 0.0011 -5 436 323 606
wagui 0.0011 181 3 397 144
wagui 0.0010 225 421 390 537
