Kongrou 0.3617 41 -3 502 414
Kongrou 0.0656 153 146 560 434
Kongrou 0.0155 162 -21 450 245
Kongrou 0.0057 269 115 511 403
Kongrou 0.0044 299 415 409 495
Kongrou 0.0042 91 58 478 290
Kongrou 0.0030 269 378 438 532
Kongrou 0.0017 217 190 490 339
Kongrou 0.0013 272 175 434 375
Kongrou 0.0011 257 304 400 596
Kongrou 0.0011 296 431 370 499
Rouzaofun 0.0225 41 -3 502 414
Rouzaofun 0.0053 299 415 409 495
Rouzaofun 0.0040 269 378 438 532
Rouzaofun 0.0031 153 146 560 434
Rouzaofun 0.0025 95 35 515 271
Rouzaofun 0.0023 217 190 490 339
Rouzaofun 0.0014 272 175 434 375
Rouzaofun 0.0014 296 431 370 499
Rouzaofun 0.0012 160 -12 452 195
Rice_with_Shredded_Chicken 0.0260 41 -3 502 414
Rice_with_Shredded_Chicken 0.0050 299 415 409 495
Rice_with_Shredded_Chicken 0.0035 269 378 438 532
Rice_with_Shredded_Chicken 0.0029 153 146 560 434
Rice_with_Shredded_Chicken 0.0023 95 35 515 271
Rice_with_Shredded_Chicken 0.0016 296 431 370 499
Rice_with_Shredded_Chicken 0.0015 217 190 490 339
migao 0.1534 41 -3 502 414
migao 0.0214 153 146 560 434
migao 0.0053 95 35 515 271
migao 0.0050 299 415 409 495
migao 0.0031 269 378 438 532
migao 0.0022 160 -12 452 195
migao 0.0021 217 190 490 339
migao 0.0015 296 431 370 499
migao 0.0012 269 115 511 403
migao 0.0011 257 304 400 596
migao 0.0010 272 175 434 375
wagui 0.0215 41 -3 502 414
wagui 0.0049 299 415 409 495
wagui 0.0042 153 146 560 434
wagui 0.0033 269 378 438 532
wagui 0.0016 296 431 370 499
wagui 0.0016 217 190 490 339
wagui 0.0013 95 35 515 271
wagui 0.0010 223 -18 474 239
