Kongrou 0.0041 141 2 270 169
Kongrou 0.0041 116 -51 205 -5
Kongrou 0.0037 118 -98 211 38
Kongrou 0.0032 88 -129 270 55
Kongrou 0.0025 65 -77 262 16
Kongrou 0.0019 32 18 110 117
Kongrou 0.0018 5 -175 317 98
Kongrou 0.0014 -18 -9 209 232
Kongrou 0.0014 -1 29 133 95
Kongrou 0.0013 116 134 211 269
Kongrou 0.0012 123 177 198 231
Kongrou 0.0011 44 11 227 171
Rouzaofun 0.1414 134 24 256 169
Rouzaofun 0.0044 116 -51 205 -5
Rouzaofun 0.0038 94 59 296 175
Rouzaofun 0.0031 118 -98 211 38
Rouzaofun 0.0028 -2 -13 277 195
Rouzaofun 0.0027 32 18 110 117
Rouzaofun 0.0024 65 -77 262 16
Rouzaofun 0.0023 80 -152 278 78
Rouzaofun 0.0020 -1 29 133 95
Rouzaofun 0.0020 44 11 227 171
Rouzaofun 0.0015 146 204 175 237
Rouzaofun 0.0011 123 177 198 231
Rouzaofun 0.0010 116 134 211 269
Rice_with_Shredded_Chicken 0.0301 96 30 294 162
Rice_with_Shredded_Chicken 0.0095 130 37 240 176
Rice_with_Shredded_Chicken 0.0043 116 -51 205 -5
Rice_with_Shredded_Chicken 0.0031 47 -111 271 38
Rice_with_Shredded_Chicken 0.0030 20 0 115 150
Rice_with_Shredded_Chicken 0.0029 5 -175 317 98
Rice_with_Shredded_Chicken 0.0029 118 -98 211 38
Rice_with_Shredded_Chicken 0.0019 146 204 175 237
Rice_with_Shredded_Chicken 0.0018 -2 -13 277 195
Rice_with_Shredded_Chicken 0.0016 44 11 227 171
Rice_with_Shredded_Chicken 0.0014 -1 29 133 95
Rice_with_Shredded_Chicken 0.0013 32 32 110 123
Rice_with_Shredded_Chicken 0.0012 123 177 198 231
Rice_with_Shredded_Chicken 0.0010 116 134 211 269
migao 0.0421 96 30 294 162
migao 0.0119 130 37 240 176
migao 0.0052 116 -51 205 -5
migao 0.0034 47 -111 271 38
migao 0.0034 118 -98 211 38
migao 0.0024 5 -175 317 98
migao 0.0021 32 18 110 117
migao 0.0021 -1 29 133 95
migao 0.0017 146 204 175 237
migao 0.0015 -2 -13 277 195
migao 0.0014 123 177 198 231
migao 0.0014 44 11 227 171
migao 0.0013 116 134 211 269
migao 0.0012 -13 16 150 136
wagui 0.0344 20 0 115 150
wagui 0.0327 134 24 256 169
wagui 0.0046 -25 5 143 125
wagui 0.0037 5 -175 317 98
wagui 0.0033 116 -51 205 -5
wagui 0.0029 118 -98 211 38
wagui 0.0028 -2 -13 277 195
wagui 0.0026 88 -129 270 55
wagui 0.0025 65 -77 262 16
wagui 0.0022 32 32 110 123
wagui 0.0021 -1 29 133 95
wagui 0.0020 146 204 175 237
wagui 0.0015 44 11 227 171
wagui 0.0013 94 59 296 175
wagui 0.0010 116 134 211 269
