Kongrou 0.0094 13 61 210 198
Kongrou 0.0020 94 42 160 99
Kongrou 0.0013 65 -16 228 102
Kongrou 0.0011 108 -14 178 74
Kongrou 0.0010 203 184 224 226
Rouzaofun 0.5348 20 61 203 196
Rouzaofun 0.0141 56 54 160 161
Rouzaofun 0.0031 203 184 224 226
Rouzaofun 0.0027 87 73 181 194
Rouzaofun 0.0023 65 -16 228 102
Rouzaofun 0.0020 108 -14 178 74
Rouzaofun 0.0016 94 42 160 99
Rice_with_Shredded_Chicken 0.0222 37 57 189 199
Rice_with_Shredded_Chicken 0.0025 203 184 224 226
Rice_with_Shredded_Chicken 0.0015 94 42 160 99
Rice_with_Shredded_Chicken 0.0014 56 54 160 161
migao 0.1407 20 61 203 196
migao 0.0041 203 184 224 226
migao 0.0025 56 54 160 161
migao 0.0019 94 42 160 99
migao 0.0016 65 -16 228 102
migao 0.0010 108 -14 178 74
wagui 0.0258 13 61 210 198
wagui 0.0046 203 184 224 226
wagui 0.0040 108 -14 178 74
wagui 0.0029 65 -16 228 102
wagui 0.0021 94 42 160 99
wagui 0.0010 152 148 219 241
