Kongrou 0.0272 38 13 234 167
Kongrou 0.0115 45 41 135 154
Kongrou 0.0083 105 -2 202 153
Kongrou 0.0069 118 -100 189 39
Kongrou 0.0052 116 -58 206 0
Kongrou 0.0051 114 -41 185 -12
Kongrou 0.0041 32 -67 275 8
Kongrou 0.0034 54 56 119 131
Kongrou 0.0023 66 -125 247 52
Kongrou 0.0018 24 -164 297 88
Kongrou 0.0014 28 103 330 290
Kongrou 0.0012 102 -62 135 25
Kongrou 0.0010 116 113 246 282
Rouzaofun 0.0531 38 13 234 167
Rouzaofun 0.0504 104 0 203 172
Rouzaofun 0.0063 116 -58 206 0
Rouzaofun 0.0051 118 -100 189 39
Rouzaofun 0.0041 67 -80 260 19
Rouzaofun 0.0033 114 -41 185 -12
Rouzaofun 0.0023 102 -62 135 25
Rouzaofun 0.0020 54 56 119 131
Rouzaofun 0.0019 24 -164 297 88
Rouzaofun 0.0018 12 38 166 157
Rouzaofun 0.0013 41 -48 204 10
Rouzaofun 0.0013 62 95 299 294
Rouzaofun 0.0010 130 -59 170 23
Rice_with_Shredded_Chicken 0.0139 38 13 234 167
Rice_with_Shredded_Chicken 0.0065 116 -58 206 0
Rice_with_Shredded_Chicken 0.0056 118 -100 189 39
Rice_with_Shredded_Chicken 0.0036 67 -80 260 19
Rice_with_Shredded_Chicken 0.0032 114 -41 185 -12
Rice_with_Shredded_Chicken 0.0025 24 -164 297 88
Rice_with_Shredded_Chicken 0.0017 28 103 330 290
Rice_with_Shredded_Chicken 0.0015 54 56 119 131
Rice_with_Shredded_Chicken 0.0014 102 -62 135 25
Rice_with_Shredded_Chicken 0.0013 -38 -123 229 49
Rice_with_Shredded_Chicken 0.0013 45 41 135 154
Rice_with_Shredded_Chicken 0.0011 130 -59 170 23
Rice_with_Shredded_Chicken 0.0011 41 -48 204 10
migao 0.0767 38 13 234 167
migao 0.0191 104 0 203 172
migao 0.0064 116 -58 206 0
migao 0.0063 118 -100 189 39
migao 0.0050 114 -41 185 -12
migao 0.0039 67 -80 260 19
migao 0.0037 45 41 135 154
migao 0.0036 54 56 119 131
migao 0.0029 102 -62 135 25
migao 0.0020 24 -164 297 88
migao 0.0016 130 -59 170 23
migao 0.0014 41 -48 204 10
migao 0.0014 28 103 330 290
migao 0.0012 62 -107 182 68
migao 0.0010 116 113 246 282
wagui 0.1530 38 13 234 167
wagui 0.0149 45 41 135 154
wagui 0.0049 114 -41 185 -12
wagui 0.0046 104 0 203 172
wagui 0.0045 107 -104 221 43
wagui 0.0043 116 -58 206 0
wagui 0.0038 67 -80 260 19
wagui 0.0035 54 56 119 131
wagui 0.0029 24 -164 297 88
wagui 0.0021 102 -62 135 25
wagui 0.0020 -38 -123 229 49
wagui 0.0013 28 103 330 290
wagui 0.0012 2 30 177 143
wagui 0.0011 130 -59 170 23
wagui 0.0010 125 -81 183 43
wagui 0.0010 41 -48 204 10
