Kongrou 0.0731 335 34 581 304
Kongrou 0.0409 573 20 827 249
Kongrou 0.0282 500 220 777 686
Kongrou 0.0114 86 145 359 630
Kongrou 0.0112 220 91 660 281
Kongrou 0.0083 360 76 555 229
Kongrou 0.0042 383 278 893 629
Kongrou 0.0040 -30 208 478 564
Kongrou 0.0023 120 278 381 545
Kongrou 0.0023 555 323 744 433
Kongrou 0.0022 408 562 577 841
Kongrou 0.0021 441 273 718 586
Kongrou 0.0018 377 478 631 919
Kongrou 0.0016 610 75 791 230
Kongrou 0.0015 610 32 791 169
Kongrou 0.0015 234 533 772 860
Kongrou 0.0014 76 -23 391 154
Kongrou 0.0013 514 262 785 492
Kongrou 0.0013 346 324 812 534
Kongrou 0.0013 102 -267 805 172
Kongrou 0.0012 527 348 769 615
Kongrou 0.0010 554 401 709 528
Rouzaofun 0.1533 335 34 581 304
Rouzaofun 0.0343 573 20 827 249
Rouzaofun 0.0236 220 91 660 281
Rouzaofun 0.0135 360 76 555 229
Rouzaofun 0.0063 500 220 777 686
Rouzaofun 0.0047 98 228 367 527
Rouzaofun 0.0030 15 270 451 484
Rouzaofun 0.0027 408 562 577 841
Rouzaofun 0.0026 383 241 893 600
Rouzaofun 0.0024 610 75 791 230
Rouzaofun 0.0019 76 -23 391 154
Rouzaofun 0.0019 346 324 812 534
Rouzaofun 0.0019 389 118 562 292
Rouzaofun 0.0018 441 273 718 586
Rouzaofun 0.0016 555 323 744 433
Rouzaofun 0.0016 234 533 772 860
Rouzaofun 0.0014 377 478 631 919
Rouzaofun 0.0014 610 32 791 169
Rouzaofun 0.0013 332 108 514 266
Rouzaofun 0.0012 458 674 562 776
Rouzaofun 0.0012 527 348 769 615
Rouzaofun 0.0011 160 -236 754 148
Rice_with_Shredded_Chicken 0.1047 338 51 579 321
Rice_with_Shredded_Chicken 0.0251 573 20 827 249
Rice_with_Shredded_Chicken 0.0166 199 76 681 262
Rice_with_Shredded_Chicken 0.0158 500 220 777 686
Rice_with_Shredded_Chicken 0.0123 84 156 364 676
Rice_with_Shredded_Chicken 0.0072 360 76 555 229
Rice_with_Shredded_Chicken 0.0071 -28 236 478 604
Rice_with_Shredded_Chicken 0.0050 383 241 893 600
Rice_with_Shredded_Chicken 0.0028 408 562 577 841
Rice_with_Shredded_Chicken 0.0018 120 278 381 545
Rice_with_Shredded_Chicken 0.0017 234 533 772 860
Rice_with_Shredded_Chicken 0.0015 144 -374 758 126
Rice_with_Shredded_Chicken 0.0015 458 674 562 776
Rice_with_Shredded_Chicken 0.0015 377 478 631 919
Rice_with_Shredded_Chicken 0.0014 346 324 812 534
Rice_with_Shredded_Chicken 0.0012 555 323 744 433
Rice_with_Shredded_Chicken 0.0010 76 -23 391 154
Rice_with_Shredded_Chicken 0.0010 26 -93 866 693
Rice_with_Shredded_Chicken 0.0010 441 273 718 586
migao 0.1968 338 51 579 321
migao 0.0540 573 20 827 249
migao 0.0278 500 220 777 686
migao 0.0262 220 91 660 281
migao 0.0088 360 76 555 229
migao 0.0060 86 145 359 630
migao 0.0058 383 241 893 600
migao 0.0054 -30 208 478 564
migao 0.0035 408 562 577 841
migao 0.0030 120 278 381 545
migao 0.0023 555 323 744 433
migao 0.0019 377 478 631 919
migao 0.0018 610 75 791 230
migao 0.0017 346 324 812 534
migao 0.0016 234 533 772 860
migao 0.0015 76 -23 391 154
migao 0.0015 441 273 718 586
migao 0.0013 458 674 562 776
migao 0.0013 25 254 440 466
migao 0.0013 144 -374 758 126
migao 0.0011 389 118 562 292
migao 0.0011 610 32 791 169
migao 0.0010 527 348 769 615
migao 0.0010 514 262 785 492
wagui 0.1003 338 51 579 321
wagui 0.0369 573 20 827 249
wagui 0.0221 495 185 787 660
wagui 0.0155 220 91 660 281
wagui 0.0075 360 76 555 229
wagui 0.0066 383 241 893 600
wagui 0.0031 555 323 744 433
wagui 0.0019 408 562 577 841
wagui 0.0017 98 228 367 527
wagui 0.0015 15 270 451 484
wagui 0.0015 441 273 718 586
wagui 0.0014 346 324 812 534
wagui 0.0014 458 674 562 776
wagui 0.0013 610 75 791 230
wagui 0.0013 377 478 631 919
wagui 0.0013 76 -23 391 154
wagui 0.0013 610 32 791 169
wagui 0.0011 514 262 785 492
wagui 0.0010 509 345 753 618
wagui 0.0010 102 -267 805 172
wagui 0.0010 234 533 772 860
