Kongrou 0.0176 58 13 204 178
Rouzaofun 0.6720 43 20 214 174
Rouzaofun 0.1900 137 -11 231 56
Rouzaofun 0.0103 53 38 156 165
Rouzaofun 0.0055 97 -25 270 70
Rouzaofun 0.0046 108 39 199 163
Rouzaofun 0.0016 15 -2 243 119
Rouzaofun 0.0016 125 -35 243 43
Rouzaofun 0.0014 -22 -12 201 203
Rouzaofun 0.0010 138 -1 225 31
Rice_with_Shredded_Chicken 0.1020 43 20 214 174
Rice_with_Shredded_Chicken 0.0522 137 -11 231 56
Rice_with_Shredded_Chicken 0.0034 97 -25 270 70
migao 0.2097 43 20 214 174
migao 0.0404 137 -11 231 56
migao 0.0023 53 38 156 165
migao 0.0016 97 -25 270 70
migao 0.0010 79 174 154 193
migao 0.0010 108 39 199 163
wagui 0.0679 137 -11 231 56
wagui 0.0275 31 11 228 183
wagui 0.0030 97 -25 270 70
wagui 0.0024 6 -13 103 40
wagui 0.0019 79 174 154 193
wagui 0.0010 138 -1 225 31
