Kongrou 0.0113 41 -4 232 182
Kongrou 0.0031 119 -50 202 -6
Kongrou 0.0029 120 -95 208 35
Kongrou 0.0021 -14 -5 289 108
Kongrou 0.0020 62 -77 266 17
Kongrou 0.0015 65 102 294 286
Kongrou 0.0015 68 -129 244 56
Kongrou 0.0012 13 -164 307 88
Kongrou 0.0012 124 183 197 225
Kongrou 0.0011 122 142 206 262
Kongrou 0.0010 54 -9 167 119
Rouzaofun 0.3812 39 2 275 178
Rouzaofun 0.0060 87 18 240 154
Rouzaofun 0.0032 119 -50 202 -6
Rouzaofun 0.0028 -14 -5 289 108
Rouzaofun 0.0025 120 -95 208 35
Rouzaofun 0.0021 71 49 193 165
Rouzaofun 0.0018 62 -77 266 17
Rouzaofun 0.0013 68 -129 244 56
Rouzaofun 0.0012 13 -164 307 88
Rouzaofun 0.0012 65 102 294 286
Rouzaofun 0.0011 149 28 263 164
Rouzaofun 0.0011 124 183 197 225
Rouzaofun 0.0010 -100 15 122 250
Rice_with_Shredded_Chicken 0.4192 12 5 260 176
Rice_with_Shredded_Chicken 0.0038 -14 -5 289 108
Rice_with_Shredded_Chicken 0.0032 119 -50 202 -6
Rice_with_Shredded_Chicken 0.0024 120 -95 208 35
Rice_with_Shredded_Chicken 0.0021 89 25 237 167
Rice_with_Shredded_Chicken 0.0019 52 -112 264 39
Rice_with_Shredded_Chicken 0.0019 13 -164 307 88
Rice_with_Shredded_Chicken 0.0012 76 102 285 290
Rice_with_Shredded_Chicken 0.0011 124 183 197 225
migao 0.1219 12 5 260 176
migao 0.0037 119 -50 202 -6
migao 0.0027 120 -95 208 35
migao 0.0021 62 -77 266 17
migao 0.0017 89 25 237 167
migao 0.0015 124 183 197 225
migao 0.0014 13 -164 307 88
migao 0.0012 104 118 258 277
migao 0.0011 122 142 206 262
migao 0.0011 68 -129 244 56
wagui 0.0284 12 5 260 176
wagui 0.0025 119 -50 202 -6
wagui 0.0023 120 -95 208 35
wagui 0.0022 13 -164 307 88
wagui 0.0020 62 -77 266 17
wagui 0.0012 68 -129 244 56
wagui 0.0011 65 102 294 286
