Kongrou 0.4205 90 -18 854 666
Kongrou 0.0051 206 8 708 522
Kongrou 0.0045 408 -165 703 -21
Kongrou 0.0038 416 -329 721 125
Kongrou 0.0029 278 -450 965 205
Kongrou 0.0028 215 -263 916 61
Kongrou 0.0021 369 28 1006 617
Kongrou 0.0017 154 -43 541 431
Kongrou 0.0016 334 601 577 750
Kongrou 0.0014 -35 -128 992 323
Kongrou 0.0013 220 -217 543 -44
Kongrou 0.0011 180 315 911 1039
Rouzaofun 0.0334 118 -10 812 659
Rouzaofun 0.0041 408 -165 703 -21
Rouzaofun 0.0029 416 -329 721 125
Rouzaofun 0.0025 215 -263 916 61
Rouzaofun 0.0019 278 -450 965 205
Rouzaofun 0.0012 334 601 577 750
Rouzaofun 0.0010 419 618 695 799
Rouzaofun 0.0010 18 -557 1095 298
Rice_with_Shredded_Chicken 0.0885 43 -13 906 651
Rice_with_Shredded_Chicken 0.0039 408 -165 703 -21
Rice_with_Shredded_Chicken 0.0030 416 -329 721 125
Rice_with_Shredded_Chicken 0.0026 278 -450 965 205
Rice_with_Shredded_Chicken 0.0025 215 -263 916 61
Rice_with_Shredded_Chicken 0.0015 18 -557 1095 298
Rice_with_Shredded_Chicken 0.0011 419 618 695 799
migao 0.1968 43 -13 906 651
migao 0.0053 408 -165 703 -21
migao 0.0036 416 -329 721 125
migao 0.0030 215 -263 916 61
migao 0.0021 278 -450 965 205
migao 0.0013 97 36 811 420
migao 0.0012 18 -557 1095 298
migao 0.0012 419 618 695 799
migao 0.0010 180 315 911 1039
wagui 0.0347 90 -18 854 666
wagui 0.0031 408 -165 703 -21
wagui 0.0028 416 -329 721 125
wagui 0.0024 215 -263 916 61
wagui 0.0024 278 -450 965 205
wagui 0.0019 18 -557 1095 298
wagui 0.0018 334 601 577 750
wagui 0.0010 220 -217 543 -44
wagui 0.0010 180 315 911 1039
