Kongrou 0.0075 41 27 233 194
Kongrou 0.0023 95 172 168 216
Kongrou 0.0020 117 -53 205 -2
Kongrou 0.0020 212 2 279 79
Kongrou 0.0018 118 -93 211 34
Kongrou 0.0017 67 -128 246 55
Kongrou 0.0015 43 95 273 295
Kongrou 0.0015 99 -65 137 27
Kongrou 0.0014 101 51 186 331
Kongrou 0.0013 21 -161 299 85
Kongrou 0.0011 42 59 159 196
Kongrou 0.0011 122 173 200 235
Kongrou 0.0011 121 45 229 170
Kongrou 0.0010 36 -51 208 12
Kongrou 0.0010 121 136 207 268
Rouzaofun 0.1825 -3 28 240 193
Rouzaofun 0.0224 42 48 158 188
Rouzaofun 0.0070 212 2 279 79
Rouzaofun 0.0027 99 -65 137 27
Rouzaofun 0.0024 117 -53 205 -2
Rouzaofun 0.0016 36 -51 208 12
Rouzaofun 0.0016 67 -128 246 55
Rouzaofun 0.0015 118 -93 211 34
Rouzaofun 0.0014 95 172 168 216
Rouzaofun 0.0013 21 -161 299 85
Rouzaofun 0.0012 122 173 200 235
Rouzaofun 0.0011 101 51 186 331
Rouzaofun 0.0011 227 15 274 67
Rouzaofun 0.0011 216 14 264 46
Rouzaofun 0.0010 180 5 300 66
Rouzaofun 0.0010 50 93 267 299
Rice_with_Shredded_Chicken 0.2845 2 23 271 195
Rice_with_Shredded_Chicken 0.0049 13 61 187 174
Rice_with_Shredded_Chicken 0.0035 212 2 279 79
Rice_with_Shredded_Chicken 0.0025 117 -53 205 -2
Rice_with_Shredded_Chicken 0.0019 21 -161 299 85
Rice_with_Shredded_Chicken 0.0019 60 -107 256 34
Rice_with_Shredded_Chicken 0.0015 122 173 200 235
Rice_with_Shredded_Chicken 0.0015 99 -65 137 27
Rice_with_Shredded_Chicken 0.0014 118 -93 211 34
Rice_with_Shredded_Chicken 0.0014 101 51 186 331
Rice_with_Shredded_Chicken 0.0014 36 -51 208 12
Rice_with_Shredded_Chicken 0.0013 50 93 267 299
migao 0.0495 18 35 257 186
migao 0.0040 42 48 158 188
migao 0.0038 212 2 279 79
migao 0.0030 99 -65 137 27
migao 0.0025 117 -53 205 -2
migao 0.0020 60 -107 256 34
migao 0.0017 118 -93 211 34
migao 0.0017 36 -51 208 12
migao 0.0016 21 -161 299 85
migao 0.0015 122 173 200 235
migao 0.0014 101 51 186 331
migao 0.0014 95 172 168 216
migao 0.0012 87 103 234 290
migao 0.0010 121 136 207 268
wagui 0.0185 18 35 257 186
wagui 0.0033 95 172 168 216
wagui 0.0028 99 -65 137 27
wagui 0.0027 212 2 279 79
wagui 0.0022 21 -161 299 85
wagui 0.0019 61 -66 161 -11
wagui 0.0016 117 -53 205 -2
wagui 0.0015 60 -107 256 34
wagui 0.0014 118 -93 211 34
wagui 0.0014 65 -54 131 16
wagui 0.0014 36 -51 208 12
wagui 0.0012 101 51 186 331
wagui 0.0011 43 95 273 295
wagui 0.0010 32 145 232 238
wagui 0.0010 19 -60 137 0
