Kongrou 0.0079 225 21 276 124
Kongrou 0.0022 39 17 233 166
Kongrou 0.0017 230 42 271 103
Kongrou 0.0016 55 34 167 159
Kongrou 0.0011 118 139 188 264
Kongrou 0.0010 116 184 184 224
Kongrou 0.0010 70 -129 242 55
Rouzaofun 0.1207 39 17 233 166
Rouzaofun 0.0252 225 21 276 124
Rouzaofun 0.0109 78 59 207 176
Rouzaofun 0.0074 55 34 167 159
Rouzaofun 0.0050 229 48 272 107
Rouzaofun 0.0021 21 74 255 192
Rouzaofun 0.0016 134 -9 256 54
Rouzaofun 0.0012 14 -64 121 5
Rouzaofun 0.0011 152 107 191 133
Rouzaofun 0.0011 216 39 295 106
Rouzaofun 0.0010 111 42 217 150
Rouzaofun 0.0010 70 -129 242 55
Rice_with_Shredded_Chicken 0.1194 39 17 233 166
Rice_with_Shredded_Chicken 0.0169 225 21 276 124
Rice_with_Shredded_Chicken 0.0070 134 -9 256 54
Rice_with_Shredded_Chicken 0.0028 230 42 271 103
Rice_with_Shredded_Chicken 0.0026 78 59 207 176
Rice_with_Shredded_Chicken 0.0014 53 -107 263 34
Rice_with_Shredded_Chicken 0.0013 55 34 167 159
Rice_with_Shredded_Chicken 0.0013 6 -163 315 85
Rice_with_Shredded_Chicken 0.0012 14 -64 121 5
Rice_with_Shredded_Chicken 0.0012 104 -66 296 82
migao 0.0367 39 17 233 166
migao 0.0171 225 21 276 124
migao 0.0038 229 48 272 107
migao 0.0020 78 59 207 176
migao 0.0018 55 34 167 159
migao 0.0015 53 -107 263 34
migao 0.0013 116 184 184 224
migao 0.0011 152 107 191 133
migao 0.0011 118 139 188 264
migao 0.0010 6 -163 315 85
migao 0.0010 216 39 295 106
wagui 0.0114 225 21 276 124
wagui 0.0041 39 17 233 166
wagui 0.0022 229 48 272 107
wagui 0.0017 134 -9 256 54
wagui 0.0016 6 -163 315 85
wagui 0.0015 23 -59 134 0
wagui 0.0010 53 -107 263 34
