Kongrou 0.1569 63 -25 839 623
Kongrou 0.0041 210 -30 656 457
Kongrou 0.0017 212 -415 814 175
Kongrou 0.0017 370 -178 685 -6
Kongrou 0.0014 62 -532 991 285
Kongrou 0.0014 363 -309 712 114
Kongrou 0.0014 242 133 625 575
Kongrou 0.0010 139 283 895 997
Kongrou 0.0010 173 219 398 537
Kongrou 0.0010 214 -205 511 -46
Rouzaofun 0.2016 203 -17 820 609
Rouzaofun 0.0130 292 -46 709 406
Rouzaofun 0.0028 386 100 757 532
Rouzaofun 0.0022 370 -178 685 -6
Rouzaofun 0.0015 212 -415 814 175
Rouzaofun 0.0015 62 -532 991 285
Rouzaofun 0.0013 97 249 474 507
Rouzaofun 0.0012 363 -309 712 114
Rouzaofun 0.0010 58 -109 843 290
Rice_with_Shredded_Chicken 0.1523 128 -14 769 606
Rice_with_Shredded_Chicken 0.0030 172 37 830 388
Rice_with_Shredded_Chicken 0.0021 62 -532 991 285
Rice_with_Shredded_Chicken 0.0021 200 -363 840 127
Rice_with_Shredded_Chicken 0.0020 370 -178 685 -6
Rice_with_Shredded_Chicken 0.0013 316 105 825 526
Rice_with_Shredded_Chicken 0.0011 363 -309 712 114
migao 0.3526 128 -14 769 606
migao 0.0044 172 37 830 388
migao 0.0022 200 -363 840 127
migao 0.0021 370 -178 685 -6
migao 0.0017 62 -532 991 285
migao 0.0017 316 105 825 526
migao 0.0013 363 -309 712 114
migao 0.0010 97 249 474 507
wagui 0.0267 160 -26 741 622
wagui 0.0024 62 -532 991 285
wagui 0.0016 200 -363 840 127
wagui 0.0012 363 -309 712 114
wagui 0.0011 214 -205 511 -46
wagui 0.0011 370 -178 685 -6
