Kongrou 0.0163 194 53 370 241
Kongrou 0.0153 447 187 602 385
Kongrou 0.0114 21 -13 174 170
Kongrou 0.0038 144 85 420 209
Kongrou 0.0028 466 228 582 343
Kongrou 0.0024 41 185 200 386
Kongrou 0.0021 243 278 437 410
Kongrou 0.0020 -37 16 209 139
Kongrou 0.0017 217 96 347 199
Kongrou 0.0014 22 15 150 119
Rouzaofun 0.0413 447 187 602 385
Rouzaofun 0.0255 195 64 369 254
Rouzaofun 0.0227 21 -13 174 170
Rouzaofun 0.0091 243 278 437 410
Rouzaofun 0.0073 144 85 420 209
Rouzaofun 0.0067 466 228 582 343
Rouzaofun 0.0041 -23 18 218 138
Rouzaofun 0.0026 41 185 200 386
Rouzaofun 0.0026 42 19 153 138
Rouzaofun 0.0025 294 333 409 400
Rouzaofun 0.0025 217 96 347 199
Rouzaofun 0.0015 87 15 601 385
Rouzaofun 0.0013 -6 219 249 353
Rouzaofun 0.0011 291 290 434 376
Rice_with_Shredded_Chicken 0.0305 447 187 602 385
Rice_with_Shredded_Chicken 0.0162 196 23 379 302
Rice_with_Shredded_Chicken 0.0142 21 -13 174 170
Rice_with_Shredded_Chicken 0.0065 42 179 209 429
Rice_with_Shredded_Chicken 0.0057 144 85 420 209
Rice_with_Shredded_Chicken 0.0056 243 278 437 410
Rice_with_Shredded_Chicken 0.0044 466 228 582 343
Rice_with_Shredded_Chicken 0.0032 -23 18 218 138
Rice_with_Shredded_Chicken 0.0017 35 -68 654 465
Rice_with_Shredded_Chicken 0.0012 217 96 347 199
Rice_with_Shredded_Chicken 0.0012 42 19 153 138
Rice_with_Shredded_Chicken 0.0012 294 333 409 400
Rice_with_Shredded_Chicken 0.0011 -6 219 249 353
Rice_with_Shredded_Chicken 0.0011 169 -12 520 417
Rice_with_Shredded_Chicken 0.0011 172 67 346 251
migao 0.0339 447 187 602 385
migao 0.0200 195 64 369 254
migao 0.0185 21 -13 174 170
migao 0.0074 149 97 415 220
migao 0.0050 243 278 437 410
migao 0.0048 466 228 582 343
migao 0.0041 -23 18 218 138
migao 0.0028 294 333 409 400
migao 0.0023 41 185 200 386
migao 0.0018 217 96 347 199
migao 0.0016 42 19 153 138
migao 0.0015 -6 219 249 353
migao 0.0010 35 -68 654 465
wagui 0.0478 447 187 602 385
wagui 0.0264 42 179 209 429
wagui 0.0129 195 64 369 254
wagui 0.0116 21 -13 174 170
wagui 0.0074 466 228 582 343
wagui 0.0051 243 278 437 410
wagui 0.0047 144 85 420 209
wagui 0.0026 -23 18 218 138
wagui 0.0017 -6 219 249 353
wagui 0.0014 294 333 409 400
wagui 0.0011 217 96 347 199
wagui 0.0011 291 290 434 376
wagui 0.0010 22 15 150 119
