Kongrou 0.0554 98 375 912 1005
Kongrou 0.0109 311 279 746 971
Kongrou 0.0027 479 481 788 923
Kongrou 0.0017 96 86 1103 1110
Kongrou 0.0014 349 543 872 864
Kongrou 0.0011 176 519 1012 1231
Kongrou 0.0010 -412 862 544 1382
Rouzaofun 0.0088 147 404 910 935
Rouzaofun 0.0034 310 305 751 1029
Rouzaofun 0.0033 479 481 788 923
Rouzaofun 0.0021 349 543 872 864
Rouzaofun 0.0019 -13 258 1026 1120
Rouzaofun 0.0015 -144 923 275 1336
Rouzaofun 0.0012 -412 862 544 1382
Rice_with_Shredded_Chicken 0.0057 147 404 910 935
Rice_with_Shredded_Chicken 0.0017 402 537 865 869
Rice_with_Shredded_Chicken 0.0012 -144 923 275 1336
Rice_with_Shredded_Chicken 0.0011 -13 258 1026 1120
Rice_with_Shredded_Chicken 0.0011 310 305 751 1029
migao 0.0286 147 404 910 935
migao 0.0114 310 305 751 1029
migao 0.0072 -13 258 1026 1120
migao 0.0028 479 481 788 923
migao 0.0021 349 543 872 864
migao 0.0011 -144 923 275 1336
wagui 0.0033 98 375 912 1005
wagui 0.0019 402 537 865 869
wagui 0.0010 -412 862 544 1382
