Kongrou 0.0215 203 31 420 362
Kongrou 0.0160 120 67 501 326
Kongrou 0.0106 278 -112 471 6
Kongrou 0.0071 279 -198 483 85
Kongrou 0.0056 169 -165 590 50
Kongrou 0.0050 170 -132 360 -19
Kongrou 0.0027 188 -280 592 138
Kongrou 0.0023 275 -76 424 -22
Kongrou 0.0018 306 452 373 530
Kongrou 0.0017 164 141 469 287
Kongrou 0.0015 246 -124 316 61
Kongrou 0.0012 319 447 407 534
Kongrou 0.0011 199 254 596 627
Kongrou 0.0011 250 412 408 499
Kongrou 0.0010 220 89 413 270
Kongrou 0.0010 257 314 412 586
Rouzaofun 0.0230 204 64 420 371
Rouzaofun 0.0123 118 94 504 344
Rouzaofun 0.0117 278 -112 471 6
Rouzaofun 0.0061 169 -165 590 50
Rouzaofun 0.0053 279 -198 483 85
Rouzaofun 0.0040 170 -132 360 -19
Rouzaofun 0.0033 306 452 373 530
Rouzaofun 0.0030 246 -124 316 61
Rouzaofun 0.0028 164 141 469 287
Rouzaofun 0.0019 188 -280 592 138
Rouzaofun 0.0018 319 447 407 534
Rouzaofun 0.0015 275 -76 424 -22
Rouzaofun 0.0014 96 -96 485 32
Rouzaofun 0.0013 257 392 424 592
Rouzaofun 0.0012 306 -135 444 72
Rouzaofun 0.0011 -61 -130 126 159
Rouzaofun 0.0010 139 239 651 632
Rouzaofun 0.0010 29 333 267 525
Rice_with_Shredded_Chicken 0.0567 203 31 420 362
Rice_with_Shredded_Chicken 0.0375 120 67 501 326
Rice_with_Shredded_Chicken 0.0101 278 -112 471 6
Rice_with_Shredded_Chicken 0.0055 279 -198 483 85
Rice_with_Shredded_Chicken 0.0050 169 -165 590 50
Rice_with_Shredded_Chicken 0.0038 306 452 373 530
Rice_with_Shredded_Chicken 0.0027 188 -280 592 138
Rice_with_Shredded_Chicken 0.0019 319 447 407 534
Rice_with_Shredded_Chicken 0.0019 164 141 469 287
Rice_with_Shredded_Chicken 0.0014 246 -124 316 61
Rice_with_Shredded_Chicken 0.0012 275 -76 424 -22
Rice_with_Shredded_Chicken 0.0012 257 392 424 592
Rice_with_Shredded_Chicken 0.0011 306 -135 444 72
Rice_with_Shredded_Chicken 0.0011 103 235 594 634
Rice_with_Shredded_Chicken 0.0010 20 359 276 542
Rice_with_Shredded_Chicken 0.0010 -61 -130 126 159
migao 0.0218 203 31 420 362
migao 0.0193 120 67 501 326
migao 0.0130 278 -112 471 6
migao 0.0068 279 -198 483 85
migao 0.0066 169 -165 590 50
migao 0.0035 246 -124 316 61
migao 0.0033 306 452 373 530
migao 0.0025 164 141 469 287
migao 0.0023 170 -132 360 -19
migao 0.0021 275 -76 424 -22
migao 0.0021 188 -280 592 138
migao 0.0016 319 447 407 534
migao 0.0014 306 -135 444 72
migao 0.0013 96 -96 485 32
migao 0.0013 250 412 408 499
migao 0.0012 275 384 383 568
migao 0.0011 199 254 596 627
migao 0.0010 154 -219 425 149
migao 0.0010 257 314 412 586
wagui 0.0060 170 -132 360 -19
wagui 0.0060 278 -112 471 6
wagui 0.0056 279 -198 483 85
wagui 0.0046 120 67 501 326
wagui 0.0046 169 -165 590 50
wagui 0.0039 306 452 373 530
wagui 0.0029 203 31 420 362
wagui 0.0021 186 -319 605 174
wagui 0.0020 319 447 407 534
wagui 0.0018 275 -76 424 -22
wagui 0.0017 164 141 469 287
wagui 0.0013 246 -124 316 61
wagui 0.0012 86 -175 450 16
wagui 0.0011 257 392 424 592
