Kongrou 0.0024 77 83 711 462
Kongrou 0.0014 345 -140 590 -22
Kongrou 0.0013 357 -280 600 104
Kongrou 0.0012 203 -31 505 165
Rouzaofun 0.0307 31 123 652 508
Rouzaofun 0.0037 203 -31 505 165
Rouzaofun 0.0027 500 50 764 383
Rouzaofun 0.0013 345 -140 590 -22
Rouzaofun 0.0012 46 392 184 524
Rouzaofun 0.0011 357 -280 600 104
Rice_with_Shredded_Chicken 0.1842 31 123 652 508
Rice_with_Shredded_Chicken 0.0088 237 -32 531 167
Rice_with_Shredded_Chicken 0.0080 500 50 764 383
Rice_with_Shredded_Chicken 0.0012 345 -140 590 -22
Rice_with_Shredded_Chicken 0.0012 725 2 795 144
Rice_with_Shredded_Chicken 0.0011 158 -318 766 105
Rice_with_Shredded_Chicken 0.0011 357 -280 600 104
Rice_with_Shredded_Chicken 0.0011 46 392 184 524
migao 0.0264 31 123 652 508
migao 0.0047 203 -31 505 165
migao 0.0017 345 -140 590 -22
migao 0.0016 725 2 795 144
migao 0.0013 46 392 184 524
migao 0.0013 357 -280 600 104
migao 0.0012 158 -318 766 105
migao 0.0010 500 50 764 383
wagui 0.0770 237 -32 531 167
wagui 0.0166 31 123 652 508
wagui 0.0043 500 50 764 383
wagui 0.0036 725 2 795 144
wagui 0.0032 130 -89 640 226
wagui 0.0011 -4 -504 944 276
wagui 0.0011 345 -140 590 -22
wagui 0.0011 46 392 184 524
wagui 0.0010 357 -280 600 104
