Kongrou 0.2593 89 110 602 392
Kongrou 0.0144 268 77 539 351
Kongrou 0.0061 138 190 546 494
Kongrou 0.0022 13 -94 586 408
Kongrou 0.0020 224 218 491 445
Kongrou 0.0016 290 -37 562 150
Kongrou 0.0010 -12 5 208 135
Kongrou 0.0010 305 449 375 524
Rouzaofun 0.0813 302 -37 550 190
Rouzaofun 0.0100 89 110 602 392
Rouzaofun 0.0069 198 -3 654 200
Rouzaofun 0.0045 293 22 502 141
Rouzaofun 0.0017 305 449 375 524
Rouzaofun 0.0011 13 -94 586 408
Rouzaofun 0.0011 359 33 529 175
Rouzaofun 0.0010 504 324 637 532
Rice_with_Shredded_Chicken 0.0260 89 110 602 392
Rice_with_Shredded_Chicken 0.0186 302 -37 550 190
Rice_with_Shredded_Chicken 0.0041 26 -42 228 239
Rice_with_Shredded_Chicken 0.0026 198 -3 654 200
Rice_with_Shredded_Chicken 0.0020 201 212 469 452
Rice_with_Shredded_Chicken 0.0018 305 449 375 524
Rice_with_Shredded_Chicken 0.0015 293 22 502 141
Rice_with_Shredded_Chicken 0.0014 268 77 539 351
Rice_with_Shredded_Chicken 0.0011 13 -94 586 408
migao 0.1248 89 110 602 392
migao 0.0116 302 -37 550 190
migao 0.0025 268 77 539 351
migao 0.0020 198 -3 654 200
migao 0.0019 293 22 502 141
migao 0.0017 138 190 546 494
migao 0.0017 305 449 375 524
migao 0.0012 13 -94 586 408
migao 0.0011 504 324 637 532
migao 0.0011 270 375 387 567
wagui 0.0114 26 -42 228 239
wagui 0.0061 89 110 602 392
wagui 0.0023 302 -37 550 190
wagui 0.0019 305 449 375 524
wagui 0.0013 -62 -8 315 209
wagui 0.0012 -12 5 208 135
wagui 0.0011 293 22 502 141
