Kongrou 0.0081 1298 322 1624 958
Kongrou 0.0047 307 147 1350 853
Kongrou 0.0047 13 321 322 1019
Kongrou 0.0040 -81 454 420 951
Kongrou 0.0039 512 7 1146 990
Kongrou 0.0013 330 -761 1516 338
Kongrou 0.0012 1241 400 1744 819
Kongrou 0.0011 1324 465 1598 816
Kongrou 0.0010 995 -14 1621 312
Rouzaofun 0.0592 518 100 1142 1011
Rouzaofun 0.0185 1298 322 1624 958
Rouzaofun 0.0183 236 225 1303 896
Rouzaofun 0.0083 992 -75 1531 351
Rouzaofun 0.0080 4 362 332 1040
Rouzaofun 0.0052 -78 480 479 986
Rouzaofun 0.0026 1241 400 1744 819
Rouzaofun 0.0022 1330 490 1591 853
Rouzaofun 0.0016 1249 525 1736 1003
Rouzaofun 0.0016 89 -46 709 306
Rouzaofun 0.0012 14 -212 1585 532
Rouzaofun 0.0011 330 -761 1516 338
Rouzaofun 0.0010 18 542 320 863
Rice_with_Shredded_Chicken 0.0609 268 114 1329 939
Rice_with_Shredded_Chicken 0.0352 992 -75 1531 351
Rice_with_Shredded_Chicken 0.0117 1298 322 1624 958
Rice_with_Shredded_Chicken 0.0089 89 -46 709 306
Rice_with_Shredded_Chicken 0.0048 -81 454 420 951
Rice_with_Shredded_Chicken 0.0047 13 321 322 1019
Rice_with_Shredded_Chicken 0.0021 783 -198 1736 472
Rice_with_Shredded_Chicken 0.0019 1241 400 1744 819
Rice_with_Shredded_Chicken 0.0013 330 -761 1516 338
Rice_with_Shredded_Chicken 0.0012 1324 465 1598 816
Rice_with_Shredded_Chicken 0.0010 1249 525 1736 1003
migao 0.0177 518 100 1142 1011
migao 0.0132 1298 322 1624 958
migao 0.0094 236 225 1303 896
migao 0.0071 992 -75 1531 351
migao 0.0069 -81 454 420 951
migao 0.0058 13 321 322 1019
migao 0.0023 1241 400 1744 819
migao 0.0015 1330 490 1591 853
migao 0.0012 1249 525 1736 1003
migao 0.0011 333 -620 1503 198
migao 0.0011 658 -277 1091 -49
wagui 0.0435 992 -75 1531 351
wagui 0.0148 89 -46 709 306
wagui 0.0093 1298 322 1624 958
wagui 0.0048 -81 454 420 951
wagui 0.0042 268 114 1329 939
wagui 0.0040 13 321 322 1019
wagui 0.0021 783 -198 1736 472
wagui 0.0017 1241 400 1744 819
wagui 0.0011 330 -761 1516 338
