Kongrou 0.2168 -3 35 258 160
Kongrou 0.0063 10 62 208 211
Kongrou 0.0035 95 29 214 154
Kongrou 0.0031 11 65 119 159
Kongrou 0.0030 116 -36 187 4
Kongrou 0.0025 45 113 144 209
Kongrou 0.0023 185 121 258 196
Kongrou 0.0021 111 -71 198 35
Kongrou 0.0019 38 23 170 160
Kongrou 0.0019 56 -65 252 29
Kongrou 0.0018 177 91 245 176
Kongrou 0.0016 58 -116 241 69
Kongrou 0.0012 63 -3 273 197
Kongrou 0.0010 158 103 274 165
Rouzaofun 0.1039 -1 16 261 177
Rouzaofun 0.0340 -8 74 227 200
Rouzaofun 0.0211 52 111 156 211
Rouzaofun 0.0026 116 -36 187 4
Rouzaofun 0.0020 185 121 258 196
Rouzaofun 0.0017 111 -71 198 35
Rouzaofun 0.0016 179 92 253 175
Rouzaofun 0.0014 56 -65 252 29
Rouzaofun 0.0012 58 -116 241 69
Rice_with_Shredded_Chicken 0.1053 -1 16 261 177
Rice_with_Shredded_Chicken 0.0240 -8 74 227 200
Rice_with_Shredded_Chicken 0.0050 52 111 156 211
Rice_with_Shredded_Chicken 0.0020 116 -36 187 4
Rice_with_Shredded_Chicken 0.0018 53 -93 245 43
Rice_with_Shredded_Chicken 0.0018 111 -71 198 35
Rice_with_Shredded_Chicken 0.0013 185 121 258 196
Rice_with_Shredded_Chicken 0.0010 158 103 274 165
migao 0.1199 -1 16 261 177
migao 0.0152 -8 74 227 200
migao 0.0069 52 111 156 211
migao 0.0034 116 -36 187 4
migao 0.0020 111 -71 198 35
migao 0.0019 53 -93 245 43
migao 0.0019 185 121 258 196
migao 0.0014 158 103 274 165
migao 0.0014 177 91 245 176
migao 0.0013 143 69 283 194
wagui 0.0679 -1 16 261 177
wagui 0.0060 -8 74 227 200
wagui 0.0040 11 65 119 159
wagui 0.0027 95 29 214 154
wagui 0.0022 185 121 258 196
wagui 0.0021 52 111 156 211
wagui 0.0018 53 -93 245 43
wagui 0.0017 116 -36 187 4
wagui 0.0015 111 -71 198 35
wagui 0.0012 -26 59 174 165
wagui 0.0011 173 77 256 206
wagui 0.0011 158 103 274 165
