Kongrou 0.0011 -7 -36 257 337
Rouzaofun 0.0074 130 251 401 600
Rouzaofun 0.0067 28 292 503 561
Rouzaofun 0.0022 -7 -36 257 337
Rouzaofun 0.0015 374 141 570 389
Rice_with_Shredded_Chicken 0.0059 130 251 401 600
Rice_with_Shredded_Chicken 0.0056 28 292 503 561
Rice_with_Shredded_Chicken 0.0029 374 141 570 389
Rice_with_Shredded_Chicken 0.0011 -7 -36 257 337
migao 0.0107 130 251 401 600
migao 0.0094 28 292 503 561
migao 0.0035 374 141 570 389
migao 0.0031 -7 -36 257 337
wagui 0.1768 130 251 401 600
wagui 0.0783 374 141 570 389
wagui 0.0700 28 292 503 561
wagui 0.0044 286 127 659 357
wagui 0.0032 -7 -36 257 337
wagui 0.0011 59 4 536 307
