Kongrou 0.0797 9 -8 286 176
Kongrou 0.0256 21 -11 128 144
Kongrou 0.0065 132 -72 218 -20
Kongrou 0.0055 132 -119 227 22
Kongrou 0.0041 89 169 175 223
Kongrou 0.0035 81 -98 276 0
Kongrou 0.0025 3 30 151 108
Kongrou 0.0018 118 187 209 227
Kongrou 0.0015 121 133 213 274
Kongrou 0.0014 75 -155 265 42
Kongrou 0.0012 9 -197 342 80
Kongrou 0.0011 54 153 280 254
Kongrou 0.0011 19 52 234 207
Rouzaofun 0.0998 9 -8 286 176
Rouzaofun 0.0056 132 -72 218 -20
Rouzaofun 0.0047 132 -119 227 22
Rouzaofun 0.0032 3 30 151 108
Rouzaofun 0.0030 81 -98 276 0
Rouzaofun 0.0025 -16 1 163 132
Rouzaofun 0.0015 118 187 209 227
Rouzaofun 0.0014 112 -20 221 130
Rouzaofun 0.0013 75 -155 265 42
Rouzaofun 0.0013 89 169 175 223
Rouzaofun 0.0013 9 -197 342 80
Rouzaofun 0.0011 54 153 280 254
Rouzaofun 0.0011 147 -92 205 21
Rouzaofun 0.0011 121 133 213 274
Rice_with_Shredded_Chicken 0.1379 9 -8 286 176
Rice_with_Shredded_Chicken 0.0061 132 -72 218 -20
Rice_with_Shredded_Chicken 0.0045 132 -119 227 22
Rice_with_Shredded_Chicken 0.0030 81 -98 276 0
Rice_with_Shredded_Chicken 0.0022 3 30 151 108
Rice_with_Shredded_Chicken 0.0021 -23 -153 230 43
Rice_with_Shredded_Chicken 0.0019 -16 1 163 132
Rice_with_Shredded_Chicken 0.0019 9 -197 342 80
Rice_with_Shredded_Chicken 0.0014 147 -92 205 21
Rice_with_Shredded_Chicken 0.0012 88 -157 303 44
Rice_with_Shredded_Chicken 0.0012 118 187 209 227
Rice_with_Shredded_Chicken 0.0010 121 133 213 274
Rice_with_Shredded_Chicken 0.0010 54 153 280 254
migao 0.1219 18 0 280 165
migao 0.0084 -16 1 163 132
migao 0.0067 132 -72 218 -20
migao 0.0051 132 -119 227 22
migao 0.0034 3 30 151 108
migao 0.0033 81 -98 276 0
migao 0.0020 118 187 209 227
migao 0.0015 9 -197 342 80
migao 0.0014 121 133 213 274
migao 0.0014 147 -92 205 21
migao 0.0014 89 169 175 223
migao 0.0013 -23 -153 230 43
migao 0.0012 54 153 280 254
migao 0.0011 94 -138 298 31
wagui 0.0177 18 0 280 165
wagui 0.0048 132 -72 218 -20
wagui 0.0041 132 -119 227 22
wagui 0.0035 81 -98 276 0
wagui 0.0033 89 169 175 223
wagui 0.0030 -23 -153 230 43
wagui 0.0028 3 30 151 108
wagui 0.0023 9 -197 342 80
wagui 0.0020 -16 1 163 132
wagui 0.0015 86 -85 178 -30
wagui 0.0012 88 -157 303 44
wagui 0.0011 118 187 209 227
wagui 0.0010 147 -92 205 21
wagui 0.0010 54 153 280 254
wagui 0.0010 121 133 213 274
