Kongrou 0.0288 12 190 167 393
Kongrou 0.0260 313 46 448 287
Kongrou 0.0209 441 83 624 306
Kongrou 0.0169 189 267 320 401
Kongrou 0.0167 349 258 523 409
Kongrou 0.0152 139 116 317 300
Kongrou 0.0135 205 9 332 132
Kongrou 0.0039 281 76 479 230
Kongrou 0.0035 406 -9 576 67
Kongrou 0.0034 133 156 295 261
Kongrou 0.0033 137 15 208 97
Kongrou 0.0031 462 116 603 246
Kongrou 0.0023 326 110 434 252
Kongrou 0.0023 235 -351 707 93
Kongrou 0.0019 -104 -106 706 509
Kongrou 0.0018 393 110 699 251
Kongrou 0.0017 22 208 156 321
Kongrou 0.0017 306 -286 555 54
Kongrou 0.0016 318 79 441 200
Kongrou 0.0016 313 -185 530 -37
Kongrou 0.0015 30 -480 811 203
Kongrou 0.0012 65 219 169 365
Kongrou 0.0012 406 -49 577 108
Kongrou 0.0012 87 -59 515 462
Kongrou 0.0010 196 -242 661 8
Kongrou 0.0010 507 76 697 314
Rouzaofun 0.0961 189 267 320 401
Rouzaofun 0.0891 441 83 624 306
Rouzaofun 0.0875 12 190 167 393
Rouzaofun 0.0822 205 9 332 132
Rouzaofun 0.0821 308 39 452 267
Rouzaofun 0.0601 350 270 519 397
Rouzaofun 0.0508 139 116 317 300
Rouzaofun 0.0295 460 16 672 356
Rouzaofun 0.0130 137 15 208 97
Rouzaofun 0.0122 406 -9 576 67
Rouzaofun 0.0097 133 156 295 261
Rouzaofun 0.0088 462 116 603 246
Rouzaofun 0.0070 332 73 454 206
Rouzaofun 0.0067 393 110 699 251
Rouzaofun 0.0055 326 110 434 252
Rouzaofun 0.0037 65 219 169 365
Rouzaofun 0.0032 406 -49 577 108
Rouzaofun 0.0028 266 60 493 219
Rouzaofun 0.0026 22 208 156 321
Rouzaofun 0.0018 459 178 579 267
Rouzaofun 0.0018 -104 -106 706 509
Rouzaofun 0.0018 198 -369 621 101
Rouzaofun 0.0017 500 96 703 322
Rouzaofun 0.0017 30 -480 811 203
Rouzaofun 0.0017 313 -185 530 -37
Rouzaofun 0.0016 158 140 298 224
Rouzaofun 0.0014 306 -286 555 54
Rouzaofun 0.0013 87 -59 515 462
Rouzaofun 0.0011 89 -44 229 159
Rouzaofun 0.0010 266 101 551 261
Rice_with_Shredded_Chicken 0.1242 205 9 332 132
Rice_with_Shredded_Chicken 0.1134 460 16 672 356
Rice_with_Shredded_Chicken 0.1051 189 267 320 401
Rice_with_Shredded_Chicken 0.0969 12 190 167 393
Rice_with_Shredded_Chicken 0.0738 313 46 448 287
Rice_with_Shredded_Chicken 0.0606 349 258 523 409
Rice_with_Shredded_Chicken 0.0471 441 83 624 306
Rice_with_Shredded_Chicken 0.0396 139 116 317 300
Rice_with_Shredded_Chicken 0.0224 137 15 208 97
Rice_with_Shredded_Chicken 0.0138 406 -9 576 67
Rice_with_Shredded_Chicken 0.0078 281 76 479 230
Rice_with_Shredded_Chicken 0.0054 133 156 295 261
Rice_with_Shredded_Chicken 0.0043 393 110 699 251
Rice_with_Shredded_Chicken 0.0042 462 116 603 246
Rice_with_Shredded_Chicken 0.0036 326 110 434 252
Rice_with_Shredded_Chicken 0.0030 406 -49 577 108
Rice_with_Shredded_Chicken 0.0030 318 79 441 200
Rice_with_Shredded_Chicken 0.0029 -104 -106 706 509
Rice_with_Shredded_Chicken 0.0026 142 -332 689 67
Rice_with_Shredded_Chicken 0.0024 22 208 156 321
Rice_with_Shredded_Chicken 0.0023 30 -480 811 203
Rice_with_Shredded_Chicken 0.0020 65 219 169 365
Rice_with_Shredded_Chicken 0.0018 313 -185 530 -37
Rice_with_Shredded_Chicken 0.0014 87 -59 515 462
Rice_with_Shredded_Chicken 0.0014 306 -286 555 54
Rice_with_Shredded_Chicken 0.0012 339 52 744 323
Rice_with_Shredded_Chicken 0.0010 500 96 703 322
Rice_with_Shredded_Chicken 0.0010 158 140 298 224
Rice_with_Shredded_Chicken 0.0010 89 -44 229 159
Rice_with_Shredded_Chicken 0.0010 459 178 579 267
migao 0.1453 205 9 332 132
migao 0.1384 189 267 320 401
migao 0.1031 12 190 167 393
migao 0.0704 313 46 448 287
migao 0.0671 350 270 519 397
migao 0.0623 441 83 624 306
migao 0.0361 139 116 317 300
migao 0.0331 137 15 208 97
migao 0.0189 406 -9 576 67
migao 0.0131 460 16 672 356
migao 0.0116 281 76 479 230
migao 0.0081 133 156 295 261
migao 0.0065 462 116 603 246
migao 0.0050 393 110 699 251
migao 0.0046 326 110 434 252
migao 0.0032 318 79 441 200
migao 0.0027 142 -332 689 67
migao 0.0027 65 219 169 365
migao 0.0023 22 208 156 321
migao 0.0018 30 -480 811 203
migao 0.0018 313 -185 530 -37
migao 0.0016 459 178 579 267
migao 0.0016 306 -286 555 54
migao 0.0015 406 -49 577 108
migao 0.0013 -104 -106 706 509
migao 0.0013 158 140 298 224
wagui 0.1576 12 190 167 393
wagui 0.1326 205 9 332 132
wagui 0.0996 189 267 320 401
wagui 0.0825 350 270 519 397
wagui 0.0671 313 46 448 287
wagui 0.0573 137 15 208 97
wagui 0.0295 441 83 624 306
wagui 0.0280 139 116 317 300
wagui 0.0162 406 -9 576 67
wagui 0.0131 460 16 672 356
wagui 0.0080 281 76 479 230
wagui 0.0060 22 208 156 321
wagui 0.0047 65 219 169 365
wagui 0.0045 133 156 295 261
wagui 0.0041 326 110 434 252
wagui 0.0029 318 79 441 200
wagui 0.0029 393 110 699 251
wagui 0.0027 30 -480 811 203
wagui 0.0026 462 116 603 246
wagui 0.0022 403 -31 580 118
wagui 0.0020 142 -332 689 67
wagui 0.0017 -104 -106 706 509
wagui 0.0013 306 -286 555 54
wagui 0.0011 158 140 298 224
wagui 0.0011 89 -44 229 159
wagui 0.0011 459 178 579 267
wagui 0.0011 313 -185 530 -37
