Kongrou 0.0138 57 8 220 171
Kongrou 0.0087 117 -54 204 -1
Kongrou 0.0055 115 -103 213 42
Kongrou 0.0041 73 -80 253 19
Kongrou 0.0031 99 -68 137 30
Kongrou 0.0019 37 -49 207 11
Kongrou 0.0019 55 -104 188 65
Kongrou 0.0017 115 184 184 224
Kongrou 0.0016 131 -66 191 30
Kongrou 0.0014 115 146 192 256
Kongrou 0.0014 117 -40 183 -13
Kongrou 0.0012 55 153 250 249
Rouzaofun 0.2412 31 23 239 162
Rouzaofun 0.0892 88 15 198 177
Rouzaofun 0.0079 117 -54 204 -1
Rouzaofun 0.0050 99 -68 137 30
Rouzaofun 0.0045 115 -103 213 42
Rouzaofun 0.0044 73 -80 253 19
Rouzaofun 0.0029 37 -49 207 11
Rouzaofun 0.0018 115 184 184 224
Rouzaofun 0.0017 131 -66 191 30
Rouzaofun 0.0016 55 -104 188 65
Rouzaofun 0.0012 55 153 250 249
Rouzaofun 0.0011 115 146 192 256
Rouzaofun 0.0010 129 -6 172 26
Rice_with_Shredded_Chicken 0.0795 31 23 239 162
Rice_with_Shredded_Chicken 0.0087 117 -54 204 -1
Rice_with_Shredded_Chicken 0.0045 115 -103 213 42
Rice_with_Shredded_Chicken 0.0039 73 -80 253 19
Rice_with_Shredded_Chicken 0.0030 88 15 198 177
Rice_with_Shredded_Chicken 0.0023 99 -68 137 30
Rice_with_Shredded_Chicken 0.0022 131 -66 191 30
Rice_with_Shredded_Chicken 0.0020 37 -49 207 11
Rice_with_Shredded_Chicken 0.0015 55 -104 188 65
Rice_with_Shredded_Chicken 0.0015 115 184 184 224
Rice_with_Shredded_Chicken 0.0011 55 153 250 249
Rice_with_Shredded_Chicken 0.0011 30 -159 291 82
Rice_with_Shredded_Chicken 0.0010 115 146 192 256
migao 0.1095 31 23 239 162
migao 0.0227 88 15 198 177
migao 0.0090 117 -54 204 -1
migao 0.0061 99 -68 137 30
migao 0.0052 115 -103 213 42
migao 0.0045 73 -80 253 19
migao 0.0029 37 -49 207 11
migao 0.0026 131 -66 191 30
migao 0.0024 115 184 184 224
migao 0.0024 55 -104 188 65
migao 0.0015 115 146 192 256
migao 0.0013 55 153 250 249
migao 0.0012 117 -40 183 -13
wagui 0.3444 31 23 239 162
wagui 0.0120 88 15 198 177
wagui 0.0054 117 -54 204 -1
wagui 0.0048 99 -68 137 30
wagui 0.0045 115 -103 213 42
wagui 0.0039 73 -80 253 19
wagui 0.0022 37 -49 207 11
wagui 0.0017 131 -66 191 30
wagui 0.0016 79 -65 163 -12
wagui 0.0013 30 -159 291 82
wagui 0.0012 117 -40 183 -13
wagui 0.0010 115 146 192 256
wagui 0.0010 115 184 184 224
wagui 0.0010 55 -104 188 65
