Kongrou 0.1502 435 167 832 693
Kongrou 0.1373 45 119 375 511
Kongrou 0.0312 287 251 980 608
Kongrou 0.0067 434 -173 735 -29
Kongrou 0.0065 438 -365 759 141
Kongrou 0.0045 219 -273 972 53
Kongrou 0.0031 102 201 417 444
Kongrou 0.0026 425 103 824 313
Kongrou 0.0022 -76 215 479 391
Kongrou 0.0020 -85 94 504 459
Kongrou 0.0018 58 223 343 386
Kongrou 0.0018 464 675 668 859
Kongrou 0.0016 452 264 834 536
Kongrou 0.0013 264 -459 878 190
Kongrou 0.0012 -6 16 428 310
Kongrou 0.0012 377 -269 799 -16
Kongrou 0.0010 282 -233 602 -51
Rouzaofun 0.0382 452 218 815 708
Rouzaofun 0.0247 451 43 812 359
Rouzaofun 0.0235 57 198 384 447
Rouzaofun 0.0105 287 251 980 608
Rouzaofun 0.0050 434 -173 735 -29
Rouzaofun 0.0048 438 -365 759 141
Rouzaofun 0.0040 219 -273 972 53
Rouzaofun 0.0039 -76 215 479 391
Rouzaofun 0.0038 -92 127 514 501
Rouzaofun 0.0029 278 25 987 375
Rouzaofun 0.0021 464 675 668 859
Rouzaofun 0.0020 543 303 859 613
Rouzaofun 0.0018 89 118 402 583
Rouzaofun 0.0013 68 213 334 358
Rouzaofun 0.0012 488 140 799 277
Rouzaofun 0.0012 264 -459 878 190
Rouzaofun 0.0011 402 613 730 922
Rouzaofun 0.0011 405 309 958 530
Rouzaofun 0.0010 29 -572 1142 292
Rice_with_Shredded_Chicken 0.1166 451 43 812 359
Rice_with_Shredded_Chicken 0.0822 452 218 815 708
Rice_with_Shredded_Chicken 0.0779 45 119 375 511
Rice_with_Shredded_Chicken 0.0280 287 251 980 608
Rice_with_Shredded_Chicken 0.0050 438 -365 759 141
Rice_with_Shredded_Chicken 0.0049 278 25 987 375
Rice_with_Shredded_Chicken 0.0046 434 -173 735 -29
Rice_with_Shredded_Chicken 0.0037 219 -273 972 53
Rice_with_Shredded_Chicken 0.0029 -102 172 523 526
Rice_with_Shredded_Chicken 0.0028 -76 215 479 391
Rice_with_Shredded_Chicken 0.0020 464 675 668 859
Rice_with_Shredded_Chicken 0.0014 29 -572 1142 292
Rice_with_Shredded_Chicken 0.0014 264 -459 878 190
Rice_with_Shredded_Chicken 0.0013 102 201 417 444
migao 0.0917 45 119 375 511
migao 0.0897 435 167 832 693
migao 0.0440 287 251 980 608
migao 0.0263 451 43 812 359
migao 0.0067 434 -173 735 -29
migao 0.0059 438 -365 759 141
migao 0.0045 219 -273 972 53
migao 0.0041 -35 233 477 412
migao 0.0023 464 675 668 859
migao 0.0020 278 25 987 375
migao 0.0017 103 181 415 427
migao 0.0015 58 223 343 386
migao 0.0014 -102 172 523 526
migao 0.0013 517 277 847 600
migao 0.0012 488 -228 685 96
migao 0.0011 29 -572 1142 292
migao 0.0010 298 -423 1013 174
migao 0.0010 377 -269 799 -16
migao 0.0010 402 613 730 922
wagui 0.3059 451 43 812 359
wagui 0.0147 57 198 384 447
wagui 0.0102 435 167 832 693
wagui 0.0075 278 25 987 375
wagui 0.0064 287 251 980 608
wagui 0.0042 434 -173 735 -29
wagui 0.0042 438 -365 759 141
wagui 0.0037 219 -273 972 53
wagui 0.0024 -92 127 514 501
wagui 0.0020 464 675 668 859
wagui 0.0019 -76 215 479 391
wagui 0.0017 29 -572 1142 292
wagui 0.0016 282 -233 602 -51
wagui 0.0011 402 613 730 922
wagui 0.0010 264 -459 878 190
