Kongrou 0.0030 80 29 178 161
Kongrou 0.0019 29 44 211 146
Kongrou 0.0012 -65 138 89 294
Kongrou 0.0012 51 182 129 240
Kongrou 0.0010 95 138 165 284
Rouzaofun 0.3040 42 33 207 166
Rouzaofun 0.0020 51 182 129 240
Rouzaofun 0.0017 11 -13 112 52
Rouzaofun 0.0014 224 33 253 85
Rouzaofun 0.0013 219 16 258 102
Rouzaofun 0.0012 -65 138 89 294
Rouzaofun 0.0012 152 -12 329 137
Rouzaofun 0.0011 -5 -24 219 186
Rouzaofun 0.0011 115 202 149 234
Rouzaofun 0.0010 103 170 152 253
Rouzaofun 0.0010 67 13 173 140
Rice_with_Shredded_Chicken 0.0629 42 33 207 166
Rice_with_Shredded_Chicken 0.0144 11 -13 112 52
Rice_with_Shredded_Chicken 0.0015 51 182 129 240
Rice_with_Shredded_Chicken 0.0011 115 202 149 234
Rice_with_Shredded_Chicken 0.0011 152 -12 329 137
Rice_with_Shredded_Chicken 0.0011 219 33 248 85
Rice_with_Shredded_Chicken 0.0010 214 13 254 104
migao 0.0741 42 33 207 166
migao 0.0016 11 -13 112 52
migao 0.0014 224 33 253 85
migao 0.0014 -65 138 89 294
migao 0.0012 103 170 152 253
migao 0.0011 51 182 129 240
migao 0.0011 115 202 149 234
migao 0.0011 95 138 165 284
migao 0.0010 61 167 200 254
wagui 0.0158 42 33 207 166
wagui 0.0089 11 -13 112 52
wagui 0.0024 219 33 248 85
wagui 0.0014 152 -12 329 137
wagui 0.0014 214 13 254 104
wagui 0.0011 115 202 149 234
wagui 0.0010 51 182 129 240
