Kongrou 0.0170 231 24 803 591
Kongrou 0.0026 386 528 616 784
Kongrou 0.0020 -168 19 256 553
Kongrou 0.0018 427 632 541 722
Kongrou 0.0016 375 420 581 890
Kongrou 0.0015 267 479 747 823
Kongrou 0.0012 427 607 604 715
Rouzaofun 0.0367 217 13 820 585
Rouzaofun 0.0025 386 528 616 784
Rouzaofun 0.0024 427 632 541 722
Rouzaofun 0.0016 -168 19 256 553
Rouzaofun 0.0016 267 479 747 823
Rouzaofun 0.0015 427 607 604 715
Rouzaofun 0.0013 353 559 523 609
Rouzaofun 0.0013 375 420 581 890
Rouzaofun 0.0010 15 551 380 753
Rouzaofun 0.0010 -148 468 464 860
Rice_with_Shredded_Chicken 0.1225 231 24 803 591
Rice_with_Shredded_Chicken 0.0027 427 632 541 722
Rice_with_Shredded_Chicken 0.0026 386 528 616 784
Rice_with_Shredded_Chicken 0.0018 -168 19 256 553
Rice_with_Shredded_Chicken 0.0015 267 479 747 823
Rice_with_Shredded_Chicken 0.0013 375 420 581 890
Rice_with_Shredded_Chicken 0.0013 427 607 604 715
Rice_with_Shredded_Chicken 0.0011 15 551 380 753
Rice_with_Shredded_Chicken 0.0010 353 559 523 609
migao 0.0394 217 13 820 585
migao 0.0032 386 528 616 784
migao 0.0026 427 632 541 722
migao 0.0020 -168 19 256 553
migao 0.0015 375 420 581 890
migao 0.0014 267 479 747 823
migao 0.0014 353 559 523 609
migao 0.0014 427 607 604 715
migao 0.0010 320 564 524 637
wagui 0.0070 104 15 813 582
wagui 0.0026 427 632 541 722
wagui 0.0024 353 559 523 609
wagui 0.0022 -168 19 256 553
wagui 0.0015 386 528 616 784
wagui 0.0014 427 607 604 715
wagui 0.0012 320 564 524 637
wagui 0.0012 375 420 581 890
wagui 0.0010 267 479 747 823
