Kongrou 0.0049 58 -12 166 47
Kongrou 0.0036 138 -118 221 20
Kongrou 0.0033 135 -68 216 -24
Kongrou 0.0028 121 190 206 225
Kongrou 0.0027 88 170 176 222
Kongrou 0.0023 70 -95 287 -2
Kongrou 0.0021 126 130 209 276
Kongrou 0.0017 64 33 179 168
Kongrou 0.0017 39 155 295 253
Kongrou 0.0014 26 48 238 152
Kongrou 0.0014 101 162 228 229
Kongrou 0.0013 50 -140 297 28
Kongrou 0.0011 -37 73 155 231
Kongrou 0.0010 1 -199 350 82
Rouzaofun 0.5555 74 29 191 171
Rouzaofun 0.0794 26 48 238 152
Rouzaofun 0.0041 58 -12 166 47
Rouzaofun 0.0028 138 -118 221 20
Rouzaofun 0.0027 76 65 182 143
Rouzaofun 0.0027 135 -68 216 -24
Rouzaofun 0.0022 175 -16 276 100
Rouzaofun 0.0019 121 190 206 225
Rouzaofun 0.0018 70 -95 287 -2
Rouzaofun 0.0016 126 130 209 276
Rouzaofun 0.0014 0 13 255 200
Rouzaofun 0.0013 39 155 295 253
Rouzaofun 0.0013 1 -199 350 82
Rouzaofun 0.0012 50 -140 297 28
Rouzaofun 0.0011 113 170 238 242
Rice_with_Shredded_Chicken 0.0436 74 29 191 171
Rice_with_Shredded_Chicken 0.0248 26 48 238 152
Rice_with_Shredded_Chicken 0.0171 185 -17 286 102
Rice_with_Shredded_Chicken 0.0031 58 -12 166 47
Rice_with_Shredded_Chicken 0.0028 138 -118 221 20
Rice_with_Shredded_Chicken 0.0028 135 -68 216 -24
Rice_with_Shredded_Chicken 0.0020 70 -95 287 -2
Rice_with_Shredded_Chicken 0.0019 50 -140 297 28
Rice_with_Shredded_Chicken 0.0017 1 -199 350 82
Rice_with_Shredded_Chicken 0.0016 121 190 206 225
Rice_with_Shredded_Chicken 0.0016 126 130 209 276
Rice_with_Shredded_Chicken 0.0013 39 155 295 253
Rice_with_Shredded_Chicken 0.0012 113 170 238 242
migao 0.1179 74 29 191 171
migao 0.0319 26 48 238 152
migao 0.0041 58 -12 166 47
migao 0.0035 135 -68 216 -24
migao 0.0032 138 -118 221 20
migao 0.0030 121 190 206 225
migao 0.0027 175 -16 276 100
migao 0.0022 50 -140 297 28
migao 0.0021 126 130 209 276
migao 0.0020 70 -95 287 -2
migao 0.0016 39 155 295 253
migao 0.0014 76 65 182 143
migao 0.0013 1 -199 350 82
migao 0.0013 113 170 238 242
migao 0.0012 -37 73 155 231
migao 0.0010 0 13 255 200
wagui 0.0336 175 -16 276 100
wagui 0.0181 70 13 195 168
wagui 0.0104 26 48 238 152
wagui 0.0053 58 -12 166 47
wagui 0.0024 138 -118 221 20
wagui 0.0023 135 -68 216 -24
wagui 0.0022 1 -199 350 82
wagui 0.0020 88 170 176 222
wagui 0.0020 70 -95 287 -2
wagui 0.0018 121 190 206 225
wagui 0.0016 50 -140 297 28
wagui 0.0013 39 155 295 253
wagui 0.0013 126 130 209 276
wagui 0.0011 -37 73 155 231
wagui 0.0010 85 -84 179 -31
