Kongrou 0.0169 42 54 131 123
Kongrou 0.0058 50 59 123 97
Kongrou 0.0053 127 55 174 90
Kongrou 0.0048 77 -122 281 48
Kongrou 0.0031 117 -48 204 -7
Kongrou 0.0030 121 -97 208 36
Kongrou 0.0027 189 25 238 120
Kongrou 0.0021 178 138 217 165
Kongrou 0.0021 58 -73 269 13
Kongrou 0.0019 197 46 230 100
Kongrou 0.0016 61 75 123 112
Kongrou 0.0015 202 119 236 142
Kongrou 0.0015 114 135 192 267
Kongrou 0.0013 113 186 186 222
Kongrou 0.0013 165 41 262 104
Kongrou 0.0012 1 -187 321 110
Kongrou 0.0012 138 86 183 133
Kongrou 0.0011 131 70 190 148
Kongrou 0.0010 8 64 154 112
Rouzaofun 0.0695 48 40 129 134
Rouzaofun 0.0151 50 63 134 104
Rouzaofun 0.0098 127 55 174 90
Rouzaofun 0.0037 61 75 123 112
Rouzaofun 0.0037 12 32 166 140
Rouzaofun 0.0036 189 25 238 120
Rouzaofun 0.0035 77 -122 281 48
Rouzaofun 0.0032 22 58 162 108
Rouzaofun 0.0030 117 -48 204 -7
Rouzaofun 0.0027 197 46 230 100
Rouzaofun 0.0026 178 138 217 165
Rouzaofun 0.0024 121 -97 208 36
Rouzaofun 0.0020 165 41 262 104
Rouzaofun 0.0019 138 86 183 133
Rouzaofun 0.0019 202 119 236 142
Rouzaofun 0.0018 131 70 190 148
Rouzaofun 0.0018 58 -73 269 13
Rouzaofun 0.0016 165 76 269 180
Rouzaofun 0.0015 120 41 180 104
Rouzaofun 0.0015 1 -187 321 110
Rouzaofun 0.0014 -16 19 297 205
Rouzaofun 0.0014 145 97 246 200
Rouzaofun 0.0012 118 56 209 158
Rouzaofun 0.0012 114 135 192 267
Rouzaofun 0.0012 113 186 186 222
Rouzaofun 0.0010 55 56 119 89
Rice_with_Shredded_Chicken 0.0230 42 54 131 123
Rice_with_Shredded_Chicken 0.0076 127 55 174 90
Rice_with_Shredded_Chicken 0.0054 50 59 123 97
Rice_with_Shredded_Chicken 0.0043 73 -152 286 79
Rice_with_Shredded_Chicken 0.0027 117 -48 204 -7
Rice_with_Shredded_Chicken 0.0027 189 25 238 120
Rice_with_Shredded_Chicken 0.0024 178 138 217 165
Rice_with_Shredded_Chicken 0.0023 121 -97 208 36
Rice_with_Shredded_Chicken 0.0023 202 119 236 142
Rice_with_Shredded_Chicken 0.0022 118 56 209 158
Rice_with_Shredded_Chicken 0.0019 12 32 166 140
Rice_with_Shredded_Chicken 0.0019 165 76 269 180
Rice_with_Shredded_Chicken 0.0019 197 46 230 100
Rice_with_Shredded_Chicken 0.0018 58 -73 269 13
Rice_with_Shredded_Chicken 0.0017 8 64 154 112
Rice_with_Shredded_Chicken 0.0017 61 75 123 112
Rice_with_Shredded_Chicken 0.0016 165 41 262 104
Rice_with_Shredded_Chicken 0.0014 138 86 183 133
Rice_with_Shredded_Chicken 0.0013 131 70 190 148
Rice_with_Shredded_Chicken 0.0012 -16 19 297 205
Rice_with_Shredded_Chicken 0.0012 120 41 180 104
Rice_with_Shredded_Chicken 0.0011 145 97 246 200
Rice_with_Shredded_Chicken 0.0011 114 135 192 267
Rice_with_Shredded_Chicken 0.0010 113 186 186 222
Rice_with_Shredded_Chicken 0.0010 83 29 242 183
migao 0.0343 42 54 131 123
migao 0.0129 127 55 174 90
migao 0.0085 50 59 123 97
migao 0.0038 73 -152 286 79
migao 0.0037 189 25 238 120
migao 0.0035 117 -48 204 -7
migao 0.0028 197 46 230 100
migao 0.0028 178 138 217 165
migao 0.0028 121 -97 208 36
migao 0.0027 61 75 123 112
migao 0.0025 12 32 166 140
migao 0.0024 202 119 236 142
migao 0.0024 8 64 154 112
migao 0.0022 118 56 209 158
migao 0.0021 58 -73 269 13
migao 0.0019 138 86 183 133
migao 0.0018 165 41 262 104
migao 0.0017 131 70 190 148
migao 0.0017 113 186 186 222
migao 0.0014 114 135 192 267
migao 0.0014 165 76 269 180
migao 0.0013 145 97 246 200
migao 0.0012 120 41 180 104
migao 0.0011 83 29 242 183
wagui 0.0360 48 40 129 134
wagui 0.0301 127 55 174 90
wagui 0.0156 51 58 133 97
wagui 0.0092 178 138 217 165
wagui 0.0085 202 119 236 142
wagui 0.0060 165 76 269 180
wagui 0.0058 145 97 246 200
wagui 0.0038 77 -122 281 48
wagui 0.0038 189 25 238 120
wagui 0.0033 12 32 166 140
wagui 0.0032 22 64 151 113
wagui 0.0028 1 -187 321 110
wagui 0.0027 47 68 116 109
wagui 0.0026 118 56 209 158
wagui 0.0025 197 46 230 100
wagui 0.0024 117 -48 204 -7
wagui 0.0022 138 86 183 133
wagui 0.0021 131 70 190 148
wagui 0.0021 121 -97 208 36
wagui 0.0021 120 41 180 104
wagui 0.0019 58 -73 269 13
wagui 0.0017 257 108 276 153
wagui 0.0016 165 41 262 104
wagui 0.0015 132 63 300 193
wagui 0.0015 197 114 230 137
wagui 0.0014 255 54 278 81
wagui 0.0012 239 -6 273 15
wagui 0.0011 83 29 242 183
wagui 0.0010 114 135 192 267
wagui 0.0010 231 58 260 98
