Kongrou 0.0357 309 159 616 407
Kongrou 0.0256 631 43 979 507
Kongrou 0.0067 25 288 347 593
Kongrou 0.0027 403 -29 679 203
Kongrou 0.0026 473 285 824 733
Kongrou 0.0019 -70 334 443 545
Kongrou 0.0018 718 207 877 321
Kongrou 0.0017 225 -483 947 194
Kongrou 0.0017 520 350 837 609
Kongrou 0.0016 87 0 445 252
Kongrou 0.0016 442 -5 600 179
Kongrou 0.0012 447 82 1091 465
Kongrou 0.0011 82 393 291 529
Kongrou 0.0011 554 146 1041 382
Kongrou 0.0011 514 750 647 879
Kongrou 0.0010 679 291 876 394
Rouzaofun 0.2317 473 285 824 733
Rouzaofun 0.1073 309 159 616 407
Rouzaofun 0.0257 631 43 979 507
Rouzaofun 0.0122 25 288 347 593
Rouzaofun 0.0079 347 327 1027 690
Rouzaofun 0.0058 403 -29 679 203
Rouzaofun 0.0056 520 350 837 609
Rouzaofun 0.0045 -70 334 443 545
Rouzaofun 0.0026 442 -5 600 179
Rouzaofun 0.0024 68 8 423 282
Rouzaofun 0.0023 382 214 582 393
Rouzaofun 0.0022 316 203 528 363
Rouzaofun 0.0021 82 393 291 529
Rouzaofun 0.0021 556 428 802 571
Rouzaofun 0.0019 447 82 1091 465
Rouzaofun 0.0018 554 146 1041 382
Rouzaofun 0.0018 -22 83 1043 580
Rouzaofun 0.0017 718 207 877 321
Rouzaofun 0.0016 514 750 647 879
Rouzaofun 0.0015 225 -483 947 194
Rouzaofun 0.0013 383 415 894 623
Rouzaofun 0.0012 553 212 1004 472
Rouzaofun 0.0012 525 471 754 606
Rouzaofun 0.0011 679 291 876 394
Rouzaofun 0.0010 273 -205 907 401
Rouzaofun 0.0010 -74 -177 1089 850
Rouzaofun 0.0010 497 692 703 859
Rice_with_Shredded_Chicken 0.1516 473 285 824 733
Rice_with_Shredded_Chicken 0.0740 631 43 979 507
Rice_with_Shredded_Chicken 0.0688 309 159 616 407
Rice_with_Shredded_Chicken 0.0065 25 288 347 593
Rice_with_Shredded_Chicken 0.0056 273 314 951 705
Rice_with_Shredded_Chicken 0.0053 69 -28 363 331
Rice_with_Shredded_Chicken 0.0037 403 -29 679 203
Rice_with_Shredded_Chicken 0.0030 -70 334 443 545
Rice_with_Shredded_Chicken 0.0026 447 82 1091 465
Rice_with_Shredded_Chicken 0.0025 520 350 837 609
Rice_with_Shredded_Chicken 0.0024 -22 83 1043 580
Rice_with_Shredded_Chicken 0.0019 514 750 647 879
Rice_with_Shredded_Chicken 0.0018 225 -483 947 194
Rice_with_Shredded_Chicken 0.0017 -74 -177 1089 850
Rice_with_Shredded_Chicken 0.0015 554 146 1041 382
Rice_with_Shredded_Chicken 0.0013 442 -5 600 179
Rice_with_Shredded_Chicken 0.0012 -77 213 430 650
Rice_with_Shredded_Chicken 0.0011 316 203 528 363
Rice_with_Shredded_Chicken 0.0011 198 51 702 499
Rice_with_Shredded_Chicken 0.0010 82 393 291 529
Rice_with_Shredded_Chicken 0.0010 553 212 1004 472
Rice_with_Shredded_Chicken 0.0010 273 -205 907 401
Rice_with_Shredded_Chicken 0.0010 718 207 877 321
migao 0.0920 309 159 616 407
migao 0.0607 473 285 824 733
migao 0.0343 631 43 979 507
migao 0.0077 25 288 347 593
migao 0.0051 423 1 658 172
migao 0.0037 -70 334 443 545
migao 0.0026 347 327 1027 690
migao 0.0025 520 350 837 609
migao 0.0017 316 203 528 363
migao 0.0017 225 -420 956 134
migao 0.0017 556 428 802 571
migao 0.0016 514 750 647 879
migao 0.0015 68 8 423 282
migao 0.0015 82 393 291 529
migao 0.0015 718 207 877 321
migao 0.0014 575 197 1059 447
migao 0.0014 382 214 582 393
migao 0.0014 447 82 1091 465
migao 0.0013 450 -14 592 150
migao 0.0011 679 291 876 394
migao 0.0010 481 682 678 870
migao 0.0010 410 -187 709 -35
wagui 0.0483 309 159 616 407
wagui 0.0138 69 -28 363 331
wagui 0.0059 473 285 824 733
wagui 0.0044 25 288 347 593
wagui 0.0039 423 1 658 172
wagui 0.0023 631 43 979 507
wagui 0.0020 -70 334 443 545
wagui 0.0019 514 750 647 879
wagui 0.0017 718 207 877 321
wagui 0.0016 -50 -77 324 244
wagui 0.0016 115 -555 1079 258
wagui 0.0014 520 350 837 609
wagui 0.0012 145 36 386 177
wagui 0.0012 450 -14 592 150
wagui 0.0011 679 291 876 394
wagui 0.0010 554 146 1041 382
