Kongrou 0.1314 -42 -49 599 543
Kongrou 0.0221 81 70 441 498
Kongrou 0.0140 514 -37 745 299
Kongrou 0.0021 470 31 713 245
Rouzaofun 0.0481 -33 43 591 535
Rouzaofun 0.0094 494 5 751 239
Rouzaofun 0.0030 86 39 436 470
Rouzaofun 0.0014 411 -41 849 305
Rice_with_Shredded_Chicken 0.0061 494 5 751 239
Rice_with_Shredded_Chicken 0.0059 -7 104 592 461
migao 0.1646 -33 43 591 535
migao 0.0151 514 -37 745 299
migao 0.0036 434 42 811 202
migao 0.0035 86 39 436 470
wagui 0.0095 -42 -49 599 543
wagui 0.0071 494 5 751 239
wagui 0.0015 -24 149 547 478
