Kongrou 0.0298 5 122 163 455
Kongrou 0.0108 -26 185 195 392
Kongrou 0.0100 653 17 808 283
Kongrou 0.0038 168 166 781 517
Kongrou 0.0036 271 117 622 567
Kongrou 0.0026 672 62 787 239
Kongrou 0.0019 4 213 132 395
Kongrou 0.0016 3 11 133 135
Kongrou 0.0010 178 -380 735 166
Rouzaofun 0.0819 5 122 163 455
Rouzaofun 0.0356 653 17 808 283
Rouzaofun 0.0198 -26 185 195 392
Rouzaofun 0.0105 272 -40 556 178
Rouzaofun 0.0101 165 101 762 537
Rouzaofun 0.0089 672 62 787 239
Rouzaofun 0.0065 3 11 133 135
Rouzaofun 0.0034 4 213 132 395
Rouzaofun 0.0014 14 171 154 345
Rouzaofun 0.0010 165 -90 661 226
Rice_with_Shredded_Chicken 0.1380 165 101 762 537
Rice_with_Shredded_Chicken 0.0713 272 -40 556 178
Rice_with_Shredded_Chicken 0.0483 5 122 163 455
Rice_with_Shredded_Chicken 0.0222 653 17 808 283
Rice_with_Shredded_Chicken 0.0154 -26 185 195 392
Rice_with_Shredded_Chicken 0.0047 3 11 133 135
Rice_with_Shredded_Chicken 0.0045 672 62 787 239
Rice_with_Shredded_Chicken 0.0028 165 -90 661 226
Rice_with_Shredded_Chicken 0.0016 4 213 132 395
Rice_with_Shredded_Chicken 0.0011 186 -304 737 94
migao 0.0744 5 122 163 455
migao 0.0276 653 17 808 283
migao 0.0250 -26 185 195 392
migao 0.0183 165 101 762 537
migao 0.0110 272 -40 556 178
migao 0.0071 3 11 133 135
migao 0.0063 672 62 787 239
migao 0.0022 4 213 132 395
migao 0.0010 186 -304 737 94
wagui 0.1132 272 -40 556 178
wagui 0.0531 5 122 163 455
wagui 0.0230 653 17 808 283
wagui 0.0195 -26 185 195 392
wagui 0.0100 165 101 762 537
wagui 0.0080 3 11 133 135
wagui 0.0048 672 62 787 239
wagui 0.0031 165 -90 661 226
wagui 0.0015 8 182 128 364
wagui 0.0012 503 -42 817 119
wagui 0.0010 94 -445 839 220
