Kongrou 0.0381 35 361 402 658
Kongrou 0.0270 462 328 807 644
Kongrou 0.0079 516 -296 891 -74
Kongrou 0.0064 654 -20 1029 303
Kongrou 0.0060 508 -475 928 87
Kongrou 0.0057 801 335 1159 637
Kongrou 0.0051 54 415 335 605
Kongrou 0.0043 329 -404 1099 15
Kongrou 0.0037 495 372 772 557
Kongrou 0.0033 872 -36 1293 490
Kongrou 0.0027 841 401 1118 572
Kongrou 0.0022 935 169 1325 738
Kongrou 0.0021 225 17 582 403
Kongrou 0.0020 495 752 815 914
Kongrou 0.0019 724 54 1005 227
Kongrou 0.0017 1008 30 1228 481
Kongrou 0.0017 498 511 843 1126
Kongrou 0.0013 8 -116 1177 789
Kongrou 0.0013 814 99 1534 716
Kongrou 0.0012 360 669 700 903
Kongrou 0.0012 200 622 1138 1015
Kongrou 0.0012 920 111 1319 402
Kongrou 0.0012 683 -130 1459 621
Kongrou 0.0011 207 -558 1179 114
Rouzaofun 0.1257 35 361 402 658
Rouzaofun 0.0647 462 328 807 644
Rouzaofun 0.0273 789 338 1126 634
Rouzaofun 0.0215 653 -11 1030 339
Rouzaofun 0.0132 54 415 335 605
Rouzaofun 0.0110 203 -113 574 464
Rouzaofun 0.0095 822 395 1090 578
Rouzaofun 0.0074 537 380 776 596
Rouzaofun 0.0072 516 -296 891 -74
Rouzaofun 0.0049 508 -475 928 87
Rouzaofun 0.0041 253 -9 600 337
Rouzaofun 0.0041 724 54 1005 227
Rouzaofun 0.0040 329 -404 1099 15
Rouzaofun 0.0022 126 -2 496 330
Rouzaofun 0.0022 995 179 1357 730
Rouzaofun 0.0022 971 28 1219 483
Rouzaofun 0.0021 192 87 476 240
Rouzaofun 0.0021 81 69 680 351
Rouzaofun 0.0020 669 89 968 285
Rouzaofun 0.0020 917 40 1439 868
Rouzaofun 0.0018 818 -156 1350 606
Rouzaofun 0.0014 -13 12 1211 659
Rouzaofun 0.0014 897 113 1295 401
Rouzaofun 0.0013 498 511 843 1126
Rouzaofun 0.0012 495 752 815 914
Rouzaofun 0.0011 794 40 982 148
Rouzaofun 0.0011 290 75 563 253
Rouzaofun 0.0011 160 398 369 577
Rouzaofun 0.0011 588 -189 1537 679
Rouzaofun 0.0010 843 367 1116 514
Rouzaofun 0.0010 829 464 1039 600
Rouzaofun 0.0010 31 -760 1372 300
Rouzaofun 0.0010 200 622 1138 1015
Rice_with_Shredded_Chicken 0.0872 35 361 402 658
Rice_with_Shredded_Chicken 0.0619 674 -73 1031 415
Rice_with_Shredded_Chicken 0.0554 462 328 807 644
Rice_with_Shredded_Chicken 0.0422 158 -122 530 475
Rice_with_Shredded_Chicken 0.0159 789 338 1126 634
Rice_with_Shredded_Chicken 0.0075 516 -296 891 -74
Rice_with_Shredded_Chicken 0.0071 54 415 335 605
Rice_with_Shredded_Chicken 0.0057 822 395 1090 578
Rice_with_Shredded_Chicken 0.0048 508 -475 928 87
Rice_with_Shredded_Chicken 0.0045 495 372 772 557
Rice_with_Shredded_Chicken 0.0038 574 22 1108 259
Rice_with_Shredded_Chicken 0.0037 329 -404 1099 15
Rice_with_Shredded_Chicken 0.0033 872 -36 1293 490
Rice_with_Shredded_Chicken 0.0027 935 169 1325 738
Rice_with_Shredded_Chicken 0.0025 724 54 1005 227
Rice_with_Shredded_Chicken 0.0024 -10 -74 694 426
Rice_with_Shredded_Chicken 0.0021 225 17 582 403
Rice_with_Shredded_Chicken 0.0016 207 -558 1179 114
Rice_with_Shredded_Chicken 0.0015 81 69 680 351
Rice_with_Shredded_Chicken 0.0015 8 -116 1177 789
Rice_with_Shredded_Chicken 0.0015 1008 30 1228 481
Rice_with_Shredded_Chicken 0.0015 814 99 1534 716
Rice_with_Shredded_Chicken 0.0015 31 -760 1372 300
Rice_with_Shredded_Chicken 0.0014 628 30 964 345
Rice_with_Shredded_Chicken 0.0013 498 511 843 1126
Rice_with_Shredded_Chicken 0.0013 683 -130 1459 621
Rice_with_Shredded_Chicken 0.0012 192 87 476 240
Rice_with_Shredded_Chicken 0.0011 126 -2 496 330
Rice_with_Shredded_Chicken 0.0011 920 111 1319 402
Rice_with_Shredded_Chicken 0.0011 495 752 815 914
migao 0.1009 35 361 402 658
migao 0.0610 462 328 807 644
migao 0.0127 789 338 1126 634
migao 0.0113 653 -11 1030 339
migao 0.0105 54 415 335 605
migao 0.0087 822 395 1090 578
migao 0.0084 516 -296 891 -74
migao 0.0055 508 -475 928 87
migao 0.0048 495 372 772 557
migao 0.0044 329 -404 1099 15
migao 0.0042 158 -122 530 475
migao 0.0033 724 54 1005 227
migao 0.0023 872 -36 1293 490
migao 0.0022 140 62 668 357
migao 0.0021 495 752 815 914
migao 0.0021 995 179 1357 730
migao 0.0020 1008 30 1228 481
migao 0.0019 917 40 1439 868
migao 0.0018 192 87 476 240
migao 0.0017 498 511 843 1126
migao 0.0016 207 -558 1179 114
migao 0.0015 669 89 968 285
migao 0.0015 920 111 1319 402
migao 0.0012 794 40 982 148
migao 0.0011 200 622 1138 1015
migao 0.0011 215 -27 592 309
migao 0.0010 31 -760 1372 300
migao 0.0010 8 -116 1177 789
migao 0.0010 843 367 1116 514
wagui 0.0867 462 328 807 644
wagui 0.0672 35 361 402 658
wagui 0.0081 653 -11 1030 339
wagui 0.0080 789 338 1126 634
wagui 0.0074 495 372 772 557
wagui 0.0055 54 415 335 605
wagui 0.0051 516 -296 891 -74
wagui 0.0046 508 -475 928 87
wagui 0.0039 329 -404 1099 15
wagui 0.0036 841 401 1118 572
wagui 0.0032 158 -122 530 475
wagui 0.0028 872 -36 1293 490
wagui 0.0022 935 169 1325 738
wagui 0.0020 724 54 1005 227
wagui 0.0017 1008 30 1228 481
wagui 0.0016 31 -760 1372 300
wagui 0.0015 495 752 815 914
wagui 0.0015 225 17 582 403
wagui 0.0014 814 99 1534 716
wagui 0.0012 920 111 1319 402
wagui 0.0012 207 -558 1179 114
wagui 0.0011 347 -342 714 -120
wagui 0.0011 192 87 476 240
wagui 0.0011 498 511 843 1126
wagui 0.0011 200 622 1138 1015
wagui 0.0010 81 69 680 351
wagui 0.0010 474 402 701 617
