Kongrou 0.0422 141 -2 481 328
Kongrou 0.0073 462 751 850 912
Kongrou 0.0055 476 504 865 1132
Kongrou 0.0051 560 65 959 748
Kongrou 0.0046 211 622 1126 1018
Kongrou 0.0043 356 663 705 909
Kongrou 0.0035 514 276 938 652
Kongrou 0.0024 23 49 551 277
Kongrou 0.0021 553 -469 884 82
Kongrou 0.0019 544 -286 860 -81
Kongrou 0.0017 376 328 1075 598
Kongrou 0.0015 211 -559 1179 114
Kongrou 0.0012 21 -802 1384 342
Kongrou 0.0010 396 638 924 929
Rouzaofun 0.0744 141 -2 481 328
Rouzaofun 0.0107 560 65 959 748
Rouzaofun 0.0057 462 751 850 912
Rouzaofun 0.0053 43 50 624 276
Rouzaofun 0.0046 514 276 938 652
Rouzaofun 0.0044 211 622 1126 1018
Rouzaofun 0.0041 296 119 1097 720
Rouzaofun 0.0041 476 504 865 1132
Rouzaofun 0.0029 376 328 1075 598
Rouzaofun 0.0018 544 -286 860 -81
Rouzaofun 0.0017 553 -469 884 82
Rouzaofun 0.0016 356 663 705 909
Rouzaofun 0.0014 21 -802 1384 342
Rouzaofun 0.0013 211 -559 1179 114
Rouzaofun 0.0011 485 -7 646 57
Rice_with_Shredded_Chicken 0.0565 141 -2 481 328
Rice_with_Shredded_Chicken 0.0042 462 751 850 912
Rice_with_Shredded_Chicken 0.0040 43 50 624 276
Rice_with_Shredded_Chicken 0.0039 476 504 865 1132
Rice_with_Shredded_Chicken 0.0039 296 119 1097 720
Rice_with_Shredded_Chicken 0.0037 211 622 1126 1018
Rice_with_Shredded_Chicken 0.0024 514 276 938 652
Rice_with_Shredded_Chicken 0.0021 211 -559 1179 114
Rice_with_Shredded_Chicken 0.0020 376 328 1075 598
Rice_with_Shredded_Chicken 0.0019 544 -286 860 -81
Rice_with_Shredded_Chicken 0.0019 21 -802 1384 342
Rice_with_Shredded_Chicken 0.0017 553 -469 884 82
Rice_with_Shredded_Chicken 0.0011 485 -7 646 57
Rice_with_Shredded_Chicken 0.0011 560 65 959 748
migao 0.1188 141 -2 481 328
migao 0.0424 560 65 959 748
migao 0.0094 403 156 1117 653
migao 0.0084 462 751 850 912
migao 0.0057 23 49 551 277
migao 0.0056 476 504 865 1132
migao 0.0049 211 622 1126 1018
migao 0.0040 514 276 938 652
migao 0.0024 356 328 1050 598
migao 0.0024 211 -559 1179 114
migao 0.0022 544 -286 860 -81
migao 0.0019 553 -469 884 82
migao 0.0018 401 679 750 893
migao 0.0016 21 -802 1384 342
migao 0.0014 485 -7 646 57
wagui 0.0857 141 -2 481 328
wagui 0.0404 560 65 959 748
wagui 0.0094 403 156 1117 653
wagui 0.0047 462 751 850 912
wagui 0.0044 43 50 624 276
wagui 0.0041 211 622 1126 1018
wagui 0.0037 476 504 865 1132
wagui 0.0037 401 679 750 893
wagui 0.0036 514 276 938 652
wagui 0.0029 485 -7 646 57
wagui 0.0025 21 -802 1384 342
wagui 0.0019 356 328 1050 598
wagui 0.0018 211 -559 1179 114
wagui 0.0016 553 -469 884 82
wagui 0.0016 199 34 1179 827
wagui 0.0015 544 -286 860 -81
wagui 0.0014 347 157 716 740
wagui 0.0011 727 335 1567 1239
