Kongrou 0.0787 88 16 196 176
Kongrou 0.0296 38 -4 241 184
Kongrou 0.0089 170 -17 264 85
Kongrou 0.0069 205 95 275 187
Kongrou 0.0018 183 111 297 171
Kongrou 0.0016 69 -131 244 58
Kongrou 0.0011 14 -158 306 82
Kongrou 0.0010 126 -28 305 76
Rouzaofun 0.0197 43 1 230 181
Rouzaofun 0.0183 170 -17 264 85
Rouzaofun 0.0101 205 95 275 187
Rouzaofun 0.0034 183 111 297 171
Rouzaofun 0.0031 89 32 196 181
Rouzaofun 0.0021 125 -5 307 94
Rouzaofun 0.0015 69 -131 244 58
Rouzaofun 0.0012 213 114 267 169
Rouzaofun 0.0011 14 -158 306 82
Rice_with_Shredded_Chicken 0.0373 43 1 230 181
Rice_with_Shredded_Chicken 0.0146 170 -17 264 85
Rice_with_Shredded_Chicken 0.0064 89 32 196 181
Rice_with_Shredded_Chicken 0.0062 205 95 275 187
Rice_with_Shredded_Chicken 0.0026 183 111 297 171
Rice_with_Shredded_Chicken 0.0023 125 -5 307 94
Rice_with_Shredded_Chicken 0.0021 51 -108 266 35
Rice_with_Shredded_Chicken 0.0017 14 -158 306 82
migao 0.0582 43 1 230 181
migao 0.0150 89 32 196 181
migao 0.0141 170 -17 264 85
migao 0.0084 205 95 275 187
migao 0.0036 183 111 297 171
migao 0.0021 51 -108 266 35
migao 0.0017 125 -5 307 94
migao 0.0013 14 -158 306 82
wagui 0.1720 43 1 230 181
wagui 0.0833 170 -17 264 85
wagui 0.0513 89 32 196 181
wagui 0.0062 125 -5 307 94
wagui 0.0060 205 95 275 187
wagui 0.0025 183 111 297 171
wagui 0.0019 14 -158 306 82
wagui 0.0017 51 -108 266 35
wagui 0.0012 13 -24 256 122
