Kongrou 0.0186 53 37 135 166
Kongrou 0.0155 15 -10 242 201
Kongrou 0.0062 141 14 226 148
Kongrou 0.0053 16 50 172 154
Kongrou 0.0012 71 -18 158 102
Kongrou 0.0011 116 50 237 118
Rouzaofun 0.0066 15 -10 242 201
Rouzaofun 0.0028 16 50 172 154
Rouzaofun 0.0016 53 37 135 166
Rouzaofun 0.0015 116 50 237 118
Rouzaofun 0.0012 140 31 212 127
Rouzaofun 0.0011 27 70 166 128
Rice_with_Shredded_Chicken 0.0064 15 -10 242 201
Rice_with_Shredded_Chicken 0.0016 16 50 172 154
Rice_with_Shredded_Chicken 0.0011 116 50 237 118
Rice_with_Shredded_Chicken 0.0010 53 37 135 166
migao 0.0102 15 -10 242 201
migao 0.0061 16 50 172 154
migao 0.0059 53 37 135 166
migao 0.0053 141 14 226 148
migao 0.0015 116 50 237 118
migao 0.0010 -36 137 100 293
migao 0.0010 27 70 166 128
wagui 0.0307 15 -10 242 201
wagui 0.0226 53 37 135 166
wagui 0.0097 16 50 172 154
wagui 0.0069 141 14 226 148
wagui 0.0014 116 50 237 118
wagui 0.0010 71 -18 158 102
