Kongrou 0.0480 203 207 509 509
Kongrou 0.0019 -5 52 225 166
Kongrou 0.0018 129 262 571 611
Kongrou 0.0010 20 177 584 514
Rouzaofun 0.0927 124 215 563 484
Rouzaofun 0.0066 181 281 489 521
Rouzaofun 0.0057 24 11 230 285
Rouzaofun 0.0027 54 265 555 596
Rouzaofun 0.0027 -5 52 225 166
Rice_with_Shredded_Chicken 0.1319 95 243 595 536
Rice_with_Shredded_Chicken 0.0191 24 11 230 285
Rice_with_Shredded_Chicken 0.0038 175 245 447 511
Rice_with_Shredded_Chicken 0.0016 -5 52 225 166
Rice_with_Shredded_Chicken 0.0014 -62 38 315 264
migao 0.1349 124 215 563 484
migao 0.0037 24 11 230 285
migao 0.0030 176 255 518 622
migao 0.0023 -5 52 225 166
migao 0.0010 161 240 415 518
wagui 0.0571 124 215 563 484
wagui 0.0366 24 11 230 285
wagui 0.0031 -5 52 225 166
wagui 0.0029 176 255 518 622
wagui 0.0022 -62 38 315 264
