Kongrou 0.0108 114 -16 185 17
Kongrou 0.0096 81 19 168 127
Kongrou 0.0084 45 22 195 149
Kongrou 0.0081 115 -60 190 57
Kongrou 0.0059 62 -42 241 38
Kongrou 0.0022 99 -40 201 22
Kongrou 0.0016 120 200 170 235
Kongrou 0.0012 126 -30 173 47
Kongrou 0.0012 109 199 153 228
Kongrou 0.0011 105 182 185 254
Rouzaofun 0.2852 80 22 170 141
Rouzaofun 0.2678 26 20 210 152
Rouzaofun 0.0088 114 -16 185 17
Rouzaofun 0.0063 115 -60 190 57
Rouzaofun 0.0048 62 -42 241 38
Rouzaofun 0.0021 126 -30 173 47
Rouzaofun 0.0021 120 200 170 235
Rouzaofun 0.0016 118 -28 200 28
Rouzaofun 0.0015 105 182 185 254
Rouzaofun 0.0015 109 199 153 228
Rouzaofun 0.0011 1 -26 99 62
Rice_with_Shredded_Chicken 0.1385 26 20 210 152
Rice_with_Shredded_Chicken 0.0151 80 22 170 141
Rice_with_Shredded_Chicken 0.0082 114 -16 185 17
Rice_with_Shredded_Chicken 0.0066 115 -60 190 57
Rice_with_Shredded_Chicken 0.0047 62 -42 241 38
Rice_with_Shredded_Chicken 0.0019 126 -30 173 47
Rice_with_Shredded_Chicken 0.0018 120 200 170 235
Rice_with_Shredded_Chicken 0.0018 99 -40 201 22
Rice_with_Shredded_Chicken 0.0015 109 199 153 228
Rice_with_Shredded_Chicken 0.0013 105 182 185 254
Rice_with_Shredded_Chicken 0.0011 159 69 301 286
migao 0.0928 80 22 170 141
migao 0.0896 26 20 210 152
migao 0.0116 114 -16 185 17
migao 0.0074 115 -60 190 57
migao 0.0059 62 -42 241 38
migao 0.0025 126 -30 173 47
migao 0.0021 99 -40 201 22
migao 0.0018 120 200 170 235
migao 0.0015 109 199 153 228
migao 0.0012 105 182 185 254
migao 0.0010 159 69 301 286
wagui 0.2678 26 20 210 152
wagui 0.0084 80 22 170 141
wagui 0.0076 114 -16 185 17
wagui 0.0059 115 -60 190 57
wagui 0.0050 62 -42 241 38
wagui 0.0018 120 200 170 235
wagui 0.0016 126 -30 173 47
wagui 0.0013 99 -40 201 22
wagui 0.0012 109 199 153 228
wagui 0.0012 105 182 185 254
