Kongrou 0.0384 20 2 253 181
Kongrou 0.0043 119 -48 202 -7
Kongrou 0.0042 120 -99 208 38
Kongrou 0.0028 58 -74 269 14
Kongrou 0.0019 122 183 199 225
Kongrou 0.0018 96 172 167 215
Kongrou 0.0016 123 143 205 260
Kongrou 0.0012 74 153 252 249
Kongrou 0.0011 102 59 184 323
Rouzaofun 0.6459 5 -8 269 189
Rouzaofun 0.0042 36 23 206 149
Rouzaofun 0.0037 119 -48 202 -7
Rouzaofun 0.0032 120 -99 208 38
Rouzaofun 0.0024 58 -74 269 14
Rouzaofun 0.0019 122 183 199 225
Rouzaofun 0.0013 96 172 167 215
Rouzaofun 0.0013 123 143 205 260
Rouzaofun 0.0013 74 153 252 249
Rouzaofun 0.0010 39 -24 234 120
Rice_with_Shredded_Chicken 0.0464 50 -7 225 187
Rice_with_Shredded_Chicken 0.0038 119 -48 202 -7
Rice_with_Shredded_Chicken 0.0034 120 -99 208 38
Rice_with_Shredded_Chicken 0.0024 58 -74 269 14
Rice_with_Shredded_Chicken 0.0020 122 183 199 225
Rice_with_Shredded_Chicken 0.0012 74 153 252 249
Rice_with_Shredded_Chicken 0.0011 123 143 205 260
Rice_with_Shredded_Chicken 0.0011 102 59 184 323
Rice_with_Shredded_Chicken 0.0010 -9 -174 333 97
Rice_with_Shredded_Chicken 0.0010 2 28 198 164
migao 0.2562 20 2 253 181
migao 0.0051 119 -48 202 -7
migao 0.0039 120 -99 208 38
migao 0.0028 58 -74 269 14
migao 0.0025 122 183 199 225
migao 0.0016 123 143 205 260
migao 0.0013 74 153 252 249
migao 0.0013 96 172 167 215
migao 0.0012 102 59 184 323
wagui 0.0210 20 2 253 181
wagui 0.0036 119 -48 202 -7
wagui 0.0030 120 -99 208 38
wagui 0.0027 58 -74 269 14
wagui 0.0025 96 172 167 215
wagui 0.0014 -9 -174 333 97
wagui 0.0013 123 143 205 260
wagui 0.0011 122 183 199 225
wagui 0.0010 74 153 252 249
wagui 0.0010 102 59 184 323
