Kongrou 0.0101 1 145 174 301
Kongrou 0.0085 115 204 328 270
Kongrou 0.0070 265 208 510 473
Kongrou 0.0031 70 174 348 299
Kongrou 0.0014 309 303 484 414
Rouzaofun 0.0208 115 204 328 270
Rouzaofun 0.0189 236 218 490 508
Rouzaofun 0.0077 70 174 348 299
Rouzaofun 0.0074 1 145 174 301
Rouzaofun 0.0059 278 272 514 443
Rouzaofun 0.0028 134 245 595 482
Rouzaofun 0.0019 309 303 484 414
Rouzaofun 0.0011 525 134 699 339
Rice_with_Shredded_Chicken 0.0210 236 218 490 508
Rice_with_Shredded_Chicken 0.0162 115 204 328 270
Rice_with_Shredded_Chicken 0.0094 1 145 174 301
Rice_with_Shredded_Chicken 0.0060 70 174 348 299
Rice_with_Shredded_Chicken 0.0040 278 272 514 443
Rice_with_Shredded_Chicken 0.0027 134 245 595 482
Rice_with_Shredded_Chicken 0.0010 121 147 332 366
Rice_with_Shredded_Chicken 0.0010 59 395 292 597
Rice_with_Shredded_Chicken 0.0010 298 295 468 394
migao 0.0252 115 204 328 270
migao 0.0250 236 218 490 508
migao 0.0103 1 145 174 301
migao 0.0058 70 174 348 299
migao 0.0056 278 272 514 443
migao 0.0028 134 245 595 482
migao 0.0014 298 295 468 394
wagui 0.4562 236 218 490 508
wagui 0.0725 115 204 328 270
wagui 0.0163 134 245 595 482
wagui 0.0138 70 174 348 299
wagui 0.0086 1 145 174 301
wagui 0.0085 278 272 514 443
wagui 0.0027 298 295 468 394
wagui 0.0021 121 147 332 366
wagui 0.0019 551 189 645 284
wagui 0.0012 405 57 495 119
wagui 0.0011 525 156 699 345
