Kongrou 0.3211 27 5 568 443
Kongrou 0.0032 199 397 379 499
Kongrou 0.0028 481 -19 614 203
Kongrou 0.0015 441 18 654 166
Kongrou 0.0012 208 226 418 660
Kongrou 0.0011 324 472 402 542
Kongrou 0.0010 284 323 434 658
Kongrou 0.0010 69 336 511 552
Kongrou 0.0010 90 59 392 369
Rouzaofun 0.0417 27 5 568 443
Rouzaofun 0.0046 481 -19 614 203
Rouzaofun 0.0039 199 397 379 499
Rouzaofun 0.0028 441 18 654 166
Rouzaofun 0.0015 324 472 402 542
Rouzaofun 0.0010 69 336 511 552
Rouzaofun 0.0010 218 422 369 479
Rice_with_Shredded_Chicken 0.0679 27 5 568 443
Rice_with_Shredded_Chicken 0.0023 481 -19 614 203
Rice_with_Shredded_Chicken 0.0020 441 18 654 166
Rice_with_Shredded_Chicken 0.0016 324 472 402 542
Rice_with_Shredded_Chicken 0.0015 199 397 379 499
Rice_with_Shredded_Chicken 0.0010 208 226 418 660
migao 0.1541 27 5 568 443
migao 0.0036 481 -19 614 203
migao 0.0031 199 397 379 499
migao 0.0027 441 18 654 166
migao 0.0015 324 472 402 542
migao 0.0013 284 394 418 591
migao 0.0013 208 226 418 660
migao 0.0011 218 422 369 479
migao 0.0011 69 336 511 552
wagui 0.0166 27 5 568 443
wagui 0.0060 199 397 379 499
wagui 0.0023 481 -19 614 203
wagui 0.0019 441 18 654 166
wagui 0.0014 324 472 402 542
wagui 0.0013 218 422 369 479
wagui 0.0013 69 336 511 552
