Kongrou 0.0324 52 24 247 207
Kongrou 0.0048 180 -18 269 66
Kongrou 0.0021 86 172 163 215
Kongrou 0.0019 -8 -12 266 125
Kongrou 0.0017 156 -37 289 82
Kongrou 0.0014 -9 28 186 167
Kongrou 0.0014 84 23 185 161
Rouzaofun 0.1521 46 32 250 200
Rouzaofun 0.0034 129 62 240 180
Rouzaofun 0.0020 86 172 163 215
Rouzaofun 0.0016 98 86 269 196
Rouzaofun 0.0012 -9 28 186 167
Rouzaofun 0.0010 156 -37 289 82
Rice_with_Shredded_Chicken 0.1438 46 32 250 200
Rice_with_Shredded_Chicken 0.0016 180 -18 269 66
Rice_with_Shredded_Chicken 0.0014 156 -37 289 82
Rice_with_Shredded_Chicken 0.0013 98 72 270 190
Rice_with_Shredded_Chicken 0.0013 35 -89 264 41
Rice_with_Shredded_Chicken 0.0011 13 -48 135 13
Rice_with_Shredded_Chicken 0.0010 1 -141 301 90
migao 0.1291 46 32 250 200
migao 0.0015 86 172 163 215
migao 0.0014 156 -37 289 82
migao 0.0013 180 -18 269 66
migao 0.0012 99 63 268 180
migao 0.0012 35 -89 264 41
migao 0.0010 109 -37 194 5
migao 0.0010 -8 -12 266 125
wagui 0.0215 46 32 250 200
wagui 0.0023 86 172 163 215
wagui 0.0019 -8 -12 266 125
wagui 0.0013 -9 28 186 167
wagui 0.0013 180 -18 269 66
wagui 0.0011 156 -37 289 82
wagui 0.0011 1 -141 301 90
wagui 0.0010 35 -89 264 41
