Kongrou 0.0436 1604 321 3133 2532
Kongrou 0.0233 925 245 3715 2766
Kongrou 0.0123 2185 3039 3123 3575
Kongrou 0.0086 1962 2618 3063 3942
Kongrou 0.0059 1331 2406 3740 4123
Kongrou 0.0032 2089 3145 2755 3622
Kongrou 0.0028 2251 2788 3510 3828
Kongrou 0.0023 2412 2952 3355 3513
Kongrou 0.0020 1965 2006 3420 4534
Kongrou 0.0013 2474 3140 3294 3625
Kongrou 0.0012 2273 1211 3740 3175
Kongrou 0.0010 2304 3215 2996 3704
Rouzaofun 0.0145 1127 550 3632 2597
Rouzaofun 0.0143 2185 3039 3123 3575
Rouzaofun 0.0101 2007 2754 3294 3859
Rouzaofun 0.0062 1331 2406 3740 4123
Rouzaofun 0.0062 1627 405 3119 2138
Rouzaofun 0.0060 1893 2173 3196 4375
Rouzaofun 0.0040 2089 3145 2755 3622
Rouzaofun 0.0025 2412 2952 3355 3513
Rouzaofun 0.0016 2474 3140 3294 3625
Rouzaofun 0.0012 25 -226 3963 3224
Rouzaofun 0.0012 2304 3215 2996 3704
Rouzaofun 0.0010 1978 2879 2860 3590
Rice_with_Shredded_Chicken 0.0136 2185 3039 3123 3575
Rice_with_Shredded_Chicken 0.0101 1127 550 3632 2597
Rice_with_Shredded_Chicken 0.0093 2007 2754 3294 3859
Rice_with_Shredded_Chicken 0.0061 1893 2173 3196 4375
Rice_with_Shredded_Chicken 0.0061 1331 2406 3740 4123
Rice_with_Shredded_Chicken 0.0044 2089 3145 2755 3622
Rice_with_Shredded_Chicken 0.0023 2519 3029 3403 3585
Rice_with_Shredded_Chicken 0.0017 1627 405 3119 2138
Rice_with_Shredded_Chicken 0.0013 2304 3215 2996 3704
Rice_with_Shredded_Chicken 0.0010 25 -226 3963 3224
migao 0.0375 1148 377 3606 2468
migao 0.0133 2185 3039 3123 3575
migao 0.0105 1962 2618 3063 3942
migao 0.0065 1510 424 2957 2114
migao 0.0059 1331 2406 3740 4123
migao 0.0040 2089 3145 2755 3622
migao 0.0027 2251 2788 3510 3828
migao 0.0025 2412 2952 3355 3513
migao 0.0022 1965 2006 3420 4534
migao 0.0017 25 -226 3963 3224
migao 0.0014 2474 3140 3294 3625
migao 0.0012 2304 3215 2996 3704
migao 0.0010 1978 2879 2860 3590
wagui 0.0147 2185 3039 3123 3575
wagui 0.0091 2007 2754 3294 3859
wagui 0.0061 1893 2173 3196 4375
wagui 0.0052 1127 550 3632 2597
wagui 0.0047 1331 2406 3740 4123
wagui 0.0042 2089 3145 2755 3622
wagui 0.0031 2412 2952 3355 3513
wagui 0.0018 2474 3140 3294 3625
wagui 0.0014 2304 3215 2996 3704
wagui 0.0014 1627 405 3119 2138
wagui 0.0011 25 -226 3963 3224
wagui 0.0010 6 1559 1370 3153
wagui 0.0010 1978 2879 2860 3590
