Kongrou 0.0190 14 26 259 199
Kongrou 0.0068 236 26 276 129
Kongrou 0.0020 244 40 278 105
Kongrou 0.0017 65 -130 248 57
Rouzaofun 0.4618 16 33 257 191
Rouzaofun 0.0152 236 26 276 129
Rouzaofun 0.0067 113 59 235 176
Rouzaofun 0.0037 244 40 278 105
Rouzaofun 0.0029 74 17 190 155
Rouzaofun 0.0016 168 35 217 68
Rouzaofun 0.0015 65 -130 248 57
Rouzaofun 0.0013 217 41 294 115
Rouzaofun 0.0012 77 -15 167 81
Rouzaofun 0.0010 126 6 222 83
Rice_with_Shredded_Chicken 0.0402 16 33 257 191
Rice_with_Shredded_Chicken 0.0101 236 26 276 129
Rice_with_Shredded_Chicken 0.0046 77 -15 167 81
Rice_with_Shredded_Chicken 0.0025 126 6 222 83
Rice_with_Shredded_Chicken 0.0021 244 40 278 105
Rice_with_Shredded_Chicken 0.0020 59 -109 258 36
Rice_with_Shredded_Chicken 0.0018 18 -153 302 76
Rice_with_Shredded_Chicken 0.0011 217 41 294 115
Rice_with_Shredded_Chicken 0.0010 168 35 217 68
Rice_with_Shredded_Chicken 0.0010 124 168 177 259
migao 0.1535 16 33 257 191
migao 0.0171 236 26 276 129
migao 0.0041 244 40 278 105
migao 0.0021 59 -109 258 36
migao 0.0017 168 35 217 68
migao 0.0015 217 41 294 115
migao 0.0014 77 -15 167 81
migao 0.0013 18 -153 302 76
migao 0.0013 124 168 177 259
migao 0.0013 113 59 235 176
migao 0.0010 74 17 190 155
wagui 0.0269 -9 31 243 191
wagui 0.0152 238 43 273 112
wagui 0.0088 77 -15 167 81
wagui 0.0058 126 6 222 83
wagui 0.0022 168 35 217 68
wagui 0.0019 226 35 275 141
wagui 0.0019 18 -153 302 76
wagui 0.0017 4 15 111 156
wagui 0.0015 59 -109 258 36
wagui 0.0013 216 10 275 39
wagui 0.0012 217 41 294 115
wagui 0.0011 8 -50 223 106
wagui 0.0010 230 65 271 122
wagui 0.0010 244 35 278 88
