Kongrou 0.0126 176 165 434 288
Kongrou 0.0035 118 288 903 903
Kongrou 0.0024 194 425 557 725
Kongrou 0.0017 414 549 888 913
Kongrou 0.0017 138 118 432 335
Kongrou 0.0016 286 388 746 1416
Kongrou 0.0014 81 639 949 1153
Kongrou 0.0012 257 840 802 1090
Rouzaofun 0.0269 176 165 434 288
Rouzaofun 0.0109 610 95 926 409
Rouzaofun 0.0079 118 288 903 903
Rouzaofun 0.0029 138 118 432 335
Rouzaofun 0.0017 414 549 888 913
Rouzaofun 0.0014 81 639 949 1153
Rouzaofun 0.0014 209 509 778 946
Rouzaofun 0.0013 286 388 746 1416
Rouzaofun 0.0012 257 840 802 1090
Rouzaofun 0.0010 615 171 900 321
Rouzaofun 0.0010 193 146 417 228
Rouzaofun 0.0010 491 54 1039 456
Rice_with_Shredded_Chicken 0.0706 42 284 979 916
Rice_with_Shredded_Chicken 0.0144 610 95 926 409
Rice_with_Shredded_Chicken 0.0135 176 165 434 288
Rice_with_Shredded_Chicken 0.0061 238 441 827 935
Rice_with_Shredded_Chicken 0.0023 414 549 888 913
Rice_with_Shredded_Chicken 0.0022 81 639 949 1153
Rice_with_Shredded_Chicken 0.0018 138 118 432 335
Rice_with_Shredded_Chicken 0.0016 286 388 746 1416
Rice_with_Shredded_Chicken 0.0016 257 840 802 1090
Rice_with_Shredded_Chicken 0.0013 491 54 1039 456
Rice_with_Shredded_Chicken 0.0011 253 349 812 717
migao 0.0340 176 165 434 288
migao 0.0094 15 331 1008 970
migao 0.0029 610 95 926 409
migao 0.0023 138 118 432 335
migao 0.0016 286 388 746 1416
migao 0.0013 81 639 949 1153
migao 0.0010 238 441 827 935
wagui 0.0294 176 165 434 288
wagui 0.0054 99 372 933 967
wagui 0.0021 138 118 432 335
wagui 0.0020 257 840 802 1090
wagui 0.0015 286 388 746 1416
wagui 0.0014 81 639 949 1153
wagui 0.0013 248 483 482 600
