Kongrou 0.0064 12 -10 102 99
Kongrou 0.0037 -29 -17 60 105
Kongrou 0.0027 -50 -50 81 140
Kongrou 0.0021 215 -19 301 87
Kongrou 0.0015 78 27 206 167
Kongrou 0.0013 160 -54 329 111
Rouzaofun 0.4387 67 30 196 165
Rouzaofun 0.0851 21 44 242 147
Rouzaofun 0.0030 -29 -17 60 105
Rouzaofun 0.0025 -50 -50 81 140
Rouzaofun 0.0020 5 -29 110 119
Rouzaofun 0.0017 215 -19 301 87
Rouzaofun 0.0013 19 -4 101 76
Rouzaofun 0.0013 125 -75 359 132
Rouzaofun 0.0012 139 204 172 237
Rouzaofun 0.0011 202 -65 315 133
Rouzaofun 0.0011 138 186 184 234
Rice_with_Shredded_Chicken 0.0098 67 38 196 174
Rice_with_Shredded_Chicken 0.0095 19 58 245 154
Rice_with_Shredded_Chicken 0.0070 12 -10 102 99
Rice_with_Shredded_Chicken 0.0054 -29 -17 60 105
Rice_with_Shredded_Chicken 0.0027 -50 -50 81 140
Rice_with_Shredded_Chicken 0.0022 215 -19 301 87
Rice_with_Shredded_Chicken 0.0013 139 204 172 237
Rice_with_Shredded_Chicken 0.0012 202 -65 315 133
Rice_with_Shredded_Chicken 0.0010 138 186 184 234
migao 0.0950 67 30 196 165
migao 0.0367 21 44 242 147
migao 0.0052 12 -10 102 99
migao 0.0037 -29 -17 60 105
migao 0.0027 -50 -50 81 140
migao 0.0016 215 -19 301 87
migao 0.0012 139 204 172 237
migao 0.0012 138 186 184 234
migao 0.0012 122 169 178 258
migao 0.0011 160 -54 329 111
migao 0.0010 0 4 121 67
wagui 0.0412 67 38 196 174
wagui 0.0178 19 58 245 154
wagui 0.0084 12 -10 102 99
wagui 0.0043 -29 -17 60 105
wagui 0.0027 -50 -50 81 140
wagui 0.0022 215 -19 301 87
wagui 0.0017 -12 162 91 184
wagui 0.0014 139 204 172 237
wagui 0.0012 202 -65 315 133
wagui 0.0010 138 186 184 234
