Kongrou 0.0350 -4 -8 258 177
Kongrou 0.0136 133 -69 218 -23
Kongrou 0.0106 132 -121 226 23
Kongrou 0.0074 72 -95 284 -1
Kongrou 0.0049 113 184 214 230
Kongrou 0.0035 115 133 220 275
Kongrou 0.0032 57 151 277 257
Kongrou 0.0024 148 -87 203 17
Kongrou 0.0024 95 -143 298 35
Kongrou 0.0017 88 170 175 221
Kongrou 0.0016 115 -97 238 -20
Kongrou 0.0015 86 -86 179 -30
Kongrou 0.0012 3 -201 348 85
Kongrou 0.0011 33 134 139 228
Kongrou 0.0010 111 -85 147 12
Rouzaofun 0.7173 -10 -8 263 175
Rouzaofun 0.0127 19 20 198 159
Rouzaofun 0.0104 133 -69 218 -23
Rouzaofun 0.0084 132 -121 226 23
Rouzaofun 0.0059 72 -95 284 -1
Rouzaofun 0.0043 113 184 214 230
Rouzaofun 0.0033 57 151 277 257
Rouzaofun 0.0032 13 -2 137 135
Rouzaofun 0.0026 148 -87 203 17
Rouzaofun 0.0026 115 133 220 275
Rouzaofun 0.0022 111 -85 147 12
Rouzaofun 0.0016 85 32 226 170
Rouzaofun 0.0014 3 -201 348 85
Rouzaofun 0.0014 95 -143 298 35
Rouzaofun 0.0014 0 -107 100 10
Rouzaofun 0.0013 139 -87 236 -8
Rouzaofun 0.0012 35 -70 232 -2
Rouzaofun 0.0011 22 58 278 198
Rouzaofun 0.0011 33 134 139 228
Rice_with_Shredded_Chicken 0.0458 31 -12 227 177
Rice_with_Shredded_Chicken 0.0104 133 -69 218 -23
Rice_with_Shredded_Chicken 0.0086 132 -121 226 23
Rice_with_Shredded_Chicken 0.0063 72 -95 284 -1
Rice_with_Shredded_Chicken 0.0037 113 184 214 230
Rice_with_Shredded_Chicken 0.0030 148 -87 203 17
Rice_with_Shredded_Chicken 0.0029 57 151 277 257
Rice_with_Shredded_Chicken 0.0025 115 133 220 275
Rice_with_Shredded_Chicken 0.0023 95 -143 298 35
Rice_with_Shredded_Chicken 0.0020 3 -201 348 85
Rice_with_Shredded_Chicken 0.0015 139 -87 236 -8
Rice_with_Shredded_Chicken 0.0014 0 -107 100 10
Rice_with_Shredded_Chicken 0.0011 -10 23 183 155
Rice_with_Shredded_Chicken 0.0011 111 -85 147 12
migao 0.2632 -10 -8 263 175
migao 0.0136 133 -69 218 -23
migao 0.0097 132 -121 226 23
migao 0.0069 72 -95 284 -1
migao 0.0060 113 184 214 230
migao 0.0040 148 -87 203 17
migao 0.0036 57 151 277 257
migao 0.0034 115 133 220 275
migao 0.0026 19 20 198 159
migao 0.0026 111 -85 147 12
migao 0.0024 51 -139 296 28
migao 0.0016 3 -201 348 85
migao 0.0014 115 -97 238 -20
migao 0.0011 35 -70 232 -2
migao 0.0010 0 -107 100 10
migao 0.0010 33 134 139 228
wagui 0.0313 -4 -8 258 177
wagui 0.0090 133 -69 218 -23
wagui 0.0074 132 -121 226 23
wagui 0.0065 72 -95 284 -1
wagui 0.0027 148 -87 203 17
wagui 0.0026 113 184 214 230
wagui 0.0025 57 151 277 257
wagui 0.0025 3 -201 348 85
wagui 0.0023 115 133 220 275
wagui 0.0021 86 -86 179 -30
wagui 0.0018 95 -143 298 35
wagui 0.0014 -27 -147 234 35
wagui 0.0014 111 -85 147 12
wagui 0.0013 77 136 147 164
wagui 0.0012 33 134 139 228
wagui 0.0011 88 170 175 221
