Kongrou 0.0250 34 44 778 502
Kongrou 0.0153 327 -157 622 -7
Kongrou 0.0096 334 -292 635 118
Kongrou 0.0088 191 -245 772 68
Kongrou 0.0032 450 600 561 705
Kongrou 0.0030 339 -117 544 -38
Kongrou 0.0021 471 583 603 689
Kongrou 0.0016 191 -187 461 -38
Kongrou 0.0015 265 -388 791 179
Kongrou 0.0014 126 101 525 534
Kongrou 0.0013 395 520 617 787
Kongrou 0.0011 299 -195 398 89
Kongrou 0.0010 429 550 582 693
Kongrou 0.0010 44 -484 903 264
Rouzaofun 0.4459 -11 71 821 584
Rouzaofun 0.0166 327 -157 622 -7
Rouzaofun 0.0088 191 -245 772 68
Rouzaofun 0.0078 334 -292 635 118
Rouzaofun 0.0054 101 106 491 528
Rouzaofun 0.0049 440 601 540 704
Rouzaofun 0.0032 453 582 590 690
Rouzaofun 0.0019 395 520 617 787
Rouzaofun 0.0019 299 -195 398 89
Rouzaofun 0.0018 339 -117 544 -38
Rouzaofun 0.0017 153 161 655 625
Rouzaofun 0.0016 115 -49 687 466
Rouzaofun 0.0012 127 -145 596 37
Rouzaofun 0.0011 191 -187 461 -38
Rouzaofun 0.0011 44 -484 903 264
Rice_with_Shredded_Chicken 0.1023 34 44 778 502
Rice_with_Shredded_Chicken 0.0148 327 -157 622 -7
Rice_with_Shredded_Chicken 0.0075 191 -245 772 68
Rice_with_Shredded_Chicken 0.0074 334 -292 635 118
Rice_with_Shredded_Chicken 0.0061 440 601 540 704
Rice_with_Shredded_Chicken 0.0036 453 582 590 690
Rice_with_Shredded_Chicken 0.0019 395 520 617 787
Rice_with_Shredded_Chicken 0.0017 339 -117 544 -38
Rice_with_Shredded_Chicken 0.0016 126 101 525 534
Rice_with_Shredded_Chicken 0.0015 44 -484 903 264
Rice_with_Shredded_Chicken 0.0014 299 -195 398 89
Rice_with_Shredded_Chicken 0.0013 265 -388 791 179
Rice_with_Shredded_Chicken 0.0012 -67 -369 628 156
Rice_with_Shredded_Chicken 0.0011 127 -145 596 37
migao 0.1575 34 44 778 502
migao 0.0176 327 -157 622 -7
migao 0.0094 191 -245 772 68
migao 0.0093 334 -292 635 118
migao 0.0050 440 601 540 704
migao 0.0032 453 582 590 690
migao 0.0028 339 -117 544 -38
migao 0.0025 126 101 525 534
migao 0.0024 299 -195 398 89
migao 0.0016 395 520 617 787
migao 0.0013 44 -484 903 264
migao 0.0013 127 -145 596 37
migao 0.0012 265 -388 791 179
migao 0.0010 191 -319 530 207
wagui 0.0278 34 44 778 502
wagui 0.0088 327 -157 622 -7
wagui 0.0072 334 -292 635 118
wagui 0.0070 191 -245 772 68
wagui 0.0062 440 601 540 704
wagui 0.0039 453 582 590 690
wagui 0.0026 339 -117 544 -38
wagui 0.0023 191 -187 461 -38
wagui 0.0018 395 520 617 787
wagui 0.0018 44 -484 903 264
wagui 0.0015 -67 -369 628 156
wagui 0.0014 299 -195 398 89
wagui 0.0012 265 -388 791 179
wagui 0.0011 496 598 610 706
