Kongrou 0.0181 122 -13 226 58
Kongrou 0.0152 221 23 261 145
Kongrou 0.0082 -1 57 46 160
Kongrou 0.0039 71 10 227 184
Kongrou 0.0035 208 45 274 123
Kongrou 0.0023 -13 70 58 138
Kongrou 0.0022 76 -24 271 70
Kongrou 0.0014 89 167 159 219
Kongrou 0.0011 224 50 258 118
Kongrou 0.0010 167 -6 323 162
Kongrou 0.0010 111 148 179 274
Rouzaofun 0.2225 64 31 234 196
Rouzaofun 0.0226 221 23 261 145
Rouzaofun 0.0209 -1 57 46 160
Rouzaofun 0.0062 71 32 179 150
Rouzaofun 0.0055 208 45 274 123
Rouzaofun 0.0052 -13 70 58 138
Rouzaofun 0.0038 6 -18 253 173
Rouzaofun 0.0033 122 -13 226 58
Rouzaofun 0.0024 111 46 218 175
Rouzaofun 0.0019 224 50 258 118
Rouzaofun 0.0015 -1 79 36 139
Rouzaofun 0.0012 89 167 159 219
Rouzaofun 0.0010 65 75 183 188
Rouzaofun 0.0010 116 170 167 254
Rice_with_Shredded_Chicken 0.0362 63 15 233 184
Rice_with_Shredded_Chicken 0.0305 122 -13 226 58
Rice_with_Shredded_Chicken 0.0136 221 23 261 145
Rice_with_Shredded_Chicken 0.0114 -1 57 46 160
Rice_with_Shredded_Chicken 0.0044 208 45 274 123
Rice_with_Shredded_Chicken 0.0034 -13 70 58 138
Rice_with_Shredded_Chicken 0.0029 76 -24 271 70
Rice_with_Shredded_Chicken 0.0011 40 49 189 173
Rice_with_Shredded_Chicken 0.0010 116 170 167 254
migao 0.0579 64 31 234 196
migao 0.0233 221 23 261 145
migao 0.0148 -1 57 46 160
migao 0.0098 122 -13 226 58
migao 0.0076 208 45 274 123
migao 0.0049 -13 70 58 138
migao 0.0014 116 170 167 254
migao 0.0013 76 -24 271 70
migao 0.0012 6 -18 253 173
migao 0.0012 224 50 258 118
migao 0.0011 71 32 179 150
migao 0.0010 -1 79 36 139
wagui 0.0098 221 23 261 145
wagui 0.0088 -1 57 46 160
wagui 0.0053 64 31 234 196
wagui 0.0047 122 -13 226 58
wagui 0.0045 208 45 274 123
wagui 0.0031 -13 70 58 138
wagui 0.0019 89 167 159 219
