Kongrou 0.3007 115 21 921 582
Kongrou 0.0229 380 5 763 484
Kongrou 0.0107 389 -162 665 -20
Kongrou 0.0092 388 -320 689 119
Kongrou 0.0065 208 -251 863 52
Kongrou 0.0027 208 -98 811 431
Kongrou 0.0027 268 -463 904 223
Kongrou 0.0018 328 -200 448 79
Kongrou 0.0015 440 -202 617 85
Kongrou 0.0012 121 -165 682 39
Kongrou 0.0011 88 216 824 665
Kongrou 0.0010 312 566 549 708
Kongrou 0.0010 338 -241 721 -14
Rouzaofun 0.0330 171 17 842 592
Rouzaofun 0.0083 389 -162 665 -20
Rouzaofun 0.0074 388 -320 689 119
Rouzaofun 0.0055 208 -251 863 52
Rouzaofun 0.0024 328 -200 448 79
Rouzaofun 0.0022 380 5 763 484
Rouzaofun 0.0017 232 -418 792 175
Rouzaofun 0.0015 35 -539 1019 288
Rouzaofun 0.0015 121 -165 682 39
Rouzaofun 0.0013 440 -202 617 85
Rouzaofun 0.0012 262 71 946 426
Rouzaofun 0.0011 138 -91 744 422
Rice_with_Shredded_Chicken 0.0229 171 17 842 592
Rice_with_Shredded_Chicken 0.0085 389 -162 665 -20
Rice_with_Shredded_Chicken 0.0074 388 -320 689 119
Rice_with_Shredded_Chicken 0.0056 208 -251 863 52
Rice_with_Shredded_Chicken 0.0024 268 -463 904 223
Rice_with_Shredded_Chicken 0.0015 440 -202 617 85
Rice_with_Shredded_Chicken 0.0015 328 -200 448 79
Rice_with_Shredded_Chicken 0.0013 380 5 763 484
Rice_with_Shredded_Chicken 0.0012 121 -165 682 39
migao 0.2029 101 -24 935 622
migao 0.0109 389 -162 665 -20
migao 0.0086 388 -320 689 119
migao 0.0080 380 5 763 484
migao 0.0064 208 -251 863 52
migao 0.0057 231 73 908 424
migao 0.0033 328 -200 448 79
migao 0.0021 440 -202 617 85
migao 0.0019 268 -463 904 223
migao 0.0017 138 -91 744 422
migao 0.0015 121 -165 682 39
migao 0.0012 201 -346 599 218
wagui 0.3848 101 -24 935 622
wagui 0.0140 380 5 763 484
wagui 0.0073 389 -162 665 -20
wagui 0.0067 388 -320 689 119
wagui 0.0058 231 73 908 424
wagui 0.0057 208 -251 863 52
wagui 0.0026 328 -200 448 79
wagui 0.0026 35 -539 1019 288
wagui 0.0016 255 -210 540 -44
wagui 0.0015 232 -418 792 175
wagui 0.0014 440 -202 617 85
wagui 0.0013 185 86 678 545
wagui 0.0013 138 -91 744 422
wagui 0.0012 121 -165 682 39
