Kongrou 0.2612 176 30 735 511
Kongrou 0.0026 318 -149 557 -15
Kongrou 0.0024 347 65 668 436
Kongrou 0.0023 316 -277 579 101
Kongrou 0.0022 696 377 826 723
Kongrou 0.0021 -16 -13 186 191
Kongrou 0.0018 185 -386 729 174
Kongrou 0.0015 53 -44 743 337
Kongrou 0.0012 619 436 903 697
Kongrou 0.0011 267 498 498 635
Rouzaofun 0.0239 176 30 735 511
Rouzaofun 0.0097 -16 -13 186 191
Rouzaofun 0.0026 696 377 826 723
Rouzaofun 0.0025 318 -149 557 -15
Rouzaofun 0.0019 316 -277 579 101
Rouzaofun 0.0017 497 -37 763 170
Rouzaofun 0.0016 185 -386 729 174
Rouzaofun 0.0016 -132 -64 286 261
Rouzaofun 0.0013 619 436 903 697
Rouzaofun 0.0012 -76 9 275 168
Rice_with_Shredded_Chicken 0.1158 176 30 735 511
Rice_with_Shredded_Chicken 0.0041 -16 -13 186 191
Rice_with_Shredded_Chicken 0.0024 318 -149 557 -15
Rice_with_Shredded_Chicken 0.0019 185 -386 729 174
Rice_with_Shredded_Chicken 0.0019 696 377 826 723
Rice_with_Shredded_Chicken 0.0019 316 -277 579 101
Rice_with_Shredded_Chicken 0.0014 497 -37 763 170
Rice_with_Shredded_Chicken 0.0011 619 436 903 697
Rice_with_Shredded_Chicken 0.0010 360 526 576 663
migao 0.2006 176 30 735 511
migao 0.0056 -16 -13 186 191
migao 0.0032 318 -149 557 -15
migao 0.0030 696 377 826 723
migao 0.0022 316 -277 579 101
migao 0.0018 183 -310 737 99
migao 0.0016 619 436 903 697
migao 0.0014 101 -427 829 207
migao 0.0013 497 -37 763 170
migao 0.0011 360 526 576 663
wagui 0.0183 176 30 735 511
wagui 0.0153 497 -37 763 170
wagui 0.0034 -16 -13 186 191
wagui 0.0026 696 377 826 723
wagui 0.0020 318 -149 557 -15
wagui 0.0018 101 -427 829 207
wagui 0.0018 316 -277 579 101
wagui 0.0017 619 436 903 697
wagui 0.0016 169 -234 723 57
wagui 0.0011 395 -93 868 231
