Kongrou 0.0054 144 63 249 146
Kongrou 0.0031 132 -68 215 -19
Kongrou 0.0030 -26 -20 229 188
Kongrou 0.0029 91 -164 296 57
Kongrou 0.0029 135 -114 220 21
Kongrou 0.0019 69 -94 285 1
Kongrou 0.0019 89 168 173 224
Kongrou 0.0016 112 48 286 156
Kongrou 0.0015 8 -201 339 90
Kongrou 0.0012 156 81 226 117
Kongrou 0.0010 106 159 221 232
Kongrou 0.0010 123 188 201 228
Kongrou 0.0010 98 74 272 135
Rouzaofun 0.5569 148 34 251 168
Rouzaofun 0.0107 103 55 295 170
Rouzaofun 0.0060 126 73 278 136
Rouzaofun 0.0055 167 55 260 142
Rouzaofun 0.0029 235 0 325 156
Rouzaofun 0.0028 132 -68 215 -19
Rouzaofun 0.0023 135 -114 220 21
Rouzaofun 0.0021 -26 -20 229 188
Rouzaofun 0.0020 91 -164 296 57
Rouzaofun 0.0019 156 81 226 117
Rouzaofun 0.0019 171 83 245 126
Rouzaofun 0.0017 69 -94 285 1
Rouzaofun 0.0016 185 2 374 158
Rouzaofun 0.0016 8 -201 339 90
Rouzaofun 0.0013 140 52 242 123
Rice_with_Shredded_Chicken 0.0312 148 34 251 168
Rice_with_Shredded_Chicken 0.0036 103 55 295 170
Rice_with_Shredded_Chicken 0.0034 112 74 280 135
Rice_with_Shredded_Chicken 0.0030 132 -68 215 -19
Rice_with_Shredded_Chicken 0.0028 -18 -35 182 199
Rice_with_Shredded_Chicken 0.0026 91 -164 296 57
Rice_with_Shredded_Chicken 0.0023 135 -114 220 21
Rice_with_Shredded_Chicken 0.0023 134 58 236 140
Rice_with_Shredded_Chicken 0.0023 8 -201 339 90
Rice_with_Shredded_Chicken 0.0021 235 0 325 156
Rice_with_Shredded_Chicken 0.0020 168 62 259 147
Rice_with_Shredded_Chicken 0.0017 69 -94 285 1
Rice_with_Shredded_Chicken 0.0014 185 2 374 158
Rice_with_Shredded_Chicken 0.0011 -37 -161 240 55
migao 0.1401 148 34 251 168
migao 0.0044 126 73 278 136
migao 0.0039 106 31 292 150
migao 0.0034 132 -68 215 -19
migao 0.0030 167 55 260 142
migao 0.0028 -18 -35 182 199
migao 0.0026 135 -114 220 21
migao 0.0025 54 -135 288 29
migao 0.0019 8 -201 339 90
migao 0.0014 235 0 325 156
migao 0.0013 156 81 226 117
migao 0.0012 171 83 245 126
migao 0.0010 123 188 201 228
wagui 0.0294 148 34 251 168
wagui 0.0043 -18 -35 182 199
wagui 0.0029 106 31 292 150
wagui 0.0028 8 -201 339 90
wagui 0.0026 126 73 278 136
wagui 0.0024 91 -164 296 57
wagui 0.0021 132 -68 215 -19
wagui 0.0021 135 -114 220 21
wagui 0.0019 235 0 325 156
wagui 0.0018 69 -94 285 1
wagui 0.0017 167 55 260 142
wagui 0.0016 185 2 374 158
wagui 0.0013 101 169 183 223
wagui 0.0011 -37 -161 240 55
