Kongrou 0.0304 891 -21 1207 395
Kongrou 0.0149 280 -109 780 609
Kongrou 0.0075 742 31 1309 296
Kongrou 0.0073 117 35 937 544
Kongrou 0.0028 929 53 1168 276
Kongrou 0.0021 520 -504 916 70
Kongrou 0.0019 536 -331 870 -85
Kongrou 0.0015 207 -571 1176 79
Kongrou 0.0013 828 225 1468 1134
Kongrou 0.0012 486 710 828 909
Kongrou 0.0012 492 547 851 1047
Kongrou 0.0010 -89 245 727 948
Kongrou 0.0010 459 167 809 484
Rouzaofun 0.0686 891 -21 1207 395
Rouzaofun 0.0151 800 54 1298 319
Rouzaofun 0.0057 925 70 1173 305
Rouzaofun 0.0051 235 28 738 640
Rouzaofun 0.0019 536 -331 870 -85
Rouzaofun 0.0018 520 -504 916 70
Rouzaofun 0.0014 299 -635 1069 141
Rouzaofun 0.0013 828 225 1468 1134
Rouzaofun 0.0013 486 710 828 909
Rouzaofun 0.0012 42 -731 1359 222
Rouzaofun 0.0010 715 -12 1336 248
Rouzaofun 0.0010 230 584 1110 1006
Rouzaofun 0.0010 492 547 851 1047
Rouzaofun 0.0010 120 25 937 468
Rice_with_Shredded_Chicken 0.0391 891 -21 1207 395
Rice_with_Shredded_Chicken 0.0273 105 -22 907 625
Rice_with_Shredded_Chicken 0.0113 800 54 1298 319
Rice_with_Shredded_Chicken 0.0023 925 70 1173 305
Rice_with_Shredded_Chicken 0.0021 536 -331 870 -85
Rice_with_Shredded_Chicken 0.0021 207 -571 1176 79
Rice_with_Shredded_Chicken 0.0017 520 -504 916 70
Rice_with_Shredded_Chicken 0.0015 828 225 1468 1134
Rice_with_Shredded_Chicken 0.0011 472 378 1280 1006
Rice_with_Shredded_Chicken 0.0011 486 710 828 909
Rice_with_Shredded_Chicken 0.0010 -181 20 502 651
migao 0.0665 891 -21 1207 395
migao 0.0160 800 54 1298 319
migao 0.0099 105 -22 907 625
migao 0.0036 925 70 1173 305
migao 0.0023 536 -331 870 -85
migao 0.0021 207 -571 1176 79
migao 0.0020 520 -504 916 70
migao 0.0018 486 710 828 909
migao 0.0012 492 547 851 1047
migao 0.0011 828 225 1468 1134
migao 0.0010 -181 20 502 651
wagui 0.0327 891 -21 1207 395
wagui 0.0103 800 54 1298 319
wagui 0.0036 117 35 937 544
wagui 0.0027 273 -78 790 667
wagui 0.0019 42 -731 1359 222
wagui 0.0018 929 53 1168 276
wagui 0.0017 520 -504 916 70
wagui 0.0015 536 -331 870 -85
wagui 0.0014 326 -441 1103 4
wagui 0.0010 -181 20 502 651
