Kongrou 0.0366 6 18 181 136
Kongrou 0.0052 5 40 220 186
Kongrou 0.0011 58 14 158 98
Kongrou 0.0010 12 -12 84 56
Rouzaofun 0.0136 6 18 181 136
Rouzaofun 0.0029 5 40 220 186
Rouzaofun 0.0024 12 -12 84 56
Rouzaofun 0.0010 -18 -23 113 67
Rice_with_Shredded_Chicken 0.0022 10 31 216 189
Rice_with_Shredded_Chicken 0.0013 12 -12 84 56
migao 0.0115 6 18 181 136
migao 0.0069 5 40 220 186
migao 0.0022 12 -12 84 56
migao 0.0011 -18 -23 113 67
wagui 0.0961 5 40 220 186
wagui 0.0193 6 18 181 136
wagui 0.0189 12 -12 84 56
wagui 0.0032 -18 -23 113 67
wagui 0.0021 72 67 179 166
wagui 0.0012 21 -62 237 79
wagui 0.0011 55 17 160 112
