Kongrou 0.0085 4 137 40 192
Kongrou 0.0045 204 66 258 143
Kongrou 0.0031 210 81 252 128
Kongrou 0.0022 71 15 177 152
Rouzaofun 0.2930 73 22 175 163
Rouzaofun 0.1098 38 39 209 145
Rouzaofun 0.0265 4 137 40 192
Rouzaofun 0.0232 204 66 258 143
Rouzaofun 0.0134 210 81 252 128
Rouzaofun 0.0026 143 140 220 198
Rouzaofun 0.0018 218 150 253 188
Rouzaofun 0.0017 107 50 185 129
Rouzaofun 0.0015 151 157 212 191
Rouzaofun 0.0015 0 -22 218 136
Rouzaofun 0.0012 18 13 277 178
Rouzaofun 0.0011 71 51 152 128
Rouzaofun 0.0010 -3 146 28 192
Rice_with_Shredded_Chicken 0.0259 4 137 40 192
Rice_with_Shredded_Chicken 0.0201 38 39 209 145
Rice_with_Shredded_Chicken 0.0164 204 66 258 143
Rice_with_Shredded_Chicken 0.0113 73 22 175 163
Rice_with_Shredded_Chicken 0.0095 210 81 252 128
Rice_with_Shredded_Chicken 0.0019 218 150 253 188
Rice_with_Shredded_Chicken 0.0011 143 140 220 198
migao 0.0533 73 22 175 163
migao 0.0387 38 39 209 145
migao 0.0299 4 137 40 192
migao 0.0145 204 66 258 143
migao 0.0126 210 81 252 128
migao 0.0024 218 150 253 188
migao 0.0013 151 157 212 191
migao 0.0011 -3 146 28 192
migao 0.0010 143 140 220 198
wagui 0.0382 4 137 40 192
wagui 0.0163 204 66 258 143
wagui 0.0138 210 81 252 128
wagui 0.0103 38 39 209 145
wagui 0.0072 73 22 175 163
wagui 0.0053 218 150 253 188
wagui 0.0020 -3 146 28 192
wagui 0.0011 -55 20 116 214
wagui 0.0010 0 -22 218 136
wagui 0.0010 7 19 37 41
wagui 0.0010 7 8 37 32
