Kongrou 0.0116 449 165 589 331
Kongrou 0.0113 232 -125 395 -40
Kongrou 0.0106 485 210 553 284
Kongrou 0.0087 236 -209 404 36
Kongrou 0.0074 443 203 513 271
Kongrou 0.0061 136 -174 501 0
Kongrou 0.0051 57 29 250 293
Kongrou 0.0050 390 54 619 434
Kongrou 0.0035 489 152 550 198
Kongrou 0.0029 -29 56 335 262
Kongrou 0.0027 146 -273 463 72
Kongrou 0.0024 402 154 554 300
Kongrou 0.0022 26 -349 599 144
Kongrou 0.0019 355 151 692 375
Kongrou 0.0018 101 -2 217 65
Kongrou 0.0017 380 198 432 255
Kongrou 0.0016 337 180 502 347
Kongrou 0.0015 182 300 331 400
Kongrou 0.0013 58 109 219 262
Kongrou 0.0012 94 -30 225 93
Kongrou 0.0012 361 229 492 287
Kongrou 0.0011 103 89 277 262
Kongrou 0.0010 204 -175 425 -34
Kongrou 0.0010 155 -153 317 -54
Rouzaofun 0.0341 58 49 250 308
Rouzaofun 0.0106 485 210 553 284
Rouzaofun 0.0101 232 -125 395 -40
Rouzaofun 0.0091 449 165 589 331
Rouzaofun 0.0077 452 203 524 271
Rouzaofun 0.0071 -30 73 337 286
Rouzaofun 0.0068 236 -209 404 36
Rouzaofun 0.0059 489 152 550 198
Rouzaofun 0.0053 136 -174 501 0
Rouzaofun 0.0052 390 54 619 434
Rouzaofun 0.0027 361 229 492 287
Rouzaofun 0.0026 380 198 432 255
Rouzaofun 0.0024 146 -273 463 72
Rouzaofun 0.0022 26 -349 599 144
Rouzaofun 0.0021 402 154 554 300
Rouzaofun 0.0019 101 -2 217 65
Rouzaofun 0.0019 337 180 502 347
Rouzaofun 0.0015 355 151 692 375
Rouzaofun 0.0015 38 115 321 236
Rouzaofun 0.0015 453 96 586 254
Rouzaofun 0.0014 103 89 277 262
Rouzaofun 0.0014 58 109 219 262
Rouzaofun 0.0010 335 212 394 283
Rice_with_Shredded_Chicken 0.1473 58 49 250 308
Rice_with_Shredded_Chicken 0.0258 -30 73 337 286
Rice_with_Shredded_Chicken 0.0098 485 210 553 284
Rice_with_Shredded_Chicken 0.0097 232 -125 395 -40
Rice_with_Shredded_Chicken 0.0090 449 165 589 331
Rice_with_Shredded_Chicken 0.0070 452 203 524 271
Rice_with_Shredded_Chicken 0.0067 236 -209 404 36
Rice_with_Shredded_Chicken 0.0054 489 152 550 198
Rice_with_Shredded_Chicken 0.0054 136 -174 501 0
Rice_with_Shredded_Chicken 0.0050 390 54 619 434
Rice_with_Shredded_Chicken 0.0035 361 229 492 287
Rice_with_Shredded_Chicken 0.0032 26 -349 599 144
Rice_with_Shredded_Chicken 0.0031 380 198 432 255
Rice_with_Shredded_Chicken 0.0028 146 -273 463 72
Rice_with_Shredded_Chicken 0.0023 337 180 502 347
Rice_with_Shredded_Chicken 0.0019 402 154 554 300
Rice_with_Shredded_Chicken 0.0019 101 -2 217 65
Rice_with_Shredded_Chicken 0.0019 355 151 692 375
Rice_with_Shredded_Chicken 0.0015 -29 -261 394 64
Rice_with_Shredded_Chicken 0.0011 38 115 321 236
Rice_with_Shredded_Chicken 0.0011 286 105 555 422
Rice_with_Shredded_Chicken 0.0010 335 212 394 283
Rice_with_Shredded_Chicken 0.0010 453 96 586 254
migao 0.0182 58 49 250 308
migao 0.0118 485 210 553 284
migao 0.0117 232 -125 395 -40
migao 0.0096 449 165 589 331
migao 0.0083 452 203 524 271
migao 0.0078 489 152 550 198
migao 0.0075 236 -209 404 36
migao 0.0061 136 -174 501 0
migao 0.0057 -30 73 337 286
migao 0.0050 390 54 619 434
migao 0.0047 361 229 492 287
migao 0.0036 380 198 432 255
migao 0.0026 101 -2 217 65
migao 0.0025 26 -349 599 144
migao 0.0022 337 180 502 347
migao 0.0020 146 -273 463 72
migao 0.0019 402 154 554 300
migao 0.0018 355 151 692 375
migao 0.0012 38 115 321 236
migao 0.0011 335 212 394 283
migao 0.0011 453 96 586 254
migao 0.0010 94 -30 225 93
wagui 0.0129 489 152 550 198
wagui 0.0086 485 210 553 284
wagui 0.0071 449 165 589 331
wagui 0.0067 232 -125 395 -40
wagui 0.0063 443 203 513 271
wagui 0.0062 236 -209 404 36
wagui 0.0053 390 54 619 434
wagui 0.0053 136 -174 501 0
wagui 0.0050 57 29 250 293
wagui 0.0040 380 198 432 255
wagui 0.0037 -29 56 335 262
wagui 0.0037 26 -349 599 144
wagui 0.0033 361 229 492 287
wagui 0.0029 101 -2 217 65
wagui 0.0021 146 -273 463 72
wagui 0.0020 -29 -261 394 64
wagui 0.0017 155 -153 317 -54
wagui 0.0017 182 300 331 400
wagui 0.0016 402 154 554 300
wagui 0.0016 355 151 692 375
wagui 0.0015 471 151 526 199
wagui 0.0015 197 -2 266 23
wagui 0.0014 453 96 586 254
wagui 0.0012 506 140 553 190
wagui 0.0012 335 212 394 283
wagui 0.0011 94 -30 225 93
