Kongrou 0.1066 31 0 844 674
Kongrou 0.0161 230 23 678 620
Kongrou 0.0147 699 -80 996 328
Kongrou 0.0078 784 -23 1047 291
Kongrou 0.0024 331 124 632 499
Kongrou 0.0023 377 86 767 711
Kongrou 0.0019 242 159 721 424
Kongrou 0.0012 912 -3 1038 113
Kongrou 0.0011 698 2 1132 225
Kongrou 0.0011 168 17 502 550
Rouzaofun 0.0433 97 17 908 666
Rouzaofun 0.0179 699 -80 996 328
Rouzaofun 0.0078 784 -23 1047 291
Rouzaofun 0.0028 247 177 716 445
Rouzaofun 0.0021 354 117 648 505
Rouzaofun 0.0018 698 2 1132 225
Rouzaofun 0.0016 324 164 742 709
Rouzaofun 0.0013 912 -3 1038 113
Rouzaofun 0.0010 858 28 1012 240
Rice_with_Shredded_Chicken 0.1204 97 17 908 666
Rice_with_Shredded_Chicken 0.0077 699 -80 996 328
Rice_with_Shredded_Chicken 0.0042 784 -23 1047 291
Rice_with_Shredded_Chicken 0.0020 247 177 716 445
Rice_with_Shredded_Chicken 0.0017 291 10 696 633
Rice_with_Shredded_Chicken 0.0012 698 2 1132 225
Rice_with_Shredded_Chicken 0.0012 354 100 648 482
Rice_with_Shredded_Chicken 0.0010 228 -401 956 130
Rice_with_Shredded_Chicken 0.0010 450 655 751 866
migao 0.1261 97 17 908 666
migao 0.0174 699 -80 996 328
migao 0.0088 784 -23 1047 291
migao 0.0036 291 10 696 633
migao 0.0030 247 177 716 445
migao 0.0018 354 117 648 505
migao 0.0017 698 2 1132 225
migao 0.0013 912 -3 1038 113
migao 0.0011 450 655 751 866
migao 0.0010 228 -401 956 130
wagui 0.0594 97 17 908 666
wagui 0.0059 699 -80 996 328
wagui 0.0056 784 -23 1047 291
wagui 0.0022 912 -3 1038 113
wagui 0.0022 247 177 716 445
wagui 0.0014 291 10 696 633
wagui 0.0013 698 2 1132 225
wagui 0.0012 354 117 648 505
wagui 0.0010 -109 -492 820 213
wagui 0.0010 97 -597 1101 306
