Kongrou 0.0167 -1 -10 135 84
Kongrou 0.0096 43 42 588 441
Kongrou 0.0015 273 366 442 680
Kongrou 0.0014 325 481 450 577
Kongrou 0.0012 178 120 486 436
Kongrou 0.0012 -111 366 367 706
Kongrou 0.0011 170 415 545 628
Kongrou 0.0010 17 395 298 600
Rouzaofun 0.0380 -1 -10 135 84
Rouzaofun 0.0162 43 42 588 441
Rouzaofun 0.0020 186 130 479 471
Rouzaofun 0.0019 325 481 450 577
Rouzaofun 0.0015 287 420 415 631
Rouzaofun 0.0013 17 395 298 600
Rouzaofun 0.0012 -111 366 367 706
Rouzaofun 0.0012 170 415 545 628
Rouzaofun 0.0010 306 440 492 619
Rouzaofun 0.0010 321 500 404 582
Rice_with_Shredded_Chicken 0.0737 43 42 588 441
Rice_with_Shredded_Chicken 0.0232 -1 -10 135 84
Rice_with_Shredded_Chicken 0.0045 186 130 479 471
Rice_with_Shredded_Chicken 0.0017 325 481 450 577
Rice_with_Shredded_Chicken 0.0016 287 420 415 631
Rice_with_Shredded_Chicken 0.0013 170 415 545 628
Rice_with_Shredded_Chicken 0.0012 17 395 298 600
Rice_with_Shredded_Chicken 0.0010 321 500 404 582
migao 0.0556 -1 -10 135 84
migao 0.0192 49 42 583 435
migao 0.0022 287 420 415 631
migao 0.0018 325 481 450 577
migao 0.0012 170 415 545 628
migao 0.0011 -111 366 367 706
migao 0.0010 17 395 298 600
migao 0.0010 321 500 404 582
wagui 0.0680 -1 -10 135 84
wagui 0.0025 49 42 583 435
wagui 0.0017 325 481 450 577
wagui 0.0016 596 80 646 190
wagui 0.0012 2 16 107 105
wagui 0.0011 273 366 442 680
wagui 0.0010 -111 366 367 706
wagui 0.0010 231 444 396 490
wagui 0.0010 321 500 404 582
