Kongrou 0.0333 77 16 171 168
Kongrou 0.0081 46 37 211 159
Kongrou 0.0041 10 4 247 192
Kongrou 0.0020 74 65 159 144
Kongrou 0.0013 71 40 162 119
Kongrou 0.0010 78 -56 209 60
Rouzaofun 0.0187 77 16 171 168
Rouzaofun 0.0097 46 37 211 159
Rouzaofun 0.0030 10 4 247 192
Rouzaofun 0.0022 76 56 157 143
Rouzaofun 0.0017 48 52 185 117
Rouzaofun 0.0012 161 -14 248 78
Rouzaofun 0.0010 89 -66 201 73
Rice_with_Shredded_Chicken 0.0095 161 -14 248 78
Rice_with_Shredded_Chicken 0.0030 40 43 207 159
Rice_with_Shredded_Chicken 0.0027 77 16 171 168
Rice_with_Shredded_Chicken 0.0012 48 52 185 117
Rice_with_Shredded_Chicken 0.0012 76 56 157 143
Rice_with_Shredded_Chicken 0.0011 89 -66 201 73
migao 0.0615 77 16 171 168
migao 0.0230 43 35 204 148
migao 0.0051 10 4 247 192
migao 0.0018 74 65 159 144
migao 0.0017 48 52 185 117
migao 0.0016 23 68 225 175
migao 0.0014 161 -14 248 78
migao 0.0012 110 173 153 253
migao 0.0011 89 -66 201 73
wagui 0.0761 77 16 171 168
wagui 0.0443 46 37 211 159
wagui 0.0139 161 -14 248 78
wagui 0.0079 10 4 247 192
wagui 0.0058 59 78 190 184
wagui 0.0016 74 65 159 144
wagui 0.0014 48 52 185 117
wagui 0.0010 89 -66 201 73
