Kongrou 0.0383 384 117 752 687
Kongrou 0.0319 709 53 1002 300
Kongrou 0.0121 132 172 896 736
Kongrou 0.0082 436 44 646 151
Kongrou 0.0034 430 675 693 1005
Kongrou 0.0024 409 -14 674 211
Kongrou 0.0021 291 634 856 1031
Kongrou 0.0019 -4 290 62 456
Kongrou 0.0015 603 97 1148 295
Rouzaofun 0.0362 702 83 1010 308
Rouzaofun 0.0196 132 172 896 736
Rouzaofun 0.0114 436 44 646 151
Rouzaofun 0.0068 -4 290 62 456
Rouzaofun 0.0053 334 153 726 727
Rouzaofun 0.0036 430 675 693 1005
Rouzaofun 0.0027 409 -14 674 211
Rouzaofun 0.0022 291 634 856 1031
Rouzaofun 0.0015 129 179 402 293
Rouzaofun 0.0015 674 56 958 139
Rouzaofun 0.0015 608 105 1144 326
Rouzaofun 0.0014 96 61 411 356
Rice_with_Shredded_Chicken 0.0271 709 53 1002 300
Rice_with_Shredded_Chicken 0.0116 -4 290 62 456
Rice_with_Shredded_Chicken 0.0096 132 172 896 736
Rice_with_Shredded_Chicken 0.0094 436 44 646 151
Rice_with_Shredded_Chicken 0.0047 373 26 692 298
Rice_with_Shredded_Chicken 0.0038 430 675 693 1005
Rice_with_Shredded_Chicken 0.0027 603 97 1148 295
Rice_with_Shredded_Chicken 0.0024 99 110 411 381
Rice_with_Shredded_Chicken 0.0021 291 634 856 1031
Rice_with_Shredded_Chicken 0.0020 334 153 726 727
Rice_with_Shredded_Chicken 0.0015 674 56 958 139
Rice_with_Shredded_Chicken 0.0010 85 -161 941 440
migao 0.0563 709 53 1002 300
migao 0.0377 132 172 896 736
migao 0.0258 331 102 728 704
migao 0.0176 436 44 646 151
migao 0.0137 -4 290 62 456
migao 0.0050 430 675 693 1005
migao 0.0036 603 97 1148 295
migao 0.0026 409 -14 674 211
migao 0.0021 291 634 856 1031
migao 0.0017 674 56 958 139
migao 0.0015 442 4 564 73
migao 0.0013 90 177 401 294
wagui 0.0485 709 53 1002 300
wagui 0.0457 132 172 896 736
wagui 0.0381 436 44 646 151
wagui 0.0252 334 153 726 727
wagui 0.0235 -4 290 62 456
wagui 0.0040 674 56 958 139
wagui 0.0040 409 -14 674 211
wagui 0.0027 416 574 730 1098
wagui 0.0027 603 97 1148 295
wagui 0.0026 442 4 564 73
wagui 0.0022 408 26 731 301
wagui 0.0014 291 634 856 1031
wagui 0.0012 402 66 720 169
wagui 0.0011 -20 281 39 464
wagui 0.0011 -26 252 46 377
wagui 0.0010 114 553 911 1139
