Kongrou 0.0981 112 50 216 184
Kongrou 0.0321 151 -5 234 77
Kongrou 0.0230 83 66 264 169
Kongrou 0.0151 46 93 117 178
Kongrou 0.0083 35 72 106 157
Kongrou 0.0063 129 9 255 62
Kongrou 0.0056 163 13 222 58
Kongrou 0.0045 112 76 199 154
Kongrou 0.0035 117 -53 205 -3
Kongrou 0.0033 117 178 204 230
Kongrou 0.0033 46 96 96 134
Kongrou 0.0031 113 131 214 273
Kongrou 0.0028 113 -95 215 35
Kongrou 0.0027 53 117 110 165
Kongrou 0.0026 73 153 253 248
Kongrou 0.0020 19 85 133 145
Kongrou 0.0020 73 -81 253 20
Kongrou 0.0019 8 13 267 168
Kongrou 0.0018 72 101 287 290
Kongrou 0.0017 84 -126 276 53
Kongrou 0.0016 103 59 176 138
Kongrou 0.0014 83 86 227 143
Kongrou 0.0011 9 -160 311 83
Kongrou 0.0010 55 99 108 152
Kongrou 0.0010 65 -63 156 -14
Rouzaofun 0.0612 151 -5 234 77
Rouzaofun 0.0204 46 93 117 178
Rouzaofun 0.0131 129 9 255 62
Rouzaofun 0.0120 35 72 106 157
Rouzaofun 0.0100 163 13 222 58
Rouzaofun 0.0057 75 65 251 170
Rouzaofun 0.0045 46 96 96 134
Rouzaofun 0.0041 12 89 130 151
Rouzaofun 0.0040 53 117 110 165
Rouzaofun 0.0039 112 76 199 154
Rouzaofun 0.0038 117 -53 205 -3
Rouzaofun 0.0037 117 178 204 230
Rouzaofun 0.0029 73 153 253 248
Rouzaofun 0.0023 113 131 214 273
Rouzaofun 0.0023 113 -95 215 35
Rouzaofun 0.0022 83 86 227 143
Rouzaofun 0.0020 73 -81 253 20
Rouzaofun 0.0016 55 99 108 152
Rouzaofun 0.0014 65 111 295 280
Rouzaofun 0.0013 8 13 267 168
Rouzaofun 0.0013 122 48 226 186
Rouzaofun 0.0013 103 59 176 138
Rouzaofun 0.0011 9 -160 311 83
Rouzaofun 0.0011 84 -126 276 53
Rice_with_Shredded_Chicken 0.0466 151 -5 234 77
Rice_with_Shredded_Chicken 0.0159 112 50 216 184
Rice_with_Shredded_Chicken 0.0127 46 93 117 178
Rice_with_Shredded_Chicken 0.0107 129 9 255 62
Rice_with_Shredded_Chicken 0.0081 83 66 264 169
Rice_with_Shredded_Chicken 0.0067 35 72 106 157
Rice_with_Shredded_Chicken 0.0057 163 13 222 58
Rice_with_Shredded_Chicken 0.0036 117 178 204 230
Rice_with_Shredded_Chicken 0.0035 117 -53 205 -3
Rice_with_Shredded_Chicken 0.0031 19 85 133 145
Rice_with_Shredded_Chicken 0.0024 73 153 253 248
Rice_with_Shredded_Chicken 0.0023 46 96 96 134
Rice_with_Shredded_Chicken 0.0023 112 76 199 154
Rice_with_Shredded_Chicken 0.0022 113 131 214 273
Rice_with_Shredded_Chicken 0.0022 113 -95 215 35
Rice_with_Shredded_Chicken 0.0019 54 -110 263 37
Rice_with_Shredded_Chicken 0.0019 53 117 110 165
Rice_with_Shredded_Chicken 0.0017 9 -160 311 83
Rice_with_Shredded_Chicken 0.0016 83 86 227 143
Rice_with_Shredded_Chicken 0.0015 72 101 287 290
Rice_with_Shredded_Chicken 0.0014 8 13 267 168
migao 0.0526 151 -5 234 77
migao 0.0292 112 50 216 184
migao 0.0221 46 93 117 178
migao 0.0153 83 66 264 169
migao 0.0134 129 9 255 62
migao 0.0092 35 72 106 157
migao 0.0076 163 13 222 58
migao 0.0044 117 178 204 230
migao 0.0040 117 -53 205 -3
migao 0.0039 46 96 96 134
migao 0.0039 19 85 133 145
migao 0.0035 112 76 199 154
migao 0.0031 113 131 214 273
migao 0.0030 53 117 110 165
migao 0.0029 73 153 253 248
migao 0.0027 113 -95 215 35
migao 0.0022 73 -81 253 20
migao 0.0022 83 86 227 143
migao 0.0016 72 101 287 290
migao 0.0012 9 -160 311 83
migao 0.0011 84 -126 276 53
migao 0.0011 32 -9 240 192
migao 0.0010 103 59 176 138
migao 0.0010 55 99 108 152
wagui 0.0439 151 -5 234 77
wagui 0.0176 46 93 117 178
wagui 0.0106 129 9 255 62
wagui 0.0079 112 50 216 184
wagui 0.0075 35 72 106 157
wagui 0.0063 163 13 222 58
wagui 0.0045 83 66 264 169
wagui 0.0038 46 96 96 134
wagui 0.0029 53 117 110 165
wagui 0.0028 19 85 133 145
wagui 0.0026 113 131 214 273
wagui 0.0024 112 76 199 154
wagui 0.0023 113 -95 215 35
wagui 0.0022 117 -53 205 -3
wagui 0.0021 73 153 253 248
wagui 0.0020 9 -160 311 83
wagui 0.0017 73 -81 253 20
wagui 0.0017 117 178 204 230
wagui 0.0015 72 101 287 290
wagui 0.0014 83 86 227 143
wagui 0.0014 60 -16 140 103
wagui 0.0013 84 -126 276 53
wagui 0.0010 46 83 86 115
