Kongrou 0.0037 10 -15 249 206
Kongrou 0.0031 44 0 119 69
Kongrou 0.0029 132 3 211 65
Kongrou 0.0027 89 64 258 178
Kongrou 0.0015 139 16 193 52
Kongrou 0.0014 55 15 108 54
Kongrou 0.0013 159 -24 299 176
Kongrou 0.0012 103 -13 235 166
Kongrou 0.0010 122 50 207 191
Kongrou 0.0010 226 2 256 27
Kongrou 0.0010 40 32 178 201
Rouzaofun 0.2481 126 50 222 192
Rouzaofun 0.1592 89 64 258 178
Rouzaofun 0.0184 44 0 119 69
Rouzaofun 0.0151 132 3 211 65
Rouzaofun 0.0056 25 6 233 188
Rouzaofun 0.0053 139 16 193 52
Rouzaofun 0.0050 55 15 108 54
Rouzaofun 0.0035 11 9 142 60
Rouzaofun 0.0021 157 24 205 55
Rouzaofun 0.0021 146 79 226 159
Rouzaofun 0.0019 226 2 256 27
Rouzaofun 0.0017 127 88 206 170
Rouzaofun 0.0016 159 -24 299 176
Rouzaofun 0.0010 195 -22 293 47
Rouzaofun 0.0010 4 -21 144 87
Rice_with_Shredded_Chicken 0.0953 89 64 258 178
Rice_with_Shredded_Chicken 0.0876 126 50 222 192
Rice_with_Shredded_Chicken 0.0082 44 0 119 69
Rice_with_Shredded_Chicken 0.0080 132 3 211 65
Rice_with_Shredded_Chicken 0.0060 10 -15 249 206
Rice_with_Shredded_Chicken 0.0033 139 16 193 52
Rice_with_Shredded_Chicken 0.0023 55 15 108 54
Rice_with_Shredded_Chicken 0.0019 226 2 256 27
Rice_with_Shredded_Chicken 0.0019 11 9 142 60
Rice_with_Shredded_Chicken 0.0013 159 -24 299 176
Rice_with_Shredded_Chicken 0.0012 103 -13 235 166
Rice_with_Shredded_Chicken 0.0012 40 32 178 201
Rice_with_Shredded_Chicken 0.0010 157 24 205 55
migao 0.0484 89 64 258 178
migao 0.0418 126 50 222 192
migao 0.0091 44 0 119 69
migao 0.0069 132 3 211 65
migao 0.0047 139 16 193 52
migao 0.0037 10 -15 249 206
migao 0.0035 55 15 108 54
migao 0.0027 226 2 256 27
migao 0.0021 11 9 142 60
migao 0.0016 157 24 205 55
migao 0.0011 103 -13 235 166
migao 0.0011 159 -24 299 176
migao 0.0010 121 87 251 150
migao 0.0010 40 32 178 201
migao 0.0010 137 -38 176 8
wagui 0.0252 89 64 258 178
wagui 0.0183 126 50 222 192
wagui 0.0071 36 -15 113 99
wagui 0.0052 132 3 211 65
wagui 0.0046 226 2 256 27
wagui 0.0040 10 -15 249 206
wagui 0.0030 139 16 193 52
wagui 0.0024 52 0 121 69
wagui 0.0019 55 15 108 54
wagui 0.0018 195 -22 293 47
wagui 0.0013 205 -2 237 12
wagui 0.0013 20 8 143 60
wagui 0.0012 159 -24 299 176
wagui 0.0011 156 -48 330 74
wagui 0.0010 157 24 205 55
wagui 0.0010 40 32 178 201
wagui 0.0010 103 -13 235 166
