Kongrou 0.0061 31 7 234 180
Kongrou 0.0048 115 -50 197 5
Kongrou 0.0047 112 -92 207 44
Kongrou 0.0033 68 -73 250 25
Kongrou 0.0019 23 -146 287 82
Kongrou 0.0014 9 -17 122 73
Kongrou 0.0011 35 72 270 317
Kongrou 0.0010 58 17 178 161
Rouzaofun 0.2090 35 30 233 192
Rouzaofun 0.0156 66 15 190 163
Rouzaofun 0.0055 115 -50 197 5
Rouzaofun 0.0038 112 -92 207 44
Rouzaofun 0.0034 68 -73 250 25
Rouzaofun 0.0020 23 -146 287 82
Rouzaofun 0.0012 52 105 257 286
Rice_with_Shredded_Chicken 0.0112 31 7 234 180
Rice_with_Shredded_Chicken 0.0053 115 -50 197 5
Rice_with_Shredded_Chicken 0.0039 112 -92 207 44
Rice_with_Shredded_Chicken 0.0033 41 -102 266 41
Rice_with_Shredded_Chicken 0.0020 66 43 190 175
Rice_with_Shredded_Chicken 0.0011 52 105 257 286
migao 0.0483 35 30 233 192
migao 0.0065 115 -50 197 5
migao 0.0046 112 -92 207 44
migao 0.0037 41 -102 266 41
migao 0.0034 60 43 176 175
migao 0.0011 52 105 257 286
wagui 0.0133 31 7 234 180
wagui 0.0044 115 -50 197 5
wagui 0.0039 112 -92 207 44
wagui 0.0034 23 -146 287 82
wagui 0.0034 68 -73 250 25
wagui 0.0013 76 -57 159 -7
wagui 0.0011 52 105 257 286
