Kongrou 0.0146 -3 30 50 115
Kongrou 0.0116 0 43 35 101
Kongrou 0.0100 155 78 241 162
Kongrou 0.0099 50 57 134 140
Kongrou 0.0073 119 5 203 76
Kongrou 0.0064 193 -5 276 55
Kongrou 0.0055 223 60 279 127
Kongrou 0.0044 7 -11 266 191
Kongrou 0.0030 25 70 158 128
Kongrou 0.0026 131 91 264 149
Kongrou 0.0016 166 94 230 136
Kongrou 0.0015 60 76 124 122
Kongrou 0.0012 258 143 275 181
Kongrou 0.0012 122 19 189 62
Kongrou 0.0012 67 26 208 199
Kongrou 0.0011 0 -2 16 21
Rouzaofun 0.1064 153 50 237 184
Rouzaofun 0.0604 50 36 128 158
Rouzaofun 0.0439 119 5 203 76
Rouzaofun 0.0386 -3 30 50 115
Rouzaofun 0.0271 0 43 35 101
Rouzaofun 0.0151 19 141 139 198
Rouzaofun 0.0120 193 -5 276 55
Rouzaofun 0.0117 228 69 273 118
Rouzaofun 0.0098 7 -11 266 191
Rouzaofun 0.0095 25 70 158 128
Rouzaofun 0.0078 131 91 264 149
Rouzaofun 0.0052 122 19 189 62
Rouzaofun 0.0035 166 94 230 136
Rouzaofun 0.0033 0 -2 16 21
Rouzaofun 0.0033 60 76 124 122
Rouzaofun 0.0030 2 114 33 168
Rouzaofun 0.0025 258 138 275 176
Rouzaofun 0.0022 -6 141 22 183
Rouzaofun 0.0018 149 71 236 138
Rouzaofun 0.0017 67 26 208 199
Rouzaofun 0.0015 7 27 185 163
Rouzaofun 0.0013 111 66 260 169
Rouzaofun 0.0010 137 9 195 51
Rice_with_Shredded_Chicken 0.0531 153 50 237 184
Rice_with_Shredded_Chicken 0.0244 -3 30 50 115
Rice_with_Shredded_Chicken 0.0216 119 5 203 76
Rice_with_Shredded_Chicken 0.0178 0 43 35 101
Rice_with_Shredded_Chicken 0.0167 49 42 130 169
Rice_with_Shredded_Chicken 0.0108 228 69 273 118
Rice_with_Shredded_Chicken 0.0101 34 127 144 192
Rice_with_Shredded_Chicken 0.0072 7 -11 266 191
Rice_with_Shredded_Chicken 0.0068 193 -5 276 55
Rice_with_Shredded_Chicken 0.0057 25 70 158 128
Rice_with_Shredded_Chicken 0.0050 0 -2 16 21
Rice_with_Shredded_Chicken 0.0047 131 91 264 149
Rice_with_Shredded_Chicken 0.0036 258 138 275 176
Rice_with_Shredded_Chicken 0.0033 2 114 33 168
Rice_with_Shredded_Chicken 0.0023 122 19 189 62
Rice_with_Shredded_Chicken 0.0019 61 63 145 145
Rice_with_Shredded_Chicken 0.0016 166 94 230 136
Rice_with_Shredded_Chicken 0.0015 60 76 124 122
Rice_with_Shredded_Chicken 0.0014 67 26 208 199
Rice_with_Shredded_Chicken 0.0012 -6 141 22 183
Rice_with_Shredded_Chicken 0.0012 36 -14 121 79
Rice_with_Shredded_Chicken 0.0010 264 135 280 179
migao 0.0397 -3 30 50 115
migao 0.0327 153 50 237 184
migao 0.0315 0 43 35 101
migao 0.0249 119 5 203 76
migao 0.0204 50 57 134 140
migao 0.0134 228 69 273 118
migao 0.0107 193 -5 276 55
migao 0.0073 25 70 158 128
migao 0.0062 131 91 264 149
migao 0.0062 7 -11 266 191
migao 0.0062 0 -2 16 21
migao 0.0045 258 138 275 176
migao 0.0041 122 19 189 62
migao 0.0040 2 114 33 168
migao 0.0027 -6 141 22 183
migao 0.0025 166 94 230 136
migao 0.0022 60 76 124 122
migao 0.0017 34 127 144 192
migao 0.0012 67 26 208 199
migao 0.0011 264 135 280 179
wagui 0.0397 0 43 35 101
wagui 0.0331 -3 30 50 115
wagui 0.0162 153 50 237 184
wagui 0.0162 228 69 273 118
wagui 0.0144 119 5 203 76
wagui 0.0117 50 57 134 140
wagui 0.0116 0 -2 16 21
wagui 0.0105 258 138 275 176
wagui 0.0065 17 128 140 191
wagui 0.0064 0 112 35 160
wagui 0.0051 7 -11 266 191
wagui 0.0045 193 -5 276 55
wagui 0.0045 25 70 158 128
wagui 0.0036 131 91 264 149
wagui 0.0025 264 135 280 179
wagui 0.0024 223 117 316 202
wagui 0.0019 122 19 189 62
wagui 0.0015 -6 141 22 183
wagui 0.0014 166 94 230 136
wagui 0.0013 60 76 124 122
wagui 0.0011 205 49 293 144
wagui 0.0010 28 -163 292 86
wagui 0.0010 262 37 281 77
