Kongrou 0.0408 361 389 602 641
Kongrou 0.0167 570 151 817 422
Kongrou 0.0161 327 67 570 309
Kongrou 0.0085 58 49 284 230
Kongrou 0.0074 48 263 294 539
Kongrou 0.0044 478 202 877 371
Kongrou 0.0037 388 438 574 594
Kongrou 0.0031 371 -125 694 67
Kongrou 0.0024 281 -300 840 195
Kongrou 0.0023 295 433 701 597
Kongrou 0.0020 -20 310 362 491
Kongrou 0.0019 377 -82 619 32
Kongrou 0.0019 380 -252 635 184
Kongrou 0.0015 382 98 548 249
Kongrou 0.0013 598 222 790 385
Kongrou 0.0012 11 -133 340 70
Kongrou 0.0011 32 -135 807 701
Kongrou 0.0011 309 -59 703 194
Kongrou 0.0011 622 254 978 541
Rouzaofun 0.0545 361 389 602 641
Rouzaofun 0.0204 578 172 810 433
Rouzaofun 0.0143 327 67 570 309
Rouzaofun 0.0086 48 263 294 539
Rouzaofun 0.0068 388 438 574 594
Rouzaofun 0.0067 58 49 284 230
Rouzaofun 0.0066 478 202 877 371
Rouzaofun 0.0047 295 433 701 597
Rouzaofun 0.0036 371 -125 694 67
Rouzaofun 0.0034 -20 310 362 491
Rouzaofun 0.0023 382 98 548 249
Rouzaofun 0.0022 264 -207 813 138
Rouzaofun 0.0018 651 -70 955 198
Rouzaofun 0.0017 11 -133 340 70
Rouzaofun 0.0016 239 -367 874 260
Rouzaofun 0.0015 377 -82 619 32
Rouzaofun 0.0014 380 -252 635 184
Rouzaofun 0.0014 583 209 772 365
Rouzaofun 0.0013 251 108 646 267
Rouzaofun 0.0011 309 -59 703 194
Rice_with_Shredded_Chicken 0.0360 361 389 602 641
Rice_with_Shredded_Chicken 0.0124 578 172 810 433
Rice_with_Shredded_Chicken 0.0080 327 67 570 309
Rice_with_Shredded_Chicken 0.0061 58 49 284 230
Rice_with_Shredded_Chicken 0.0052 507 200 881 372
Rice_with_Shredded_Chicken 0.0049 48 263 294 539
Rice_with_Shredded_Chicken 0.0035 295 433 701 597
Rice_with_Shredded_Chicken 0.0031 371 -125 694 67
Rice_with_Shredded_Chicken 0.0029 281 -300 840 195
Rice_with_Shredded_Chicken 0.0026 388 438 574 594
Rice_with_Shredded_Chicken 0.0026 -20 310 362 491
Rice_with_Shredded_Chicken 0.0022 48 -87 793 779
Rice_with_Shredded_Chicken 0.0016 380 -252 635 184
Rice_with_Shredded_Chicken 0.0016 651 -70 955 198
Rice_with_Shredded_Chicken 0.0015 11 -133 340 70
Rice_with_Shredded_Chicken 0.0012 564 188 1029 602
Rice_with_Shredded_Chicken 0.0012 34 647 454 794
Rice_with_Shredded_Chicken 0.0011 377 -82 619 32
Rice_with_Shredded_Chicken 0.0010 251 108 646 267
migao 0.0630 361 389 602 641
migao 0.0214 327 67 570 309
migao 0.0201 578 172 810 433
migao 0.0085 58 49 284 230
migao 0.0071 48 263 294 539
migao 0.0071 478 202 877 371
migao 0.0045 295 433 701 597
migao 0.0041 388 438 574 594
migao 0.0036 371 -125 694 67
migao 0.0033 -20 310 362 491
migao 0.0029 281 -300 840 195
migao 0.0019 377 -82 619 32
migao 0.0017 380 -252 635 184
migao 0.0016 382 98 548 249
migao 0.0015 251 108 646 267
migao 0.0013 11 -133 340 70
migao 0.0011 591 -204 1010 338
migao 0.0011 651 -70 955 198
migao 0.0010 48 -87 793 779
migao 0.0010 622 254 978 541
wagui 0.0278 361 389 602 641
wagui 0.0150 578 172 810 433
wagui 0.0075 327 67 570 309
wagui 0.0055 478 202 877 371
wagui 0.0054 58 49 284 230
wagui 0.0038 48 263 294 539
wagui 0.0035 651 -70 955 198
wagui 0.0026 295 433 701 597
wagui 0.0023 622 254 978 541
wagui 0.0023 351 -272 728 208
wagui 0.0020 -20 310 362 491
wagui 0.0019 371 -125 694 67
wagui 0.0018 388 438 574 594
wagui 0.0016 239 -367 874 260
wagui 0.0015 462 -215 1171 379
wagui 0.0014 764 4 853 111
wagui 0.0014 11 -133 340 70
wagui 0.0013 377 -82 619 32
wagui 0.0011 198 -185 815 118
wagui 0.0010 34 647 454 794
