Kongrou 0.0037 89 170 175 222
Kongrou 0.0036 131 -72 219 -20
Kongrou 0.0033 134 -118 224 21
Kongrou 0.0028 116 186 211 228
Kongrou 0.0025 59 -136 286 24
Kongrou 0.0021 121 133 214 275
Kongrou 0.0019 52 151 282 257
Kongrou 0.0019 12 -192 338 76
Kongrou 0.0017 34 -8 266 180
Kongrou 0.0011 135 90 345 265
Kongrou 0.0010 41 94 307 302
Rouzaofun 0.3146 37 18 263 151
Rouzaofun 0.0256 84 7 226 129
Rouzaofun 0.0048 67 40 198 161
Rouzaofun 0.0034 131 -72 219 -20
Rouzaofun 0.0030 -10 -27 265 195
Rouzaofun 0.0027 116 186 211 228
Rouzaofun 0.0027 134 -118 224 21
Rouzaofun 0.0022 78 -151 263 39
Rouzaofun 0.0022 52 151 282 257
Rouzaofun 0.0020 12 -192 338 76
Rouzaofun 0.0015 121 133 214 275
Rouzaofun 0.0013 56 -88 335 116
Rouzaofun 0.0011 3 1 106 33
Rouzaofun 0.0010 135 90 345 265
Rouzaofun 0.0010 150 4 235 30
Rouzaofun 0.0010 89 170 175 222
Rice_with_Shredded_Chicken 0.0572 37 18 263 151
Rice_with_Shredded_Chicken 0.0036 131 -72 219 -20
Rice_with_Shredded_Chicken 0.0032 59 -136 286 24
Rice_with_Shredded_Chicken 0.0029 12 -192 338 76
Rice_with_Shredded_Chicken 0.0026 134 -118 224 21
Rice_with_Shredded_Chicken 0.0023 14 -17 113 80
Rice_with_Shredded_Chicken 0.0020 116 186 211 228
Rice_with_Shredded_Chicken 0.0018 52 151 282 257
Rice_with_Shredded_Chicken 0.0016 74 41 214 158
Rice_with_Shredded_Chicken 0.0015 56 -88 335 116
Rice_with_Shredded_Chicken 0.0014 121 133 214 275
Rice_with_Shredded_Chicken 0.0011 -26 -154 233 42
Rice_with_Shredded_Chicken 0.0011 135 90 345 265
migao 0.0633 37 18 263 151
migao 0.0041 131 -72 219 -20
migao 0.0036 59 -136 286 24
migao 0.0035 84 7 226 129
migao 0.0035 116 186 211 228
migao 0.0030 134 -118 224 21
migao 0.0023 12 -192 338 76
migao 0.0022 52 151 282 257
migao 0.0021 121 133 214 275
migao 0.0013 150 4 235 30
migao 0.0012 89 170 175 222
migao 0.0012 -10 -27 265 195
migao 0.0011 135 90 345 265
migao 0.0010 56 -88 335 116
wagui 0.0166 37 18 263 151
wagui 0.0034 12 -192 338 76
wagui 0.0030 150 4 235 30
wagui 0.0025 14 -17 113 80
wagui 0.0025 131 -72 219 -20
wagui 0.0025 59 -136 286 24
wagui 0.0025 134 -118 224 21
wagui 0.0018 56 -88 335 116
wagui 0.0017 -26 -154 233 42
wagui 0.0014 52 151 282 257
wagui 0.0014 121 133 214 275
wagui 0.0013 86 -86 178 -30
wagui 0.0012 116 186 211 228
wagui 0.0011 84 7 226 129
wagui 0.0011 89 170 175 222
