Kongrou 0.0132 149 27 275 181
Kongrou 0.0117 20 35 104 135
Kongrou 0.0066 -6 51 131 120
Kongrou 0.0063 123 -53 208 -16
Kongrou 0.0054 125 -106 214 30
Kongrou 0.0038 67 -82 271 7
Kongrou 0.0026 -28 14 148 129
Kongrou 0.0022 88 -149 282 60
Kongrou 0.0018 132 44 228 186
Kongrou 0.0017 191 28 261 98
Kongrou 0.0015 208 73 288 152
Kongrou 0.0014 130 137 208 268
Kongrou 0.0013 80 -71 171 -21
Kongrou 0.0013 3 -192 329 101
Kongrou 0.0013 106 -82 227 -11
Kongrou 0.0013 164 -22 288 51
Kongrou 0.0013 95 171 176 217
Kongrou 0.0012 131 187 201 224
Kongrou 0.0011 112 159 222 228
Kongrou 0.0011 161 -88 286 125
Rouzaofun 0.0519 137 44 266 185
Rouzaofun 0.0294 9 7 111 155
Rouzaofun 0.0111 -6 51 131 120
Rouzaofun 0.0100 -28 14 148 129
Rouzaofun 0.0055 96 34 307 153
Rouzaofun 0.0052 123 -53 208 -16
Rouzaofun 0.0041 125 -106 214 30
Rouzaofun 0.0033 67 -82 271 7
Rouzaofun 0.0022 138 71 227 165
Rouzaofun 0.0017 164 -22 288 51
Rouzaofun 0.0016 3 -192 329 101
Rouzaofun 0.0015 109 84 256 152
Rouzaofun 0.0015 1 3 281 172
Rouzaofun 0.0015 88 -166 282 79
Rouzaofun 0.0013 208 73 288 152
Rouzaofun 0.0012 27 59 97 112
Rouzaofun 0.0011 130 137 208 268
Rouzaofun 0.0011 145 -60 301 95
Rouzaofun 0.0010 104 -72 140 20
Rouzaofun 0.0010 209 -3 244 34
Rouzaofun 0.0010 191 28 261 98
Rice_with_Shredded_Chicken 0.0376 9 -4 111 149
Rice_with_Shredded_Chicken 0.0207 -28 14 148 129
Rice_with_Shredded_Chicken 0.0188 106 44 318 165
Rice_with_Shredded_Chicken 0.0078 -6 51 131 120
Rice_with_Shredded_Chicken 0.0052 123 -53 208 -16
Rice_with_Shredded_Chicken 0.0041 125 -106 214 30
Rice_with_Shredded_Chicken 0.0033 67 -82 271 7
Rice_with_Shredded_Chicken 0.0025 50 -123 279 36
Rice_with_Shredded_Chicken 0.0023 147 10 278 179
Rice_with_Shredded_Chicken 0.0022 3 -192 329 101
Rice_with_Shredded_Chicken 0.0014 164 -22 288 51
Rice_with_Shredded_Chicken 0.0012 -2 -15 284 192
Rice_with_Shredded_Chicken 0.0010 130 137 208 268
Rice_with_Shredded_Chicken 0.0010 172 -89 297 126
Rice_with_Shredded_Chicken 0.0010 112 159 222 228
Rice_with_Shredded_Chicken 0.0010 131 187 201 224
Rice_with_Shredded_Chicken 0.0010 106 -82 227 -11
migao 0.0374 149 27 275 181
migao 0.0174 9 -4 111 149
migao 0.0131 -28 14 148 129
migao 0.0116 -6 51 131 120
migao 0.0068 123 -53 208 -16
migao 0.0047 125 -106 214 30
migao 0.0038 67 -82 271 7
migao 0.0026 50 -123 279 36
migao 0.0023 132 44 228 186
migao 0.0018 3 -192 329 101
migao 0.0013 109 84 256 152
migao 0.0013 131 187 201 224
migao 0.0013 130 137 208 268
migao 0.0013 164 -22 288 51
migao 0.0012 104 -72 140 20
migao 0.0012 106 -82 227 -11
migao 0.0011 191 28 261 98
migao 0.0011 208 73 288 152
migao 0.0010 112 159 222 228
migao 0.0010 140 -71 192 22
migao 0.0010 145 -60 301 95
wagui 0.0307 9 -4 111 149
wagui 0.0111 -28 14 148 129
wagui 0.0072 -6 51 131 120
wagui 0.0050 106 44 318 165
wagui 0.0040 123 -53 208 -16
wagui 0.0034 125 -106 214 30
wagui 0.0032 67 -82 271 7
wagui 0.0028 3 -192 329 101
wagui 0.0026 80 -71 171 -21
wagui 0.0019 0 163 81 182
wagui 0.0019 50 -123 279 36
wagui 0.0018 95 171 176 217
wagui 0.0013 172 -89 297 126
wagui 0.0013 191 28 261 98
wagui 0.0011 164 -22 288 51
wagui 0.0010 169 29 277 179
wagui 0.0010 131 187 201 224
wagui 0.0010 209 -3 244 34
wagui 0.0010 208 73 288 152
wagui 0.0010 130 137 208 268
