Kongrou 0.0311 207 41 274 125
Kongrou 0.0283 178 1 228 49
Kongrou 0.0118 -2 67 81 141
Kongrou 0.0070 75 14 173 78
Kongrou 0.0058 99 90 190 171
Kongrou 0.0048 211 54 269 102
Kongrou 0.0028 221 65 270 122
Kongrou 0.0022 87 37 140 65
Kongrou 0.0022 71 102 218 159
Kongrou 0.0019 87 24 160 58
Kongrou 0.0017 120 -93 208 33
Kongrou 0.0015 120 -51 201 -4
Kongrou 0.0014 -29 78 108 130
Kongrou 0.0013 5 81 63 128
Kongrou 0.0010 67 -75 260 15
Rouzaofun 0.0912 214 46 277 130
Rouzaofun 0.0903 111 61 193 195
Rouzaofun 0.0733 178 1 228 49
Rouzaofun 0.0150 -2 67 81 141
Rouzaofun 0.0143 94 87 185 164
Rouzaofun 0.0112 75 14 173 78
Rouzaofun 0.0103 76 74 229 182
Rouzaofun 0.0092 211 54 269 102
Rouzaofun 0.0077 227 60 274 116
Rouzaofun 0.0062 127 88 205 173
Rouzaofun 0.0044 75 98 224 153
Rouzaofun 0.0035 73 27 153 65
Rouzaofun 0.0032 87 37 140 65
Rouzaofun 0.0030 199 58 302 118
Rouzaofun 0.0028 -29 78 108 130
Rouzaofun 0.0021 157 -5 249 55
Rouzaofun 0.0019 5 81 63 128
Rouzaofun 0.0019 98 23 160 59
Rouzaofun 0.0018 34 22 203 70
Rouzaofun 0.0018 102 104 177 147
Rouzaofun 0.0016 120 -51 201 -4
Rouzaofun 0.0014 120 -93 208 33
Rouzaofun 0.0011 129 106 192 155
Rouzaofun 0.0010 138 204 173 237
Rouzaofun 0.0010 67 -75 260 15
Rice_with_Shredded_Chicken 0.0633 207 41 274 125
Rice_with_Shredded_Chicken 0.0425 178 1 228 49
Rice_with_Shredded_Chicken 0.0240 8 49 86 164
Rice_with_Shredded_Chicken 0.0148 81 2 161 86
Rice_with_Shredded_Chicken 0.0076 104 90 196 171
Rice_with_Shredded_Chicken 0.0071 -2 67 71 142
Rice_with_Shredded_Chicken 0.0064 211 54 269 102
Rice_with_Shredded_Chicken 0.0038 75 102 225 159
Rice_with_Shredded_Chicken 0.0035 221 65 270 122
Rice_with_Shredded_Chicken 0.0026 87 37 140 65
Rice_with_Shredded_Chicken 0.0024 73 27 153 65
Rice_with_Shredded_Chicken 0.0021 -29 78 108 130
Rice_with_Shredded_Chicken 0.0020 66 73 219 182
Rice_with_Shredded_Chicken 0.0019 49 22 198 70
Rice_with_Shredded_Chicken 0.0017 197 53 304 112
Rice_with_Shredded_Chicken 0.0015 157 -5 249 55
Rice_with_Shredded_Chicken 0.0015 120 -51 201 -4
Rice_with_Shredded_Chicken 0.0014 120 -93 208 33
Rice_with_Shredded_Chicken 0.0012 6 -177 317 99
Rice_with_Shredded_Chicken 0.0011 57 -112 261 39
Rice_with_Shredded_Chicken 0.0011 138 204 173 237
Rice_with_Shredded_Chicken 0.0011 98 23 160 59
migao 0.1063 178 1 228 49
migao 0.0995 214 46 277 130
migao 0.0502 111 61 193 195
migao 0.0135 -2 67 81 141
migao 0.0097 75 14 173 78
migao 0.0088 94 87 185 164
migao 0.0075 76 74 229 182
migao 0.0073 211 54 269 102
migao 0.0052 227 60 274 116
migao 0.0037 127 88 205 173
migao 0.0032 87 37 140 65
migao 0.0032 75 98 224 153
migao 0.0031 73 27 153 65
migao 0.0028 199 58 302 118
migao 0.0027 -29 78 108 130
migao 0.0018 157 -5 249 55
migao 0.0017 120 -51 201 -4
migao 0.0015 34 22 203 70
migao 0.0015 120 -93 208 33
migao 0.0014 98 23 160 59
migao 0.0014 5 81 63 128
migao 0.0013 57 -112 261 39
migao 0.0012 102 104 177 147
migao 0.0010 138 204 173 237
migao 0.0010 6 -177 317 99
wagui 0.1103 178 1 228 49
wagui 0.0838 214 46 277 130
wagui 0.0478 81 2 161 86
wagui 0.0121 211 54 269 102
wagui 0.0085 87 37 140 65
wagui 0.0075 -2 67 81 141
wagui 0.0066 99 90 190 171
wagui 0.0063 73 27 153 65
wagui 0.0053 227 60 274 116
wagui 0.0029 71 102 218 159
wagui 0.0028 98 23 160 59
wagui 0.0025 199 58 302 118
wagui 0.0022 49 22 198 70
wagui 0.0016 6 -177 317 99
wagui 0.0015 -29 78 108 130
wagui 0.0014 57 -13 185 102
wagui 0.0013 157 -5 249 55
wagui 0.0013 138 204 173 237
wagui 0.0012 120 -93 208 33
wagui 0.0012 120 -51 201 -4
wagui 0.0011 172 0 224 29
wagui 0.0011 76 74 229 182
wagui 0.0010 67 -75 260 15
wagui 0.0010 66 -62 155 -15
