Kongrou 0.0425 58 281 170 350
Kongrou 0.0356 215 297 335 360
Kongrou 0.0349 542 146 709 350
Kongrou 0.0289 125 249 265 327
Kongrou 0.0245 15 204 214 427
Kongrou 0.0212 174 225 378 433
Kongrou 0.0198 350 133 524 310
Kongrou 0.0181 89 180 300 398
Kongrou 0.0143 196 250 301 327
Kongrou 0.0088 248 281 356 351
Kongrou 0.0071 372 -5 556 153
Kongrou 0.0043 567 35 684 112
Kongrou 0.0041 539 175 684 295
Kongrou 0.0041 -36 247 76 330
Kongrou 0.0040 540 211 631 286
Kongrou 0.0039 382 13 519 108
Kongrou 0.0030 107 259 229 345
Kongrou 0.0028 280 285 379 373
Kongrou 0.0026 543 0 708 172
Kongrou 0.0026 -18 283 58 374
Kongrou 0.0025 310 -207 511 -53
Kongrou 0.0024 -184 151 263 442
Kongrou 0.0023 290 -309 547 40
Kongrou 0.0022 1 251 118 327
Kongrou 0.0022 107 -258 344 49
Kongrou 0.0020 -88 62 167 533
Kongrou 0.0020 -79 186 156 405
Kongrou 0.0018 184 -266 650 -5
Kongrou 0.0017 217 -253 335 44
Kongrou 0.0017 133 102 436 546
Kongrou 0.0015 37 245 163 332
Kongrou 0.0015 449 171 748 325
Kongrou 0.0015 253 218 434 440
Kongrou 0.0011 35 -439 783 127
Kongrou 0.0010 557 49 693 151
Rouzaofun 0.0963 350 133 524 310
Rouzaofun 0.0948 542 146 709 350
Rouzaofun 0.0461 58 281 170 350
Rouzaofun 0.0425 215 297 335 360
Rouzaofun 0.0372 125 249 265 327
Rouzaofun 0.0330 15 204 214 427
Rouzaofun 0.0300 89 180 300 398
Rouzaofun 0.0293 174 225 378 433
Rouzaofun 0.0191 562 38 689 135
Rouzaofun 0.0189 196 250 301 327
Rouzaofun 0.0162 543 0 708 172
Rouzaofun 0.0101 539 175 684 295
Rouzaofun 0.0099 248 281 356 351
Rouzaofun 0.0082 372 -5 556 153
Rouzaofun 0.0064 -36 247 76 330
Rouzaofun 0.0046 540 211 631 286
Rouzaofun 0.0046 -79 186 156 405
Rouzaofun 0.0045 382 13 519 108
Rouzaofun 0.0038 107 259 229 345
Rouzaofun 0.0037 -18 283 58 374
Rouzaofun 0.0035 449 171 748 325
Rouzaofun 0.0032 280 285 379 373
Rouzaofun 0.0030 -184 151 263 442
Rouzaofun 0.0030 1 251 118 327
Rouzaofun 0.0026 310 -207 511 -53
Rouzaofun 0.0020 184 -266 650 -5
Rouzaofun 0.0020 253 218 434 440
Rouzaofun 0.0019 -88 62 167 533
Rouzaofun 0.0018 290 -309 547 40
Rouzaofun 0.0018 37 245 163 332
Rouzaofun 0.0017 344 158 502 258
Rouzaofun 0.0016 133 102 436 546
Rouzaofun 0.0014 -18 155 258 384
Rouzaofun 0.0013 400 148 527 269
Rouzaofun 0.0013 -73 61 369 367
Rouzaofun 0.0012 538 223 685 329
Rouzaofun 0.0011 107 -258 344 49
Rouzaofun 0.0011 35 -439 783 127
Rouzaofun 0.0011 254 -248 349 39
Rice_with_Shredded_Chicken 0.0734 350 133 524 310
Rice_with_Shredded_Chicken 0.0599 542 146 709 350
Rice_with_Shredded_Chicken 0.0402 58 281 170 350
Rice_with_Shredded_Chicken 0.0358 215 297 335 360
Rice_with_Shredded_Chicken 0.0326 125 249 265 327
Rice_with_Shredded_Chicken 0.0233 15 204 214 427
Rice_with_Shredded_Chicken 0.0218 89 180 300 398
Rice_with_Shredded_Chicken 0.0215 174 225 378 433
Rice_with_Shredded_Chicken 0.0160 196 250 301 327
Rice_with_Shredded_Chicken 0.0120 535 3 689 170
Rice_with_Shredded_Chicken 0.0114 562 38 689 135
Rice_with_Shredded_Chicken 0.0087 248 281 356 351
Rice_with_Shredded_Chicken 0.0064 -36 247 76 330
Rice_with_Shredded_Chicken 0.0061 372 -5 556 153
Rice_with_Shredded_Chicken 0.0059 539 175 684 295
Rice_with_Shredded_Chicken 0.0043 -18 283 58 374
Rice_with_Shredded_Chicken 0.0036 107 259 229 345
Rice_with_Shredded_Chicken 0.0035 -79 186 156 405
Rice_with_Shredded_Chicken 0.0032 280 285 379 373
Rice_with_Shredded_Chicken 0.0031 540 211 631 286
Rice_with_Shredded_Chicken 0.0029 1 251 118 327
Rice_with_Shredded_Chicken 0.0029 -184 151 263 442
Rice_with_Shredded_Chicken 0.0029 382 13 519 108
Rice_with_Shredded_Chicken 0.0028 449 171 748 325
Rice_with_Shredded_Chicken 0.0025 310 -207 511 -53
Rice_with_Shredded_Chicken 0.0023 -88 62 167 533
Rice_with_Shredded_Chicken 0.0019 290 -309 547 40
Rice_with_Shredded_Chicken 0.0017 184 -266 650 -5
Rice_with_Shredded_Chicken 0.0017 35 -439 783 127
Rice_with_Shredded_Chicken 0.0016 133 102 436 546
Rice_with_Shredded_Chicken 0.0016 37 245 163 332
Rice_with_Shredded_Chicken 0.0014 253 218 434 440
Rice_with_Shredded_Chicken 0.0012 107 -258 344 49
Rice_with_Shredded_Chicken 0.0011 -73 61 369 367
Rice_with_Shredded_Chicken 0.0010 344 158 502 258
migao 0.0839 542 146 709 350
migao 0.0687 350 133 524 310
migao 0.0488 58 281 170 350
migao 0.0432 215 297 335 360
migao 0.0363 125 249 265 327
migao 0.0267 15 204 214 427
migao 0.0222 174 225 378 433
migao 0.0212 89 180 300 398
migao 0.0187 562 38 689 135
migao 0.0176 196 250 301 327
migao 0.0100 248 281 356 351
migao 0.0087 372 -5 556 153
migao 0.0081 539 175 684 295
migao 0.0080 535 3 689 170
migao 0.0072 -36 247 76 330
migao 0.0048 540 211 631 286
migao 0.0043 382 13 519 108
migao 0.0043 -79 186 156 405
migao 0.0040 -18 283 58 374
migao 0.0034 107 259 229 345
migao 0.0032 280 285 379 373
migao 0.0031 1 251 118 327
migao 0.0030 449 171 748 325
migao 0.0030 310 -207 511 -53
migao 0.0028 -184 151 263 442
migao 0.0023 -88 62 167 533
migao 0.0022 290 -309 547 40
migao 0.0020 184 -266 650 -5
migao 0.0017 254 -248 349 39
migao 0.0017 133 102 436 546
migao 0.0016 37 245 163 332
migao 0.0016 253 218 434 440
migao 0.0013 344 158 502 258
migao 0.0012 -73 61 369 367
migao 0.0011 107 -258 344 49
migao 0.0011 35 -439 783 127
migao 0.0010 -18 155 258 384
wagui 0.0415 58 281 170 350
wagui 0.0412 350 133 524 310
wagui 0.0408 215 297 335 360
wagui 0.0389 542 146 709 350
wagui 0.0298 125 249 265 327
wagui 0.0247 15 204 214 427
wagui 0.0222 174 225 378 433
wagui 0.0198 89 180 300 398
wagui 0.0172 196 250 301 327
wagui 0.0086 248 281 356 351
wagui 0.0081 562 38 689 135
wagui 0.0077 372 -5 556 153
wagui 0.0055 535 3 689 170
wagui 0.0054 -36 247 76 330
wagui 0.0051 -18 283 58 374
wagui 0.0049 382 13 519 108
wagui 0.0041 540 211 631 286
wagui 0.0034 539 175 684 295
wagui 0.0034 280 285 379 373
wagui 0.0033 107 259 229 345
wagui 0.0032 1 251 118 327
wagui 0.0025 -184 151 263 442
wagui 0.0025 -88 62 167 533
wagui 0.0023 -58 182 98 396
wagui 0.0020 290 -309 547 40
wagui 0.0019 449 171 748 325
wagui 0.0018 107 -258 344 49
wagui 0.0018 35 -439 783 127
wagui 0.0018 133 102 436 546
wagui 0.0017 184 -266 650 -5
wagui 0.0017 37 245 163 332
wagui 0.0016 310 -207 511 -53
wagui 0.0014 253 218 434 440
wagui 0.0014 217 -253 335 44
wagui 0.0011 -73 61 369 367
