Kongrou 0.2438 19 -2 254 184
Kongrou 0.0029 118 -46 202 -9
Kongrou 0.0026 120 -95 208 35
Kongrou 0.0018 68 -74 259 14
Kongrou 0.0015 69 -127 290 53
Kongrou 0.0015 136 96 306 293
Kongrou 0.0014 207 165 309 260
Kongrou 0.0013 85 -11 221 141
Kongrou 0.0010 111 120 250 276
Kongrou 0.0010 5 -173 317 96
Rouzaofun 0.3125 45 -7 267 190
Rouzaofun 0.0028 118 -46 202 -9
Rouzaofun 0.0020 120 -95 208 35
Rouzaofun 0.0016 106 24 285 167
Rouzaofun 0.0016 68 -74 259 14
Rouzaofun 0.0016 85 -11 221 141
Rouzaofun 0.0012 136 96 306 293
Rouzaofun 0.0011 207 165 309 260
Rouzaofun 0.0011 69 -127 290 53
Rouzaofun 0.0010 5 -173 317 96
Rouzaofun 0.0010 146 204 175 237
Rice_with_Shredded_Chicken 0.0723 42 0 230 181
Rice_with_Shredded_Chicken 0.0025 118 -46 202 -9
Rice_with_Shredded_Chicken 0.0020 120 -95 208 35
Rice_with_Shredded_Chicken 0.0015 5 -173 317 96
Rice_with_Shredded_Chicken 0.0014 68 -74 259 14
Rice_with_Shredded_Chicken 0.0013 69 -127 290 53
Rice_with_Shredded_Chicken 0.0012 136 96 306 293
Rice_with_Shredded_Chicken 0.0011 146 204 175 237
Rice_with_Shredded_Chicken 0.0010 194 162 301 264
migao 0.3675 19 -2 254 184
migao 0.0033 118 -46 202 -9
migao 0.0025 120 -95 208 35
migao 0.0018 68 -74 259 14
migao 0.0013 136 96 306 293
migao 0.0012 5 -173 317 96
migao 0.0011 80 -112 278 43
migao 0.0011 146 204 175 237
migao 0.0010 77 12 271 137
migao 0.0010 111 120 250 276
wagui 0.0311 42 0 230 181
wagui 0.0020 118 -46 202 -9
wagui 0.0019 5 -173 317 96
wagui 0.0018 120 -95 208 35
wagui 0.0015 68 -74 259 14
wagui 0.0013 136 96 306 293
wagui 0.0013 146 204 175 237
wagui 0.0012 69 -127 290 53
wagui 0.0010 105 169 178 218
