Kongrou 0.1602 44 110 973 807
Kongrou 0.0038 812 163 1104 297
Kongrou 0.0022 257 73 805 692
Kongrou 0.0016 779 85 1139 375
Kongrou 0.0013 358 208 888 824
Rouzaofun 0.0543 81 160 1099 907
Rouzaofun 0.0028 812 163 1104 297
Rouzaofun 0.0020 299 182 853 849
Rouzaofun 0.0012 759 71 1113 390
Rouzaofun 0.0010 -244 -209 527 558
Rice_with_Shredded_Chicken 0.0827 81 160 1099 907
Rice_with_Shredded_Chicken 0.0023 812 163 1104 297
Rice_with_Shredded_Chicken 0.0017 246 92 817 855
Rice_with_Shredded_Chicken 0.0016 730 85 1162 411
Rice_with_Shredded_Chicken 0.0015 -244 -209 527 558
migao 0.1013 -37 182 1063 876
migao 0.0045 812 163 1104 297
migao 0.0035 246 92 817 855
migao 0.0012 779 85 1139 375
wagui 0.0141 81 160 1099 907
wagui 0.0061 812 163 1104 297
wagui 0.0052 730 85 1162 411
wagui 0.0017 470 98 799 224
wagui 0.0012 -244 -209 527 558
wagui 0.0012 480 -14 858 313
wagui 0.0010 -19 -63 351 365
