Kongrou 0.4233 84 52 594 454
Kongrou 0.0092 243 82 526 435
Kongrou 0.0035 300 -109 506 3
Kongrou 0.0031 309 -215 516 97
Kongrou 0.0021 144 -174 677 57
Kongrou 0.0016 169 -286 617 135
Kongrou 0.0014 226 431 435 577
Kongrou 0.0013 146 41 516 322
Kongrou 0.0013 48 -388 762 228
Rouzaofun 0.0285 115 39 564 462
Rouzaofun 0.0029 300 -109 506 3
Rouzaofun 0.0023 309 -215 516 97
Rouzaofun 0.0020 144 -174 677 57
Rouzaofun 0.0014 48 -388 762 228
Rouzaofun 0.0014 169 -286 617 135
Rouzaofun 0.0012 566 331 666 440
Rice_with_Shredded_Chicken 0.0218 40 14 640 477
Rice_with_Shredded_Chicken 0.0030 300 -109 506 3
Rice_with_Shredded_Chicken 0.0026 309 -215 516 97
Rice_with_Shredded_Chicken 0.0021 119 -260 678 111
Rice_with_Shredded_Chicken 0.0020 174 86 491 483
Rice_with_Shredded_Chicken 0.0019 48 -388 762 228
migao 0.1262 84 52 594 454
migao 0.0041 300 -109 506 3
migao 0.0029 309 -215 516 97
migao 0.0023 243 82 526 435
migao 0.0023 119 -260 678 111
migao 0.0016 48 -388 762 228
migao 0.0010 566 331 666 440
wagui 0.0285 84 52 594 454
wagui 0.0028 300 -109 506 3
wagui 0.0024 48 -388 762 228
wagui 0.0022 309 -215 516 97
wagui 0.0020 144 -174 677 57
wagui 0.0015 566 331 666 440
wagui 0.0012 169 -286 617 135
wagui 0.0010 194 -139 415 -21
