Kongrou 0.0088 248 63 910 751
Kongrou 0.0068 69 -29 430 198
Kongrou 0.0063 309 98 729 610
Kongrou 0.0060 426 -358 694 135
Kongrou 0.0053 410 -157 683 -43
Kongrou 0.0052 485 151 861 633
Kongrou 0.0039 133 -261 984 43
Kongrou 0.0036 410 -214 765 4
Kongrou 0.0018 -109 -120 604 289
Kongrou 0.0012 248 -472 895 207
Rouzaofun 0.0268 168 113 974 677
Rouzaofun 0.0119 69 -29 430 198
Rouzaofun 0.0047 410 -214 765 4
Rouzaofun 0.0047 426 -358 694 135
Rouzaofun 0.0038 283 141 682 639
Rouzaofun 0.0038 410 -157 683 -43
Rouzaofun 0.0027 133 -261 984 43
Rouzaofun 0.0024 485 151 861 633
Rouzaofun 0.0020 -109 -120 604 289
Rouzaofun 0.0013 -11 -13 856 822
Rouzaofun 0.0010 248 -472 895 207
Rouzaofun 0.0010 469 -214 628 85
Rice_with_Shredded_Chicken 0.2982 159 33 975 657
Rice_with_Shredded_Chicken 0.0663 69 -29 430 198
Rice_with_Shredded_Chicken 0.0239 322 120 794 661
Rice_with_Shredded_Chicken 0.0049 410 -214 765 4
Rice_with_Shredded_Chicken 0.0048 426 -358 694 135
Rice_with_Shredded_Chicken 0.0047 -109 -120 604 289
Rice_with_Shredded_Chicken 0.0036 410 -157 683 -43
Rice_with_Shredded_Chicken 0.0031 133 -261 984 43
Rice_with_Shredded_Chicken 0.0021 468 238 879 625
Rice_with_Shredded_Chicken 0.0013 96 -568 1068 292
Rice_with_Shredded_Chicken 0.0011 469 -214 628 85
migao 0.0326 168 113 974 677
migao 0.0128 69 -29 430 198
migao 0.0054 410 -157 683 -43
migao 0.0054 426 -358 694 135
migao 0.0044 410 -214 765 4
migao 0.0036 133 -261 984 43
migao 0.0024 309 98 729 610
migao 0.0020 485 151 861 633
migao 0.0018 -109 -120 604 289
migao 0.0015 469 -214 628 85
wagui 0.0595 69 -29 430 198
wagui 0.0221 159 33 975 657
wagui 0.0048 410 -157 683 -43
wagui 0.0039 -109 -120 604 289
wagui 0.0038 426 -358 694 135
wagui 0.0036 133 -261 984 43
wagui 0.0026 410 -214 765 4
wagui 0.0014 322 120 794 661
wagui 0.0013 96 -568 1068 292
wagui 0.0011 469 -214 628 85
