Kongrou 0.0100 275 -115 474 9
Kongrou 0.0093 197 44 424 350
Kongrou 0.0066 276 -207 486 93
Kongrou 0.0052 271 -77 428 -21
Kongrou 0.0048 164 -166 594 52
Kongrou 0.0038 169 -132 361 -19
Kongrou 0.0038 111 97 509 342
Kongrou 0.0021 197 -287 583 145
Kongrou 0.0019 175 228 524 652
Kongrou 0.0017 374 105 776 679
Kongrou 0.0013 246 -125 316 62
Rouzaofun 0.0549 200 66 420 372
Rouzaofun 0.0236 83 67 491 326
Rouzaofun 0.0109 275 -115 474 9
Rouzaofun 0.0054 164 -166 594 52
Rouzaofun 0.0051 276 -207 486 93
Rouzaofun 0.0034 271 -77 428 -21
Rouzaofun 0.0033 169 -132 361 -19
Rouzaofun 0.0030 219 -120 298 57
Rouzaofun 0.0018 175 228 524 652
Rouzaofun 0.0016 197 -287 583 145
Rouzaofun 0.0014 93 -97 488 32
Rouzaofun 0.0013 374 105 776 679
Rouzaofun 0.0013 315 451 388 531
Rouzaofun 0.0012 104 -125 279 62
Rouzaofun 0.0010 259 377 397 443
Rouzaofun 0.0010 394 58 472 118
Rice_with_Shredded_Chicken 0.0603 103 44 492 367
Rice_with_Shredded_Chicken 0.0102 275 -115 474 9
Rice_with_Shredded_Chicken 0.0065 192 100 429 380
Rice_with_Shredded_Chicken 0.0053 276 -207 486 93
Rice_with_Shredded_Chicken 0.0044 164 -166 594 52
Rice_with_Shredded_Chicken 0.0030 271 -77 428 -21
Rice_with_Shredded_Chicken 0.0021 197 -287 583 145
Rice_with_Shredded_Chicken 0.0017 111 229 589 646
Rice_with_Shredded_Chicken 0.0015 315 451 388 531
Rice_with_Shredded_Chicken 0.0013 246 -125 316 62
Rice_with_Shredded_Chicken 0.0011 374 105 776 679
Rice_with_Shredded_Chicken 0.0010 394 58 472 118
migao 0.0166 200 66 420 372
migao 0.0134 107 64 513 330
migao 0.0122 275 -115 474 9
migao 0.0064 276 -207 486 93
migao 0.0058 164 -166 594 52
migao 0.0049 271 -77 428 -21
migao 0.0032 246 -125 316 62
migao 0.0021 175 228 524 652
migao 0.0018 169 -132 361 -19
migao 0.0018 374 105 776 679
migao 0.0016 197 -287 583 145
migao 0.0013 315 451 388 531
migao 0.0013 394 58 472 118
migao 0.0013 93 -97 488 32
migao 0.0010 305 -132 445 69
wagui 0.0079 103 44 492 367
wagui 0.0062 275 -115 474 9
wagui 0.0054 276 -207 486 93
wagui 0.0050 169 -132 361 -19
wagui 0.0044 164 -166 594 52
wagui 0.0043 271 -77 428 -21
wagui 0.0017 197 -287 583 145
wagui 0.0017 374 105 776 679
wagui 0.0016 315 451 388 531
wagui 0.0016 7 180 73 248
wagui 0.0016 175 228 524 652
wagui 0.0013 246 -125 316 62
wagui 0.0012 259 377 397 443
wagui 0.0012 394 58 472 118
wagui 0.0012 104 -125 279 62
wagui 0.0010 86 -175 450 17
