Kongrou 0.0316 32 9 234 181
Kongrou 0.0046 49 40 144 180
Kongrou 0.0030 3 -65 86 20
Kongrou 0.0021 62 -117 244 57
Kongrou 0.0017 117 -85 201 37
Kongrou 0.0016 108 186 183 222
Kongrou 0.0015 115 -44 196 0
Kongrou 0.0014 78 8 197 150
Kongrou 0.0014 87 168 168 221
Kongrou 0.0012 111 133 187 269
Kongrou 0.0010 52 158 246 243
Rouzaofun 0.6080 27 15 236 173
Rouzaofun 0.0115 78 8 197 150
Rouzaofun 0.0032 49 40 144 180
Rouzaofun 0.0030 3 -65 86 20
Rouzaofun 0.0019 62 -117 244 57
Rouzaofun 0.0013 115 -44 196 0
Rouzaofun 0.0013 117 -85 201 37
Rouzaofun 0.0010 108 186 183 222
Rice_with_Shredded_Chicken 0.0710 52 2 218 184
Rice_with_Shredded_Chicken 0.0030 8 -62 101 17
Rice_with_Shredded_Chicken 0.0025 45 -102 262 41
Rice_with_Shredded_Chicken 0.0014 115 -44 196 0
Rice_with_Shredded_Chicken 0.0013 117 -85 201 37
migao 0.3133 27 15 236 173
migao 0.0030 78 8 197 150
migao 0.0029 8 -62 101 17
migao 0.0026 45 -102 262 41
migao 0.0020 49 40 144 180
migao 0.0019 115 -44 196 0
migao 0.0017 108 186 183 222
migao 0.0016 117 -85 201 37
migao 0.0012 111 133 187 269
migao 0.0012 119 173 173 254
wagui 0.0620 32 9 234 181
wagui 0.0027 8 -62 101 17
wagui 0.0025 27 -141 283 78
wagui 0.0013 115 -44 196 0
wagui 0.0013 117 -85 201 37
wagui 0.0011 185 81 219 123
wagui 0.0011 64 -70 252 22
