Kongrou 0.0421 753 200 996 599
Kongrou 0.0223 691 267 1058 533
Kongrou 0.0128 357 173 661 512
Kongrou 0.0068 60 329 343 665
Kongrou 0.0050 594 -21 925 168
Kongrou 0.0049 244 229 736 455
Kongrou 0.0036 775 285 974 478
Kongrou 0.0033 -18 -15 151 391
Kongrou 0.0027 -33 382 437 611
Kongrou 0.0024 152 -28 482 175
Kongrou 0.0021 220 -474 935 211
Kongrou 0.0014 664 179 1046 429
Kongrou 0.0011 -67 55 200 322
Kongrou 0.0010 395 258 623 428
Kongrou 0.0010 107 418 296 576
Kongrou 0.0010 226 151 806 554
Rouzaofun 0.0654 748 182 1000 579
Rouzaofun 0.0310 583 -56 918 217
Rouzaofun 0.0201 660 269 1050 531
Rouzaofun 0.0182 357 173 661 512
Rouzaofun 0.0145 -18 -15 151 391
Rouzaofun 0.0090 244 229 736 455
Rouzaofun 0.0083 152 -28 482 175
Rouzaofun 0.0066 60 329 343 665
Rouzaofun 0.0055 621 -1 934 148
Rouzaofun 0.0052 775 285 974 478
Rouzaofun 0.0042 -33 382 437 611
Rouzaofun 0.0040 226 151 806 554
Rouzaofun 0.0029 -67 55 200 322
Rouzaofun 0.0023 664 179 1046 429
Rouzaofun 0.0020 -7 73 141 303
Rouzaofun 0.0017 220 -474 935 211
Rouzaofun 0.0014 395 258 623 428
Rouzaofun 0.0013 360 444 755 718
Rouzaofun 0.0011 766 238 945 409
Rouzaofun 0.0011 107 418 296 576
Rouzaofun 0.0011 77 219 325 543
Rouzaofun 0.0011 456 -123 1044 291
Rice_with_Shredded_Chicken 0.0387 753 200 996 599
Rice_with_Shredded_Chicken 0.0347 356 73 677 621
Rice_with_Shredded_Chicken 0.0274 583 -56 918 217
Rice_with_Shredded_Chicken 0.0267 691 267 1058 533
Rice_with_Shredded_Chicken 0.0124 173 -67 478 231
Rice_with_Shredded_Chicken 0.0117 226 151 806 554
Rice_with_Shredded_Chicken 0.0071 -18 -15 151 391
Rice_with_Shredded_Chicken 0.0069 360 444 755 718
Rice_with_Shredded_Chicken 0.0067 244 229 736 455
Rice_with_Shredded_Chicken 0.0039 60 329 343 665
Rice_with_Shredded_Chicken 0.0038 325 149 616 497
Rice_with_Shredded_Chicken 0.0034 -33 382 437 611
Rice_with_Shredded_Chicken 0.0026 775 285 974 478
Rice_with_Shredded_Chicken 0.0024 621 -1 934 148
Rice_with_Shredded_Chicken 0.0021 220 -474 935 211
Rice_with_Shredded_Chicken 0.0017 -67 55 200 322
Rice_with_Shredded_Chicken 0.0016 664 179 1046 429
Rice_with_Shredded_Chicken 0.0013 456 -123 1044 291
Rice_with_Shredded_Chicken 0.0011 -88 257 432 680
Rice_with_Shredded_Chicken 0.0010 -7 73 141 303
Rice_with_Shredded_Chicken 0.0010 167 0 464 147
migao 0.0646 753 200 996 599
migao 0.0409 691 267 1058 533
migao 0.0134 594 -21 925 168
migao 0.0132 357 173 661 512
migao 0.0086 244 229 736 455
migao 0.0084 -18 -15 151 391
migao 0.0053 60 329 343 665
migao 0.0042 -33 382 437 611
migao 0.0041 152 -28 482 175
migao 0.0032 775 285 974 478
migao 0.0025 -67 55 200 322
migao 0.0024 664 179 1046 429
migao 0.0024 226 151 806 554
migao 0.0020 198 -402 950 142
migao 0.0014 -7 73 141 303
wagui 0.0439 753 200 996 599
wagui 0.0400 621 -55 952 218
wagui 0.0335 691 267 1058 533
wagui 0.0092 601 0 915 147
wagui 0.0076 337 171 642 514
wagui 0.0057 244 229 736 455
wagui 0.0046 -18 -15 151 391
wagui 0.0037 60 329 343 665
wagui 0.0031 -33 382 437 611
wagui 0.0026 775 285 974 478
wagui 0.0024 152 -28 482 175
wagui 0.0019 664 179 1046 429
wagui 0.0018 220 -474 935 211
wagui 0.0015 -67 55 200 322
wagui 0.0015 236 104 796 526
wagui 0.0012 456 -123 1044 291
