Kongrou 0.0353 1254 51 1904 861
Kongrou 0.0242 2005 302 2699 1058
Kongrou 0.0164 238 227 699 693
Kongrou 0.0152 2107 1065 2819 1844
Kongrou 0.0110 489 1398 1231 2063
Kongrou 0.0092 551 612 1167 1299
Kongrou 0.0075 45 782 558 1246
Kongrou 0.0047 580 1527 1022 1828
Kongrou 0.0034 1259 815 2008 1760
Kongrou 0.0029 2034 391 2558 859
Kongrou 0.0025 804 13 1241 463
Kongrou 0.0024 1360 276 1909 757
Kongrou 0.0019 -15 1434 510 1919
Kongrou 0.0018 697 1610 1131 1970
Kongrou 0.0015 1584 1762 2461 2365
Kongrou 0.0014 1099 187 2282 839
Kongrou 0.0011 1346 171 1919 529
Rouzaofun 0.0863 1254 51 1904 861
Rouzaofun 0.0731 238 227 699 693
Rouzaofun 0.0630 2005 302 2699 1058
Rouzaofun 0.0529 552 568 1165 1235
Rouzaofun 0.0317 489 1398 1231 2063
Rouzaofun 0.0233 2107 1065 2819 1844
Rouzaofun 0.0222 45 782 558 1246
Rouzaofun 0.0154 -35 1335 539 2013
Rouzaofun 0.0088 580 1527 1022 1828
Rouzaofun 0.0066 804 13 1241 463
Rouzaofun 0.0066 1259 815 2008 1760
Rouzaofun 0.0058 2034 391 2558 859
Rouzaofun 0.0051 1584 1762 2461 2365
Rouzaofun 0.0048 1360 276 1909 757
Rouzaofun 0.0046 697 1610 1131 1970
Rouzaofun 0.0039 1099 187 2282 839
Rouzaofun 0.0034 723 664 1208 1141
Rouzaofun 0.0025 31 2041 806 2311
Rouzaofun 0.0023 198 70 852 742
Rouzaofun 0.0018 -26 1759 803 2643
Rouzaofun 0.0018 141 258 2715 2062
Rouzaofun 0.0015 1346 171 1919 529
Rouzaofun 0.0013 -368 1439 1141 2972
Rouzaofun 0.0010 73 1401 425 1620
Rouzaofun 0.0010 126 1403 591 1843
Rouzaofun 0.0010 4 1399 491 1733
Rouzaofun 0.0010 -219 1303 826 1938
Rouzaofun 0.0010 -249 -800 2228 1304
Rice_with_Shredded_Chicken 0.0822 1254 51 1904 861
Rice_with_Shredded_Chicken 0.0744 238 227 699 693
Rice_with_Shredded_Chicken 0.0547 551 612 1167 1299
Rice_with_Shredded_Chicken 0.0517 2005 302 2699 1058
Rice_with_Shredded_Chicken 0.0351 489 1398 1231 2063
Rice_with_Shredded_Chicken 0.0214 45 782 558 1246
Rice_with_Shredded_Chicken 0.0169 2107 1065 2819 1844
Rice_with_Shredded_Chicken 0.0083 -35 1335 539 2013
Rice_with_Shredded_Chicken 0.0080 580 1527 1022 1828
Rice_with_Shredded_Chicken 0.0060 804 13 1241 463
Rice_with_Shredded_Chicken 0.0039 2034 391 2558 859
Rice_with_Shredded_Chicken 0.0038 1584 1762 2461 2365
Rice_with_Shredded_Chicken 0.0037 1259 815 2008 1760
Rice_with_Shredded_Chicken 0.0032 697 1610 1131 1970
Rice_with_Shredded_Chicken 0.0030 141 258 2715 2062
Rice_with_Shredded_Chicken 0.0029 1099 187 2282 839
Rice_with_Shredded_Chicken 0.0024 1360 276 1909 757
Rice_with_Shredded_Chicken 0.0016 723 664 1208 1141
Rice_with_Shredded_Chicken 0.0015 1668 -186 2866 601
Rice_with_Shredded_Chicken 0.0014 -249 -800 2228 1304
Rice_with_Shredded_Chicken 0.0013 -37 2042 763 2310
Rice_with_Shredded_Chicken 0.0011 198 70 852 742
Rice_with_Shredded_Chicken 0.0011 -368 1439 1141 2972
Rice_with_Shredded_Chicken 0.0010 -26 1759 803 2643
Rice_with_Shredded_Chicken 0.0010 1346 171 1919 529
migao 0.1015 238 227 699 693
migao 0.0747 1254 51 1904 861
migao 0.0632 2005 302 2699 1058
migao 0.0439 577 652 1129 1151
migao 0.0309 489 1398 1231 2063
migao 0.0265 45 782 558 1246
migao 0.0224 2107 1065 2819 1844
migao 0.0114 -15 1434 510 1919
migao 0.0097 580 1527 1022 1828
migao 0.0069 804 13 1241 463
migao 0.0052 2034 391 2558 859
migao 0.0042 1259 815 2008 1760
migao 0.0039 697 1610 1131 1970
migao 0.0036 1360 276 1909 757
migao 0.0032 1650 1846 2388 2284
migao 0.0030 1099 187 2282 839
migao 0.0025 31 2041 806 2311
migao 0.0012 95 161 843 755
migao 0.0011 1346 171 1919 529
migao 0.0011 82 -92 2754 2391
migao 0.0011 73 1401 425 1620
migao 0.0010 1668 -186 2866 601
wagui 0.0833 238 227 699 693
wagui 0.0572 489 1398 1231 2063
wagui 0.0530 2005 302 2699 1058
wagui 0.0522 1254 51 1904 861
wagui 0.0425 551 612 1167 1299
wagui 0.0298 45 782 558 1246
wagui 0.0245 580 1527 1022 1828
wagui 0.0210 2107 1065 2819 1844
wagui 0.0083 697 1610 1131 1970
wagui 0.0082 804 13 1241 463
wagui 0.0066 2034 391 2558 859
wagui 0.0046 -15 1434 510 1919
wagui 0.0046 1584 1762 2461 2365
wagui 0.0041 1259 815 2008 1760
wagui 0.0022 723 664 1208 1141
wagui 0.0022 1099 187 2282 839
wagui 0.0021 -37 2042 763 2310
wagui 0.0017 1360 276 1909 757
wagui 0.0012 82 -92 2754 2391
wagui 0.0011 198 70 852 742
wagui 0.0010 73 1401 425 1620
wagui 0.0010 1539 -210 2787 630
