Kongrou 0.0092 -5 288 206 536
Kongrou 0.0066 260 214 554 427
Kongrou 0.0025 -67 316 265 479
Kongrou 0.0015 200 -384 720 175
Kongrou 0.0013 313 524 562 668
Kongrou 0.0011 14 329 184 466
Kongrou 0.0011 308 407 587 771
Kongrou 0.0010 13 -224 390 304
Kongrou 0.0010 189 432 702 742
Rouzaofun 0.0899 290 165 538 461
Rouzaofun 0.0455 -5 288 206 536
Rouzaofun 0.0088 -67 316 265 479
Rouzaofun 0.0035 192 246 622 395
Rouzaofun 0.0033 15 336 183 490
Rouzaofun 0.0021 336 75 618 306
Rouzaofun 0.0017 0 309 198 425
Rouzaofun 0.0017 297 243 516 369
Rouzaofun 0.0014 313 524 562 668
Rouzaofun 0.0014 453 -103 841 502
Rouzaofun 0.0012 200 -384 720 175
Rouzaofun 0.0012 146 161 626 466
Rouzaofun 0.0012 233 203 489 408
Rouzaofun 0.0011 51 -107 346 185
Rouzaofun 0.0011 13 -224 390 304
Rouzaofun 0.0011 189 432 702 742
Rice_with_Shredded_Chicken 0.2351 290 165 538 461
Rice_with_Shredded_Chicken 0.0225 -5 288 206 536
Rice_with_Shredded_Chicken 0.0047 -67 316 265 479
Rice_with_Shredded_Chicken 0.0024 192 246 622 395
Rice_with_Shredded_Chicken 0.0016 14 329 184 466
Rice_with_Shredded_Chicken 0.0015 146 161 626 466
Rice_with_Shredded_Chicken 0.0014 200 -384 720 175
Rice_with_Shredded_Chicken 0.0012 13 -224 390 304
Rice_with_Shredded_Chicken 0.0011 313 524 562 668
Rice_with_Shredded_Chicken 0.0010 336 75 618 306
Rice_with_Shredded_Chicken 0.0010 453 -103 841 502
migao 0.0430 290 165 538 461
migao 0.0281 -5 288 206 536
migao 0.0069 -67 316 265 479
migao 0.0029 192 246 622 395
migao 0.0022 10 324 188 441
migao 0.0017 313 524 562 668
migao 0.0016 24 360 174 497
migao 0.0013 737 118 817 184
migao 0.0013 185 -306 735 91
migao 0.0012 65 -413 862 199
migao 0.0012 297 243 516 369
migao 0.0012 13 -224 390 304
migao 0.0010 308 407 587 771
migao 0.0010 51 -107 346 185
migao 0.0010 189 432 702 742
wagui 0.0339 290 165 538 461
wagui 0.0152 -5 288 206 536
wagui 0.0038 -67 316 265 479
wagui 0.0021 737 118 817 184
wagui 0.0016 192 246 622 395
wagui 0.0015 65 -413 862 199
wagui 0.0014 666 12 795 107
wagui 0.0012 16 -186 381 258
wagui 0.0012 185 -306 735 91
wagui 0.0011 10 324 188 441
wagui 0.0011 696 66 797 114
wagui 0.0010 453 -103 841 502
