Kongrou 0.0639 205 178 397 382
Kongrou 0.0487 59 4 272 187
Kongrou 0.0465 42 170 215 366
Kongrou 0.0405 262 19 439 197
Kongrou 0.0117 161 216 440 344
Kongrou 0.0111 399 123 597 315
Kongrou 0.0071 -3 38 334 153
Kongrou 0.0038 222 50 503 166
Kongrou 0.0038 87 29 244 140
Kongrou 0.0037 292 41 432 152
Kongrou 0.0036 7 207 250 329
Kongrou 0.0036 219 224 357 337
Kongrou 0.0019 128 -294 609 127
Kongrou 0.0018 416 61 556 132
Kongrou 0.0016 426 157 570 257
Kongrou 0.0015 79 201 202 336
Kongrou 0.0012 354 155 667 283
Kongrou 0.0011 21 383 114 424
Kongrou 0.0010 277 333 439 660
Rouzaofun 0.1169 262 19 439 197
Rouzaofun 0.0893 205 178 397 382
Rouzaofun 0.0488 59 4 272 187
Rouzaofun 0.0485 42 170 215 366
Rouzaofun 0.0224 161 216 440 344
Rouzaofun 0.0127 399 123 597 315
Rouzaofun 0.0124 -3 38 334 153
Rouzaofun 0.0103 222 50 503 166
Rouzaofun 0.0081 292 41 432 152
Rouzaofun 0.0066 7 207 250 329
Rouzaofun 0.0055 219 224 357 337
Rouzaofun 0.0053 106 35 249 158
Rouzaofun 0.0036 416 61 556 132
Rouzaofun 0.0026 79 201 202 336
Rouzaofun 0.0022 354 155 667 283
Rouzaofun 0.0019 426 157 570 257
Rouzaofun 0.0016 128 -294 609 127
Rouzaofun 0.0014 21 383 114 424
Rouzaofun 0.0013 242 253 385 359
Rouzaofun 0.0011 328 477 397 552
Rouzaofun 0.0010 277 70 399 171
Rouzaofun 0.0010 146 244 481 390
Rouzaofun 0.0010 293 401 408 597
Rice_with_Shredded_Chicken 0.0990 262 19 439 197
Rice_with_Shredded_Chicken 0.0575 205 178 397 382
Rice_with_Shredded_Chicken 0.0355 59 4 272 187
Rice_with_Shredded_Chicken 0.0352 42 170 215 366
Rice_with_Shredded_Chicken 0.0250 412 90 595 363
Rice_with_Shredded_Chicken 0.0180 161 216 440 344
Rice_with_Shredded_Chicken 0.0105 -3 38 334 153
Rice_with_Shredded_Chicken 0.0081 222 50 503 166
Rice_with_Shredded_Chicken 0.0052 7 207 250 329
Rice_with_Shredded_Chicken 0.0041 416 61 556 132
Rice_with_Shredded_Chicken 0.0040 292 41 432 152
Rice_with_Shredded_Chicken 0.0037 349 154 647 284
Rice_with_Shredded_Chicken 0.0027 219 224 357 337
Rice_with_Shredded_Chicken 0.0022 87 29 244 140
Rice_with_Shredded_Chicken 0.0020 128 -294 609 127
Rice_with_Shredded_Chicken 0.0013 328 477 397 552
Rice_with_Shredded_Chicken 0.0013 21 383 114 424
Rice_with_Shredded_Chicken 0.0012 594 247 648 314
Rice_with_Shredded_Chicken 0.0012 293 401 408 597
Rice_with_Shredded_Chicken 0.0011 426 157 570 257
migao 0.1190 262 19 439 197
migao 0.1014 205 178 397 382
migao 0.0743 42 170 215 366
migao 0.0687 59 4 272 187
migao 0.0251 161 216 440 344
migao 0.0141 -3 38 334 153
migao 0.0121 399 123 597 315
migao 0.0103 222 50 503 166
migao 0.0086 7 207 250 329
migao 0.0053 292 41 432 152
migao 0.0052 416 61 556 132
migao 0.0037 219 224 357 337
migao 0.0032 106 35 249 158
migao 0.0021 354 155 667 283
migao 0.0017 110 -254 627 85
migao 0.0015 293 401 408 597
migao 0.0015 79 201 202 336
migao 0.0015 21 383 114 424
migao 0.0014 426 157 570 257
migao 0.0012 328 477 397 552
migao 0.0012 594 247 648 314
migao 0.0011 277 333 439 660
migao 0.0010 316 435 433 545
migao 0.0010 146 244 481 390
migao 0.0010 13 393 123 439
wagui 0.0954 262 19 439 197
wagui 0.0570 59 4 272 187
wagui 0.0516 205 178 397 382
wagui 0.0514 412 90 595 363
wagui 0.0416 42 170 215 366
wagui 0.0170 161 216 440 344
wagui 0.0121 -3 38 334 153
wagui 0.0107 416 61 556 132
wagui 0.0078 222 50 503 166
wagui 0.0053 7 207 250 329
wagui 0.0047 292 41 432 152
wagui 0.0043 349 154 647 284
wagui 0.0034 87 29 244 140
wagui 0.0029 21 383 114 424
wagui 0.0029 594 247 648 314
wagui 0.0022 219 224 357 337
wagui 0.0019 426 157 570 257
wagui 0.0017 128 -294 609 127
wagui 0.0016 399 23 573 168
wagui 0.0014 328 477 397 552
wagui 0.0014 13 393 123 439
wagui 0.0010 293 401 408 597
