Kongrou 0.0078 236 77 949 619
Kongrou 0.0069 356 89 786 481
Kongrou 0.0057 49 21 460 469
Kongrou 0.0024 440 -196 759 -15
Kongrou 0.0022 441 -362 784 137
Kongrou 0.0016 259 -464 907 187
Kongrou 0.0011 54 -623 1147 337
Rouzaofun 0.0109 285 141 1039 683
Rouzaofun 0.0029 440 -196 759 -15
Rouzaofun 0.0027 49 21 460 469
Rouzaofun 0.0019 441 -362 784 137
Rouzaofun 0.0015 265 -297 956 73
Rouzaofun 0.0012 54 -623 1147 337
Rouzaofun 0.0011 515 690 683 881
Rouzaofun 0.0010 298 -464 1040 186
Rice_with_Shredded_Chicken 0.0868 285 141 1039 683
Rice_with_Shredded_Chicken 0.0059 49 21 460 469
Rice_with_Shredded_Chicken 0.0028 440 -196 759 -15
Rice_with_Shredded_Chicken 0.0017 441 -362 784 137
Rice_with_Shredded_Chicken 0.0017 228 -413 955 139
Rice_with_Shredded_Chicken 0.0017 54 -623 1147 337
Rice_with_Shredded_Chicken 0.0014 -122 51 709 437
Rice_with_Shredded_Chicken 0.0011 318 81 747 562
Rice_with_Shredded_Chicken 0.0010 391 304 908 730
Rice_with_Shredded_Chicken 0.0010 515 690 683 881
migao 0.0223 285 141 1039 683
migao 0.0032 49 21 460 469
migao 0.0031 440 -196 759 -15
migao 0.0021 441 -362 784 137
migao 0.0019 228 -413 955 139
migao 0.0014 54 -623 1147 337
migao 0.0014 356 89 786 481
migao 0.0012 515 690 683 881
wagui 0.0058 285 141 1039 683
wagui 0.0046 49 21 460 469
wagui 0.0021 54 -623 1147 337
wagui 0.0020 440 -196 759 -15
wagui 0.0018 441 -362 784 137
wagui 0.0015 265 -297 956 73
wagui 0.0011 298 -464 1040 186
wagui 0.0011 515 690 683 881
wagui 0.0010 523 760 637 890
wagui 0.0010 -122 51 709 437
