Kongrou 0.2926 55 111 632 427
Kongrou 0.0199 123 89 362 429
Kongrou 0.0161 36 -53 264 208
Kongrou 0.0036 314 453 436 538
Kongrou 0.0024 280 412 468 580
Kongrou 0.0016 76 20 425 524
Kongrou 0.0014 306 471 397 543
Kongrou 0.0013 370 -31 575 136
Kongrou 0.0013 327 362 824 649
Kongrou 0.0011 482 92 613 253
Kongrou 0.0011 274 336 444 645
Kongrou 0.0010 166 137 352 323
Rouzaofun 0.0227 55 111 632 427
Rouzaofun 0.0135 36 -27 264 221
Rouzaofun 0.0042 314 453 436 538
Rouzaofun 0.0039 370 -31 575 136
Rouzaofun 0.0032 280 412 468 580
Rouzaofun 0.0021 482 92 613 253
Rouzaofun 0.0020 -60 -38 359 188
Rouzaofun 0.0018 306 471 397 543
Rouzaofun 0.0012 41 129 397 392
Rouzaofun 0.0011 376 286 769 708
Rouzaofun 0.0010 166 137 352 323
Rouzaofun 0.0010 179 374 536 604
Rouzaofun 0.0010 274 336 444 645
Rice_with_Shredded_Chicken 0.0901 55 111 632 427
Rice_with_Shredded_Chicken 0.0393 36 -27 264 221
Rice_with_Shredded_Chicken 0.0224 370 -31 575 136
Rice_with_Shredded_Chicken 0.0041 -60 -38 359 188
Rice_with_Shredded_Chicken 0.0039 314 453 436 538
Rice_with_Shredded_Chicken 0.0028 280 412 468 580
Rice_with_Shredded_Chicken 0.0024 41 129 397 392
Rice_with_Shredded_Chicken 0.0019 306 471 397 543
Rice_with_Shredded_Chicken 0.0015 275 -67 667 172
Rice_with_Shredded_Chicken 0.0013 482 92 613 253
Rice_with_Shredded_Chicken 0.0013 376 286 769 708
migao 0.2237 55 111 632 427
migao 0.0166 36 -27 264 221
migao 0.0049 123 89 362 429
migao 0.0040 314 453 436 538
migao 0.0035 370 -31 575 136
migao 0.0028 -60 -38 359 188
migao 0.0024 280 412 468 580
migao 0.0018 306 471 397 543
migao 0.0014 376 286 769 708
migao 0.0013 482 92 613 253
migao 0.0012 76 20 425 524
migao 0.0012 274 336 444 645
migao 0.0010 179 374 536 604
wagui 0.0292 55 111 632 427
wagui 0.0146 370 -31 575 136
wagui 0.0051 36 -27 264 221
wagui 0.0040 314 453 436 538
wagui 0.0026 280 412 468 580
wagui 0.0019 306 471 397 543
wagui 0.0016 482 92 613 253
wagui 0.0013 376 286 769 708
wagui 0.0012 -60 -38 359 188
wagui 0.0011 275 -67 667 172
wagui 0.0010 41 129 397 392
wagui 0.0010 274 336 444 645
