Kongrou 0.0051 61 9 239 182
Kongrou 0.0033 75 168 152 219
Kongrou 0.0011 41 -114 257 69
Rouzaofun 0.6458 42 18 255 171
Rouzaofun 0.0087 64 28 184 157
Rouzaofun 0.0035 112 30 235 154
Rouzaofun 0.0024 75 168 152 219
Rouzaofun 0.0011 75 181 128 242
Rice_with_Shredded_Chicken 0.0321 42 18 255 171
Rice_with_Shredded_Chicken 0.0013 65 -86 233 38
Rice_with_Shredded_Chicken 0.0010 -54 -125 114 78
migao 0.0977 42 18 255 171
migao 0.0016 75 168 152 219
migao 0.0015 64 28 184 157
migao 0.0010 65 -86 233 38
migao 0.0010 119 173 163 252
wagui 0.0814 46 20 251 174
wagui 0.0017 75 168 152 219
