Kongrou 0.0323 30 68 2006 1475
Kongrou 0.0255 1047 158 1710 1149
Kongrou 0.0135 157 96 669 766
Kongrou 0.0066 886 437 1750 900
Kongrou 0.0046 1006 309 1471 1026
Kongrou 0.0030 6 167 821 619
Kongrou 0.0030 -537 -7 694 1558
Kongrou 0.0019 -133 -32 982 870
Kongrou 0.0012 1319 966 2594 2420
Rouzaofun 0.0156 1035 312 1601 1023
Rouzaofun 0.0122 157 96 669 766
Rouzaofun 0.0103 30 68 2006 1475
Rouzaofun 0.0088 886 437 1750 900
Rouzaofun 0.0043 6 167 821 619
Rouzaofun 0.0024 -537 -7 694 1558
Rouzaofun 0.0012 788 215 1952 1091
Rouzaofun 0.0011 1319 966 2594 2420
Rouzaofun 0.0010 1091 454 1546 885
Rice_with_Shredded_Chicken 0.0246 30 68 2006 1475
Rice_with_Shredded_Chicken 0.0097 1035 312 1601 1023
Rice_with_Shredded_Chicken 0.0088 157 96 669 766
Rice_with_Shredded_Chicken 0.0067 886 437 1750 900
Rice_with_Shredded_Chicken 0.0037 6 167 821 619
Rice_with_Shredded_Chicken 0.0022 -545 -164 722 1697
Rice_with_Shredded_Chicken 0.0012 788 215 1952 1091
Rice_with_Shredded_Chicken 0.0011 1319 966 2594 2420
Rice_with_Shredded_Chicken 0.0010 -187 946 1007 1833
migao 0.0269 30 68 2006 1475
migao 0.0179 1035 312 1601 1023
migao 0.0155 157 96 669 766
migao 0.0106 886 437 1750 900
migao 0.0054 31 211 796 653
migao 0.0032 788 215 1952 1091
migao 0.0027 -545 -164 722 1697
migao 0.0016 -133 -32 982 870
migao 0.0012 1319 966 2594 2420
migao 0.0011 -240 60 487 1397
migao 0.0010 -187 946 1007 1833
wagui 0.0150 157 96 669 766
wagui 0.0120 1035 312 1601 1023
wagui 0.0080 886 437 1750 900
wagui 0.0054 30 68 2006 1475
wagui 0.0046 6 167 821 619
wagui 0.0022 -537 -7 694 1558
wagui 0.0012 -133 -32 982 870
