Kongrou 0.0028 4 10 250 184
Kongrou 0.0019 120 167 183 258
Kongrou 0.0013 139 192 183 235
Kongrou 0.0012 71 162 236 260
Rouzaofun 0.3598 4 10 250 184
Rouzaofun 0.0023 108 29 277 154
Rouzaofun 0.0022 27 69 122 176
Rouzaofun 0.0018 139 192 183 235
Rouzaofun 0.0016 87 -11 286 205
Rouzaofun 0.0015 121 151 187 272
Rouzaofun 0.0013 71 162 236 260
Rouzaofun 0.0012 -7 51 156 172
Rouzaofun 0.0010 102 15 225 130
Rouzaofun 0.0010 44 50 211 220
Rice_with_Shredded_Chicken 0.1859 4 10 250 184
Rice_with_Shredded_Chicken 0.0018 120 167 183 258
Rice_with_Shredded_Chicken 0.0017 139 192 183 235
Rice_with_Shredded_Chicken 0.0014 71 162 236 260
migao 0.0820 4 10 250 184
migao 0.0023 120 167 183 258
migao 0.0017 139 192 183 235
migao 0.0013 71 162 236 260
wagui 0.0205 4 10 250 184
wagui 0.0019 139 192 183 235
wagui 0.0015 121 151 187 272
