Kongrou 0.0563 89 62 824 580
Kongrou 0.0019 441 592 527 693
Kongrou 0.0016 331 -164 607 -2
Kongrou 0.0014 321 -274 635 97
Kongrou 0.0012 198 -393 716 181
Kongrou 0.0011 465 589 565 695
Rouzaofun 0.0770 89 62 824 580
Rouzaofun 0.0033 441 592 527 693
Rouzaofun 0.0018 331 -164 607 -2
Rouzaofun 0.0016 465 589 565 695
Rouzaofun 0.0015 313 493 517 635
Rouzaofun 0.0012 186 -243 766 65
Rouzaofun 0.0012 321 -274 635 97
Rouzaofun 0.0011 373 515 596 772
Rice_with_Shredded_Chicken 0.1417 41 6 761 520
Rice_with_Shredded_Chicken 0.0040 441 592 527 693
Rice_with_Shredded_Chicken 0.0017 465 589 565 695
Rice_with_Shredded_Chicken 0.0017 331 -164 607 -2
Rice_with_Shredded_Chicken 0.0013 171 -316 752 104
Rice_with_Shredded_Chicken 0.0011 82 -430 851 209
Rice_with_Shredded_Chicken 0.0011 321 -274 635 97
Rice_with_Shredded_Chicken 0.0010 373 515 596 772
migao 0.0746 112 21 805 508
migao 0.0035 441 592 527 693
migao 0.0019 331 -164 607 -2
migao 0.0015 465 589 565 695
migao 0.0013 171 -316 752 104
migao 0.0013 321 -274 635 97
migao 0.0010 313 493 517 635
wagui 0.0152 112 21 805 508
wagui 0.0041 441 592 527 693
wagui 0.0019 465 589 565 695
wagui 0.0016 313 493 517 635
wagui 0.0012 82 -430 851 209
wagui 0.0011 321 -274 635 97
wagui 0.0010 171 -316 752 104
wagui 0.0010 373 515 596 772
