Kongrou 0.1361 302 -45 551 199
Kongrou 0.0215 116 111 371 406
Kongrou 0.0087 23 144 463 374
Kongrou 0.0029 214 5 637 235
Kongrou 0.0013 236 -79 420 6
Kongrou 0.0012 137 -242 550 133
Kongrou 0.0010 242 -176 429 93
Kongrou 0.0010 331 231 723 671
Rouzaofun 0.1430 141 103 390 414
Rouzaofun 0.0401 41 149 488 369
Rouzaofun 0.0283 304 -42 550 237
Rouzaofun 0.0046 201 -31 650 184
Rouzaofun 0.0016 121 179 328 374
Rouzaofun 0.0012 137 -242 550 133
Rouzaofun 0.0010 -85 401 149 624
Rice_with_Shredded_Chicken 0.1270 304 -42 550 237
Rice_with_Shredded_Chicken 0.0329 141 103 390 414
Rice_with_Shredded_Chicken 0.0246 41 149 488 369
Rice_with_Shredded_Chicken 0.0083 201 -31 650 184
Rice_with_Shredded_Chicken 0.0013 95 -193 595 80
Rice_with_Shredded_Chicken 0.0012 331 231 723 671
Rice_with_Shredded_Chicken 0.0011 15 -291 683 174
migao 0.0827 141 103 390 414
migao 0.0649 304 -42 550 237
migao 0.0417 41 149 488 369
migao 0.0073 201 -31 650 184
migao 0.0013 236 -79 420 6
migao 0.0013 95 -193 595 80
migao 0.0012 67 203 381 349
migao 0.0010 331 231 723 671
wagui 0.1197 304 -42 550 237
wagui 0.0181 141 103 390 414
wagui 0.0112 41 149 488 369
wagui 0.0082 201 -31 650 184
wagui 0.0011 95 -193 595 80
wagui 0.0011 15 -291 683 174
wagui 0.0010 406 176 742 730
