Kongrou 0.0210 9 57 89 146
Kongrou 0.0081 -16 75 115 128
Kongrou 0.0025 -32 22 185 275
Kongrou 0.0023 86 96 175 234
Kongrou 0.0022 123 87 175 126
Kongrou 0.0022 116 73 182 140
Kongrou 0.0020 53 10 150 99
Kongrou 0.0016 17 79 81 124
Kongrou 0.0015 38 127 206 240
Kongrou 0.0015 11 48 143 249
Kongrou 0.0015 69 141 198 202
Rouzaofun 0.1427 75 99 167 250
Rouzaofun 0.1216 12 41 91 166
Rouzaofun 0.0763 61 9 162 99
Rouzaofun 0.0658 38 127 206 240
Rouzaofun 0.0173 -16 75 115 128
Rouzaofun 0.0059 91 128 176 214
Rouzaofun 0.0040 -32 22 185 275
Rouzaofun 0.0038 0 71 79 152
Rouzaofun 0.0027 17 79 81 124
Rouzaofun 0.0025 -28 55 114 154
Rouzaofun 0.0024 11 48 143 249
Rouzaofun 0.0023 63 141 195 201
Rouzaofun 0.0019 123 87 175 126
Rouzaofun 0.0017 116 73 182 140
Rouzaofun 0.0014 14 11 189 116
Rice_with_Shredded_Chicken 0.0554 12 41 91 166
Rice_with_Shredded_Chicken 0.0312 61 9 162 99
Rice_with_Shredded_Chicken 0.0206 38 127 206 240
Rice_with_Shredded_Chicken 0.0122 -16 75 115 128
Rice_with_Shredded_Chicken 0.0109 76 109 168 257
Rice_with_Shredded_Chicken 0.0029 -32 22 185 275
Rice_with_Shredded_Chicken 0.0026 91 128 176 214
Rice_with_Shredded_Chicken 0.0019 27 35 165 223
Rice_with_Shredded_Chicken 0.0015 0 71 79 152
Rice_with_Shredded_Chicken 0.0014 123 87 175 126
Rice_with_Shredded_Chicken 0.0013 116 73 182 140
Rice_with_Shredded_Chicken 0.0013 -28 55 114 154
Rice_with_Shredded_Chicken 0.0013 17 79 81 124
Rice_with_Shredded_Chicken 0.0012 63 141 195 201
migao 0.0572 12 41 91 166
migao 0.0359 38 127 206 240
migao 0.0359 75 99 167 250
migao 0.0169 61 9 162 99
migao 0.0160 -16 75 115 128
migao 0.0033 91 128 176 214
migao 0.0031 -32 22 185 275
migao 0.0020 123 87 175 126
migao 0.0020 0 71 79 152
migao 0.0017 17 79 81 124
migao 0.0017 63 141 195 201
migao 0.0016 27 35 165 223
migao 0.0016 116 73 182 140
migao 0.0014 -28 55 114 154
wagui 0.0720 12 41 91 166
wagui 0.0175 38 127 206 240
wagui 0.0116 76 109 168 257
wagui 0.0112 -16 75 115 128
wagui 0.0034 123 87 175 126
wagui 0.0024 116 73 182 140
wagui 0.0022 91 128 176 214
wagui 0.0019 61 9 162 99
wagui 0.0018 -32 22 185 275
wagui 0.0016 0 71 79 152
wagui 0.0015 -28 55 114 154
wagui 0.0011 27 35 165 223
wagui 0.0011 63 141 195 201
wagui 0.0011 17 79 81 124
