Kongrou 0.0107 425 124 632 212
Kongrou 0.0072 490 43 758 138
Kongrou 0.0071 299 109 659 603
Kongrou 0.0046 409 671 684 815
Kongrou 0.0038 410 512 708 952
Kongrou 0.0035 -2 97 349 452
Kongrou 0.0029 214 559 900 905
Kongrou 0.0027 203 58 468 161
Kongrou 0.0025 129 167 828 534
Kongrou 0.0018 400 71 658 264
Kongrou 0.0017 284 612 599 800
Kongrou 0.0017 746 -67 1135 313
Kongrou 0.0014 478 0 772 181
Kongrou 0.0014 576 -96 1000 189
Kongrou 0.0014 227 271 754 487
Kongrou 0.0014 128 232 315 334
Kongrou 0.0012 -98 44 515 426
Kongrou 0.0011 221 -469 922 199
Kongrou 0.0011 713 -197 1176 443
Kongrou 0.0010 703 170 929 280
Kongrou 0.0010 562 -356 1011 446
Rouzaofun 0.0516 425 124 632 212
Rouzaofun 0.0382 490 43 758 138
Rouzaofun 0.0231 677 85 973 391
Rouzaofun 0.0100 203 58 468 161
Rouzaofun 0.0069 41 102 379 444
Rouzaofun 0.0061 400 71 658 264
Rouzaofun 0.0054 478 0 772 181
Rouzaofun 0.0039 551 10 1097 462
Rouzaofun 0.0039 293 136 667 639
Rouzaofun 0.0037 409 671 684 815
Rouzaofun 0.0029 410 512 708 952
Rouzaofun 0.0028 703 170 929 280
Rouzaofun 0.0027 214 559 900 905
Rouzaofun 0.0026 227 271 754 487
Rouzaofun 0.0024 704 192 967 334
Rouzaofun 0.0022 102 195 856 581
Rouzaofun 0.0020 128 232 315 334
Rouzaofun 0.0019 188 15 485 205
Rouzaofun 0.0019 -118 62 459 482
Rouzaofun 0.0017 58 194 345 334
Rouzaofun 0.0014 746 -67 1135 313
Rouzaofun 0.0012 89 168 314 282
Rouzaofun 0.0011 713 -197 1176 443
Rouzaofun 0.0010 562 -356 1011 446
Rouzaofun 0.0010 566 137 1066 352
Rice_with_Shredded_Chicken 0.0833 425 124 632 212
Rice_with_Shredded_Chicken 0.0577 490 43 758 138
Rice_with_Shredded_Chicken 0.0470 293 136 667 639
Rice_with_Shredded_Chicken 0.0199 41 102 379 444
Rice_with_Shredded_Chicken 0.0130 102 195 856 581
Rice_with_Shredded_Chicken 0.0112 203 58 468 161
Rice_with_Shredded_Chicken 0.0103 677 85 973 391
Rice_with_Shredded_Chicken 0.0067 478 0 772 181
Rice_with_Shredded_Chicken 0.0066 400 71 658 264
Rice_with_Shredded_Chicken 0.0041 -118 62 459 482
Rice_with_Shredded_Chicken 0.0036 409 671 684 815
Rice_with_Shredded_Chicken 0.0032 551 10 1097 462
Rice_with_Shredded_Chicken 0.0026 214 559 900 905
Rice_with_Shredded_Chicken 0.0026 410 512 708 952
Rice_with_Shredded_Chicken 0.0020 227 271 754 487
Rice_with_Shredded_Chicken 0.0020 188 15 485 205
Rice_with_Shredded_Chicken 0.0018 746 -67 1135 313
Rice_with_Shredded_Chicken 0.0015 719 165 953 285
Rice_with_Shredded_Chicken 0.0013 704 192 967 334
Rice_with_Shredded_Chicken 0.0012 60 224 305 342
Rice_with_Shredded_Chicken 0.0012 576 -96 1000 189
Rice_with_Shredded_Chicken 0.0011 562 -356 1011 446
Rice_with_Shredded_Chicken 0.0011 221 -469 922 199
Rice_with_Shredded_Chicken 0.0010 36 181 328 308
Rice_with_Shredded_Chicken 0.0010 713 -197 1176 443
Rice_with_Shredded_Chicken 0.0010 148 232 332 333
Rice_with_Shredded_Chicken 0.0010 57 -235 513 18
migao 0.1029 425 124 632 212
migao 0.0628 490 43 758 138
migao 0.0127 203 58 468 161
migao 0.0054 409 671 684 815
migao 0.0054 293 136 667 639
migao 0.0053 677 85 973 391
migao 0.0051 -2 97 349 452
migao 0.0035 410 512 708 952
migao 0.0031 400 71 658 264
migao 0.0030 102 195 856 581
migao 0.0030 478 0 772 181
migao 0.0029 214 559 900 905
migao 0.0026 703 170 929 280
migao 0.0023 704 192 967 334
migao 0.0022 227 271 754 487
migao 0.0018 128 232 315 334
migao 0.0016 551 10 1097 462
migao 0.0015 746 -67 1135 313
migao 0.0014 33 198 331 330
migao 0.0012 713 -197 1176 443
migao 0.0011 -98 44 515 426
migao 0.0011 188 15 485 205
migao 0.0011 89 168 314 282
migao 0.0010 562 -356 1011 446
migao 0.0010 231 -388 922 119
migao 0.0010 576 -96 1000 189
wagui 0.1496 425 124 632 212
wagui 0.1427 490 43 758 138
wagui 0.0313 203 58 468 161
wagui 0.0087 478 0 772 181
wagui 0.0067 400 71 658 264
wagui 0.0032 188 15 485 205
wagui 0.0027 409 671 684 815
wagui 0.0025 -2 97 349 452
wagui 0.0025 410 512 708 952
wagui 0.0023 214 559 900 905
wagui 0.0017 746 -67 1135 313
wagui 0.0015 227 271 754 487
wagui 0.0013 324 220 657 538
wagui 0.0013 128 232 315 334
wagui 0.0013 620 -101 1031 195
wagui 0.0013 703 170 929 280
wagui 0.0012 704 192 967 334
wagui 0.0011 102 195 856 581
wagui 0.0011 626 -99 1251 418
wagui 0.0010 -98 44 515 426
wagui 0.0010 562 -356 1011 446
wagui 0.0010 221 -469 922 199
wagui 0.0010 36 181 328 308
