Kongrou 0.0307 865 224 1188 520
Kongrou 0.0246 212 280 595 602
Kongrou 0.0235 -2 205 256 492
Kongrou 0.0195 1027 4 1166 92
Kongrou 0.0154 539 185 867 513
Kongrou 0.0104 561 55 844 227
Kongrou 0.0096 1016 205 1176 307
Kongrou 0.0092 529 -495 907 59
Kongrou 0.0082 280 40 573 334
Kongrou 0.0081 532 -314 876 -101
Kongrou 0.0072 598 270 808 428
Kongrou 0.0072 908 -119 1285 216
Kongrou 0.0056 305 -419 1124 -17
Kongrou 0.0040 254 344 551 539
Kongrou 0.0028 1152 172 1224 294
Kongrou 0.0023 361 293 538 452
Kongrou 0.0022 369 -702 1202 209
Kongrou 0.0020 573 304 833 486
Kongrou 0.0018 29 228 270 380
Kongrou 0.0015 1056 566 1183 638
Kongrou 0.0013 314 222 586 524
Kongrou 0.0013 571 228 835 377
Kongrou 0.0012 442 -374 592 43
Kongrou 0.0012 353 -366 708 -142
Kongrou 0.0010 -297 475 397 1266
Kongrou 0.0010 -420 -475 525 164
Kongrou 0.0010 960 110 1232 403
Rouzaofun 0.1004 865 224 1188 520
Rouzaofun 0.0876 -2 205 256 492
Rouzaofun 0.0850 212 280 595 602
Rouzaofun 0.0644 539 185 867 513
Rouzaofun 0.0518 561 55 844 227
Rouzaofun 0.0356 1016 205 1176 307
Rouzaofun 0.0242 1027 4 1166 92
Rouzaofun 0.0233 280 40 573 334
Rouzaofun 0.0219 598 270 808 428
Rouzaofun 0.0116 254 344 551 539
Rouzaofun 0.0098 908 -119 1285 216
Rouzaofun 0.0082 1152 172 1224 294
Rouzaofun 0.0075 532 -314 876 -101
Rouzaofun 0.0070 529 -495 907 59
Rouzaofun 0.0069 573 304 833 486
Rouzaofun 0.0061 1056 566 1183 638
Rouzaofun 0.0049 305 -419 1124 -17
Rouzaofun 0.0035 361 293 538 452
Rouzaofun 0.0034 960 110 1232 403
Rouzaofun 0.0030 29 228 270 380
Rouzaofun 0.0029 571 228 835 377
Rouzaofun 0.0023 -15 -14 314 250
Rouzaofun 0.0023 898 325 1153 511
Rouzaofun 0.0020 -93 199 392 451
Rouzaofun 0.0020 22 66 276 215
Rouzaofun 0.0019 442 -374 592 43
Rouzaofun 0.0019 314 222 586 524
Rouzaofun 0.0018 -14 248 174 450
Rouzaofun 0.0016 369 -702 1202 209
Rouzaofun 0.0016 953 286 1192 460
Rouzaofun 0.0016 1141 239 1234 410
Rouzaofun 0.0014 1119 89 1211 192
Rouzaofun 0.0013 986 184 1160 282
Rouzaofun 0.0013 -80 -10 922 629
Rouzaofun 0.0012 278 101 527 273
Rouzaofun 0.0011 1120 225 1209 378
Rouzaofun 0.0011 161 -301 909 -37
Rouzaofun 0.0011 902 246 1149 405
Rouzaofun 0.0011 1047 57 1330 411
Rouzaofun 0.0010 -420 -475 525 164
Rice_with_Shredded_Chicken 0.1093 865 224 1188 520
Rice_with_Shredded_Chicken 0.0780 -2 205 256 492
Rice_with_Shredded_Chicken 0.0681 1016 205 1176 307
Rice_with_Shredded_Chicken 0.0572 561 55 844 227
Rice_with_Shredded_Chicken 0.0431 212 280 595 602
Rice_with_Shredded_Chicken 0.0416 539 185 867 513
Rice_with_Shredded_Chicken 0.0302 1027 4 1166 92
Rice_with_Shredded_Chicken 0.0194 280 40 573 334
Rice_with_Shredded_Chicken 0.0130 1152 172 1224 294
Rice_with_Shredded_Chicken 0.0122 598 270 808 428
Rice_with_Shredded_Chicken 0.0102 1056 566 1183 638
Rice_with_Shredded_Chicken 0.0089 908 -119 1285 216
Rice_with_Shredded_Chicken 0.0071 529 -495 907 59
Rice_with_Shredded_Chicken 0.0068 532 -314 876 -101
Rice_with_Shredded_Chicken 0.0048 305 -419 1124 -17
Rice_with_Shredded_Chicken 0.0047 254 344 551 539
Rice_with_Shredded_Chicken 0.0033 573 304 833 486
Rice_with_Shredded_Chicken 0.0033 960 110 1232 403
Rice_with_Shredded_Chicken 0.0022 1122 253 1208 397
Rice_with_Shredded_Chicken 0.0020 1119 89 1211 192
Rice_with_Shredded_Chicken 0.0019 369 -702 1202 209
Rice_with_Shredded_Chicken 0.0019 -80 -10 922 629
Rice_with_Shredded_Chicken 0.0018 571 228 835 377
Rice_with_Shredded_Chicken 0.0017 1143 203 1232 400
Rice_with_Shredded_Chicken 0.0015 361 293 538 452
Rice_with_Shredded_Chicken 0.0014 -15 -14 314 250
Rice_with_Shredded_Chicken 0.0014 29 228 270 380
Rice_with_Shredded_Chicken 0.0014 -93 199 392 451
Rice_with_Shredded_Chicken 0.0013 898 325 1153 511
Rice_with_Shredded_Chicken 0.0013 17 -813 1388 302
Rice_with_Shredded_Chicken 0.0013 986 184 1160 282
Rice_with_Shredded_Chicken 0.0012 -420 -475 525 164
Rice_with_Shredded_Chicken 0.0011 442 -374 592 43
Rice_with_Shredded_Chicken 0.0010 1031 573 1206 678
Rice_with_Shredded_Chicken 0.0010 22 66 276 215
migao 0.1019 865 224 1188 520
migao 0.0882 -2 205 256 492
migao 0.0807 1016 205 1176 307
migao 0.0657 561 55 844 227
migao 0.0647 212 280 595 602
migao 0.0406 539 185 867 513
migao 0.0353 1027 4 1166 92
migao 0.0184 598 270 808 428
migao 0.0159 1152 172 1224 294
migao 0.0148 280 40 573 334
migao 0.0136 1056 566 1183 638
migao 0.0086 532 -314 876 -101
migao 0.0081 529 -495 907 59
migao 0.0079 254 344 551 539
migao 0.0075 908 -119 1285 216
migao 0.0057 573 304 833 486
migao 0.0053 305 -419 1124 -17
migao 0.0030 361 293 538 452
migao 0.0026 1122 253 1208 397
migao 0.0026 442 -374 592 43
migao 0.0026 571 228 835 377
migao 0.0022 1119 89 1211 192
migao 0.0021 29 228 270 380
migao 0.0018 1143 203 1232 400
migao 0.0018 22 66 276 215
migao 0.0017 898 325 1153 511
migao 0.0017 369 -702 1202 209
migao 0.0015 -14 248 174 450
migao 0.0015 960 110 1232 403
migao 0.0015 -93 199 392 451
migao 0.0014 986 184 1160 282
migao 0.0012 314 222 586 524
migao 0.0012 161 -301 909 -37
migao 0.0011 1031 573 1206 678
migao 0.0011 -297 475 397 1266
migao 0.0011 1140 452 1234 615
migao 0.0010 278 101 527 273
migao 0.0010 -15 -14 314 250
wagui 0.1742 1016 205 1176 307
wagui 0.1247 550 60 809 221
wagui 0.0972 865 224 1188 520
wagui 0.0459 1027 4 1166 92
wagui 0.0448 -2 205 256 492
wagui 0.0372 1056 566 1183 638
wagui 0.0322 1152 172 1224 294
wagui 0.0316 212 280 595 602
wagui 0.0249 539 185 867 513
wagui 0.0108 282 64 572 356
wagui 0.0105 908 -119 1285 216
wagui 0.0105 598 270 808 428
wagui 0.0066 529 -495 907 59
wagui 0.0052 1122 253 1208 397
wagui 0.0050 1119 89 1211 192
wagui 0.0050 532 -314 876 -101
wagui 0.0049 305 -419 1124 -17
wagui 0.0038 960 110 1232 403
wagui 0.0037 986 184 1160 282
wagui 0.0035 254 344 551 539
wagui 0.0030 573 304 833 486
wagui 0.0030 1144 265 1232 432
wagui 0.0027 1031 573 1206 678
wagui 0.0027 555 -20 852 258
wagui 0.0026 361 293 538 452
wagui 0.0025 632 83 1165 514
wagui 0.0019 898 325 1153 511
wagui 0.0018 353 -366 708 -142
wagui 0.0018 369 -702 1202 209
wagui 0.0018 571 228 835 377
wagui 0.0015 17 -813 1388 302
wagui 0.0015 442 -374 592 43
wagui 0.0015 1140 452 1234 615
wagui 0.0015 879 410 1175 518
wagui 0.0014 1068 525 1214 634
wagui 0.0013 1119 151 1211 313
wagui 0.0013 29 228 270 380
wagui 0.0013 299 -140 850 272
wagui 0.0012 864 264 1140 433
wagui 0.0012 1149 118 1226 256
wagui 0.0012 1148 190 1227 368
wagui 0.0012 1047 57 1330 411
wagui 0.0011 22 66 276 215
wagui 0.0011 -14 248 174 450
wagui 0.0011 1056 66 1181 169
wagui 0.0010 1152 355 1222 573
