Kongrou 0.0179 144 -6 231 46
Kongrou 0.0143 78 33 284 193
Kongrou 0.0027 4 -13 91 102
Kongrou 0.0016 66 -127 246 52
Kongrou 0.0014 149 40 262 174
Kongrou 0.0013 117 -54 204 -2
Kongrou 0.0013 54 108 264 282
Kongrou 0.0012 7 -151 315 74
Kongrou 0.0012 113 -94 215 34
Kongrou 0.0010 115 179 186 230
Rouzaofun 0.5911 78 37 279 186
Rouzaofun 0.0287 143 0 231 39
Rouzaofun 0.0057 149 52 262 182
Rouzaofun 0.0044 4 -13 91 102
Rouzaofun 0.0025 113 28 235 145
Rouzaofun 0.0021 117 -6 257 46
Rouzaofun 0.0017 117 -54 204 -2
Rouzaofun 0.0014 66 -127 246 52
Rouzaofun 0.0012 7 -151 315 74
Rouzaofun 0.0012 54 108 264 282
Rouzaofun 0.0012 7 -17 266 200
Rouzaofun 0.0011 143 -24 226 51
Rouzaofun 0.0011 -23 16 124 77
Rouzaofun 0.0010 113 -94 215 34
Rice_with_Shredded_Chicken 0.0210 144 -6 231 46
Rice_with_Shredded_Chicken 0.0159 4 -13 91 102
Rice_with_Shredded_Chicken 0.0108 78 37 279 186
Rice_with_Shredded_Chicken 0.0018 56 -107 260 34
Rice_with_Shredded_Chicken 0.0017 7 -151 315 74
Rice_with_Shredded_Chicken 0.0015 117 -54 204 -2
Rice_with_Shredded_Chicken 0.0014 54 108 264 282
Rice_with_Shredded_Chicken 0.0011 -29 -3 125 113
Rice_with_Shredded_Chicken 0.0010 -42 -131 109 60
migao 0.2627 78 37 279 186
migao 0.0354 144 -6 231 46
migao 0.0068 4 -13 91 102
migao 0.0020 56 -107 260 34
migao 0.0018 117 -54 204 -2
migao 0.0014 7 -151 315 74
migao 0.0013 149 52 262 182
migao 0.0012 115 179 186 230
migao 0.0011 113 -94 215 34
migao 0.0010 -23 16 124 77
wagui 0.0928 4 -13 91 102
wagui 0.0293 144 -6 231 46
wagui 0.0094 78 37 279 186
wagui 0.0024 -29 -3 125 113
wagui 0.0020 7 -151 315 74
wagui 0.0014 56 -107 260 34
wagui 0.0011 54 108 264 282
wagui 0.0011 -23 16 124 77
wagui 0.0010 117 -54 204 -2
wagui 0.0010 113 -94 215 34
