Kongrou 0.0454 49 -7 790 517
Kongrou 0.0034 295 -460 997 193
Kongrou 0.0030 260 -26 694 424
Kongrou 0.0018 205 139 671 561
Kongrou 0.0014 288 246 821 682
Kongrou 0.0013 427 -165 732 -35
Kongrou 0.0013 450 -358 737 138
Kongrou 0.0012 88 237 313 480
Kongrou 0.0010 218 -269 966 53
Rouzaofun 0.0049 329 237 854 689
Rouzaofun 0.0047 136 46 809 501
Rouzaofun 0.0026 295 -460 997 193
Rouzaofun 0.0016 37 141 962 661
Rouzaofun 0.0011 427 -165 732 -35
Rouzaofun 0.0010 450 -358 737 138
Rice_with_Shredded_Chicken 0.0189 288 246 821 682
Rice_with_Shredded_Chicken 0.0092 73 59 917 594
Rice_with_Shredded_Chicken 0.0032 295 -460 997 193
Rice_with_Shredded_Chicken 0.0023 258 -4 697 552
Rice_with_Shredded_Chicken 0.0017 672 69 970 473
Rice_with_Shredded_Chicken 0.0015 164 164 995 797
Rice_with_Shredded_Chicken 0.0013 -44 -635 1212 355
Rice_with_Shredded_Chicken 0.0011 427 -165 732 -35
Rice_with_Shredded_Chicken 0.0010 450 -358 737 138
Rice_with_Shredded_Chicken 0.0010 -189 -323 214 110
migao 0.0214 136 46 809 501
migao 0.0030 191 162 946 655
migao 0.0026 295 -460 997 193
migao 0.0016 427 -165 732 -35
migao 0.0012 450 -358 737 138
migao 0.0010 -44 -635 1212 355
migao 0.0010 218 -269 966 53
wagui 0.0035 49 -7 790 517
wagui 0.0029 295 -460 997 193
wagui 0.0028 288 246 821 682
wagui 0.0017 -44 -635 1212 355
wagui 0.0012 427 -165 732 -35
