Kongrou 0.0987 162 77 244 173
Kongrou 0.0814 26 78 105 172
Kongrou 0.0385 141 96 265 154
Kongrou 0.0352 104 17 175 85
Kongrou 0.0275 4 97 127 153
Kongrou 0.0109 168 93 237 147
Kongrou 0.0100 -8 4 88 66
Kongrou 0.0072 34 95 97 146
Kongrou 0.0057 177 3 240 36
Kongrou 0.0042 9 18 80 53
Kongrou 0.0029 215 51 275 94
Kongrou 0.0027 165 111 241 161
Kongrou 0.0022 1 61 94 193
Kongrou 0.0015 32 112 99 160
Kongrou 0.0013 170 -7 247 47
Kongrou 0.0013 7 -9 269 191
Kongrou 0.0013 152 204 190 236
Kongrou 0.0011 170 83 237 126
Kongrou 0.0011 61 -129 253 55
Kongrou 0.0010 102 -8 255 149
Kongrou 0.0010 -26 76 143 179
Rouzaofun 0.1525 162 77 244 173
Rouzaofun 0.1293 26 78 105 172
Rouzaofun 0.0690 141 96 265 154
Rouzaofun 0.0659 104 17 175 85
Rouzaofun 0.0473 4 97 127 153
Rouzaofun 0.0163 168 93 237 147
Rouzaofun 0.0163 -8 4 88 66
Rouzaofun 0.0162 177 3 240 36
Rouzaofun 0.0097 34 95 97 146
Rouzaofun 0.0095 215 51 275 94
Rouzaofun 0.0081 9 18 80 53
Rouzaofun 0.0047 170 -7 247 47
Rouzaofun 0.0043 165 111 241 161
Rouzaofun 0.0034 -26 76 143 179
Rouzaofun 0.0033 1 61 94 193
Rouzaofun 0.0026 171 52 261 203
Rouzaofun 0.0023 127 69 286 187
Rouzaofun 0.0023 41 110 101 162
Rouzaofun 0.0017 149 205 184 237
Rouzaofun 0.0014 6 11 267 171
Rouzaofun 0.0014 170 83 237 126
Rouzaofun 0.0013 69 25 199 78
Rouzaofun 0.0011 144 70 262 138
Rouzaofun 0.0010 102 -8 255 149
Rouzaofun 0.0010 45 0 183 142
Rouzaofun 0.0010 61 -129 253 55
Rouzaofun 0.0010 149 188 205 232
Rice_with_Shredded_Chicken 0.0912 162 77 244 173
Rice_with_Shredded_Chicken 0.0835 26 78 105 172
Rice_with_Shredded_Chicken 0.0550 141 96 265 154
Rice_with_Shredded_Chicken 0.0468 104 17 175 85
Rice_with_Shredded_Chicken 0.0374 4 97 127 153
Rice_with_Shredded_Chicken 0.0130 177 3 240 36
Rice_with_Shredded_Chicken 0.0117 -8 4 88 66
Rice_with_Shredded_Chicken 0.0095 215 51 275 94
Rice_with_Shredded_Chicken 0.0083 168 93 237 147
Rice_with_Shredded_Chicken 0.0049 34 95 97 146
Rice_with_Shredded_Chicken 0.0047 9 18 80 53
Rice_with_Shredded_Chicken 0.0028 170 -7 247 47
Rice_with_Shredded_Chicken 0.0019 149 205 184 237
Rice_with_Shredded_Chicken 0.0018 165 111 241 161
Rice_with_Shredded_Chicken 0.0012 58 -108 258 35
Rice_with_Shredded_Chicken 0.0012 26 -148 293 71
Rice_with_Shredded_Chicken 0.0011 7 -9 269 191
Rice_with_Shredded_Chicken 0.0010 -26 76 143 179
Rice_with_Shredded_Chicken 0.0010 162 204 202 236
migao 0.1867 162 77 244 173
migao 0.1700 33 79 109 172
migao 0.1075 104 17 175 85
migao 0.0826 141 96 265 154
migao 0.0593 4 97 127 153
migao 0.0250 177 3 240 36
migao 0.0161 -8 4 88 66
migao 0.0108 168 93 237 147
migao 0.0102 215 51 275 94
migao 0.0081 -26 76 143 179
migao 0.0073 9 18 80 53
migao 0.0066 34 95 97 146
migao 0.0065 1 61 94 193
migao 0.0033 170 -7 247 47
migao 0.0031 127 69 286 187
migao 0.0027 165 111 241 161
migao 0.0017 149 205 184 237
migao 0.0013 171 52 261 203
migao 0.0013 32 112 99 160
migao 0.0013 69 25 199 78
migao 0.0011 58 -108 258 35
migao 0.0011 170 83 237 126
migao 0.0011 43 -2 88 20
migao 0.0010 7 -9 269 191
migao 0.0010 144 70 262 138
wagui 0.1116 162 74 244 166
wagui 0.1043 26 78 105 172
wagui 0.0825 104 17 175 85
wagui 0.0695 177 3 240 36
wagui 0.0629 141 96 265 154
wagui 0.0458 4 97 127 153
wagui 0.0287 -8 4 88 66
wagui 0.0252 215 51 275 94
wagui 0.0158 1 61 94 193
wagui 0.0140 9 18 80 53
wagui 0.0088 171 89 235 141
wagui 0.0080 -26 76 143 179
wagui 0.0068 170 -7 247 47
wagui 0.0056 34 95 97 146
wagui 0.0027 127 69 286 187
wagui 0.0026 163 104 233 157
wagui 0.0024 43 -2 88 20
wagui 0.0020 149 205 184 237
wagui 0.0017 7 -9 269 191
wagui 0.0017 0 -32 136 59
wagui 0.0013 171 52 261 203
wagui 0.0013 230 70 271 95
wagui 0.0012 162 204 202 236
wagui 0.0011 26 -148 293 71
wagui 0.0011 69 25 199 78
wagui 0.0010 149 188 205 232
wagui 0.0010 160 111 246 182
wagui 0.0010 58 -108 258 35
