Kongrou 0.0727 315 35 750 601
Kongrou 0.0308 182 105 955 535
Kongrou 0.0162 442 -167 757 -40
Kongrou 0.0153 460 -368 766 139
Kongrou 0.0115 178 -272 1044 50
Kongrou 0.0054 351 -486 984 213
Kongrou 0.0027 18 -11 1001 680
Kongrou 0.0025 394 -269 811 -21
Kongrou 0.0019 5 320 865 819
Kongrou 0.0018 180 216 699 939
Kongrou 0.0015 510 -219 693 83
Kongrou 0.0014 411 614 721 829
Kongrou 0.0014 -141 -460 387 196
Kongrou 0.0013 527 689 711 882
Kongrou 0.0013 377 260 769 1171
Kongrou 0.0013 40 -662 1159 378
Rouzaofun 0.0283 176 108 883 531
Rouzaofun 0.0132 442 -167 757 -40
Rouzaofun 0.0109 460 -368 766 139
Rouzaofun 0.0095 178 -272 1044 50
Rouzaofun 0.0060 299 46 690 592
Rouzaofun 0.0037 351 -486 984 213
Rouzaofun 0.0024 426 -221 857 4
Rouzaofun 0.0022 510 -219 693 83
Rouzaofun 0.0020 18 -11 1001 680
Rouzaofun 0.0018 527 689 711 882
Rouzaofun 0.0015 5 320 865 819
Rouzaofun 0.0014 40 -662 1159 378
Rouzaofun 0.0013 547 757 692 890
Rouzaofun 0.0012 -307 -405 546 283
Rouzaofun 0.0011 180 216 699 939
Rouzaofun 0.0010 474 634 764 937
Rouzaofun 0.0010 377 260 769 1171
Rouzaofun 0.0010 411 614 721 829
Rice_with_Shredded_Chicken 0.0176 176 108 883 531
Rice_with_Shredded_Chicken 0.0114 460 -368 766 139
Rice_with_Shredded_Chicken 0.0107 442 -167 757 -40
Rice_with_Shredded_Chicken 0.0095 178 -272 1044 50
Rice_with_Shredded_Chicken 0.0048 351 -486 984 213
Rice_with_Shredded_Chicken 0.0023 5 320 865 819
Rice_with_Shredded_Chicken 0.0021 426 -221 857 4
Rice_with_Shredded_Chicken 0.0020 40 -662 1159 378
Rice_with_Shredded_Chicken 0.0019 510 -219 693 83
Rice_with_Shredded_Chicken 0.0018 245 36 779 802
Rice_with_Shredded_Chicken 0.0017 527 689 711 882
Rice_with_Shredded_Chicken 0.0014 539 764 661 885
Rice_with_Shredded_Chicken 0.0014 -246 -588 483 306
Rice_with_Shredded_Chicken 0.0013 377 260 769 1171
Rice_with_Shredded_Chicken 0.0010 411 614 721 829
migao 0.0589 176 108 883 531
migao 0.0173 442 -167 757 -40
migao 0.0133 460 -368 766 139
migao 0.0113 178 -272 1044 50
migao 0.0052 299 46 690 592
migao 0.0045 351 -486 984 213
migao 0.0030 510 -219 693 83
migao 0.0027 18 -11 1001 680
migao 0.0023 394 -269 811 -21
migao 0.0021 5 320 865 819
migao 0.0020 527 689 711 882
migao 0.0019 180 216 699 939
migao 0.0018 40 -662 1159 378
migao 0.0014 539 764 661 885
migao 0.0014 -141 -460 387 196
migao 0.0012 411 614 721 829
migao 0.0012 377 260 769 1171
wagui 0.0115 442 -167 757 -40
wagui 0.0097 178 -272 1044 50
wagui 0.0094 460 -368 766 139
wagui 0.0084 176 108 883 531
wagui 0.0042 351 -486 984 213
wagui 0.0027 40 -662 1159 378
wagui 0.0022 5 320 865 819
wagui 0.0015 527 689 711 882
wagui 0.0015 510 -219 693 83
wagui 0.0015 180 216 699 939
wagui 0.0015 539 764 661 885
wagui 0.0014 394 -269 811 -21
wagui 0.0012 693 60 903 169
wagui 0.0012 395 638 664 809
wagui 0.0012 -307 -405 546 283
wagui 0.0012 377 260 769 1171
