Kongrou 0.0316 54 19 209 174
Kongrou 0.0038 221 19 261 139
Kongrou 0.0022 177 -8 316 164
Kongrou 0.0020 232 50 259 117
Kongrou 0.0019 204 41 278 117
Kongrou 0.0013 134 -42 362 195
Kongrou 0.0011 154 110 252 212
Rouzaofun 0.7229 36 11 223 180
Rouzaofun 0.0068 229 28 263 140
Rouzaofun 0.0045 -3 -12 73 97
Rouzaofun 0.0039 96 -7 212 152
Rouzaofun 0.0037 232 50 259 117
Rouzaofun 0.0028 204 41 278 117
Rouzaofun 0.0022 83 54 244 168
Rouzaofun 0.0021 177 -8 316 164
Rouzaofun 0.0013 134 -42 362 195
Rouzaofun 0.0012 6 50 249 224
Rouzaofun 0.0012 43 27 165 156
Rouzaofun 0.0010 239 66 263 122
Rouzaofun 0.0010 -25 -23 114 89
Rouzaofun 0.0010 157 128 249 213
Rice_with_Shredded_Chicken 0.0660 54 19 209 174
Rice_with_Shredded_Chicken 0.0041 229 28 263 140
Rice_with_Shredded_Chicken 0.0023 204 41 278 117
Rice_with_Shredded_Chicken 0.0022 232 50 259 117
Rice_with_Shredded_Chicken 0.0017 177 -8 316 164
Rice_with_Shredded_Chicken 0.0012 157 128 249 213
Rice_with_Shredded_Chicken 0.0012 134 -42 362 195
migao 0.2765 36 11 223 180
migao 0.0062 229 28 263 140
migao 0.0032 204 41 278 117
migao 0.0032 232 50 259 117
migao 0.0019 88 23 240 139
migao 0.0015 177 -8 316 164
migao 0.0014 134 -42 362 195
migao 0.0013 -3 -12 73 97
migao 0.0010 154 110 252 212
wagui 0.0339 24 12 233 181
wagui 0.0070 229 28 263 140
wagui 0.0050 232 50 259 117
wagui 0.0033 204 41 278 117
wagui 0.0029 177 -8 316 164
wagui 0.0018 134 -42 362 195
wagui 0.0015 233 35 259 93
wagui 0.0014 239 66 263 122
wagui 0.0010 41 138 218 288
