Kongrou 0.0382 118 78 723 606
Kongrou 0.0033 167 78 453 529
Kongrou 0.0027 519 233 707 445
Kongrou 0.0025 451 165 760 510
Kongrou 0.0017 216 116 420 432
Kongrou 0.0015 -124 -1 221 605
Kongrou 0.0012 212 -405 757 177
Rouzaofun 0.0083 106 -3 733 581
Rouzaofun 0.0019 519 233 707 445
Rouzaofun 0.0018 167 167 469 414
Rouzaofun 0.0015 229 163 406 550
Rouzaofun 0.0012 -124 -1 221 605
Rouzaofun 0.0012 361 -177 635 0
Rouzaofun 0.0010 212 -405 757 177
Rice_with_Shredded_Chicken 0.0363 118 78 723 606
Rice_with_Shredded_Chicken 0.0017 519 233 707 445
Rice_with_Shredded_Chicken 0.0015 -124 -1 221 605
Rice_with_Shredded_Chicken 0.0015 165 -335 815 108
Rice_with_Shredded_Chicken 0.0014 167 167 469 414
Rice_with_Shredded_Chicken 0.0013 45 -484 947 248
Rice_with_Shredded_Chicken 0.0011 -33 -388 613 167
Rice_with_Shredded_Chicken 0.0010 361 -177 635 0
migao 0.0266 118 78 723 606
migao 0.0034 519 233 707 445
migao 0.0021 167 167 469 414
migao 0.0015 165 -335 815 108
migao 0.0012 229 163 406 550
migao 0.0012 -124 -1 221 605
migao 0.0012 361 -177 635 0
migao 0.0012 451 165 760 510
migao 0.0010 45 -484 947 248
wagui 0.0065 106 -3 733 581
wagui 0.0032 519 233 707 445
wagui 0.0027 451 165 760 510
wagui 0.0018 167 167 469 414
wagui 0.0017 -124 -1 221 605
wagui 0.0015 45 -484 947 248
wagui 0.0014 646 -25 955 365
wagui 0.0011 165 -335 815 108
wagui 0.0010 332 530 547 672
wagui 0.0010 229 163 406 550
wagui 0.0010 471 628 558 741
