Kongrou 0.0153 68 23 195 170
Kongrou 0.0084 118 -52 204 -3
Kongrou 0.0072 118 -95 211 34
Kongrou 0.0048 60 -77 267 16
Kongrou 0.0040 39 -5 238 187
Kongrou 0.0038 234 -5 278 67
Kongrou 0.0019 59 -129 254 55
Kongrou 0.0016 15 -163 306 86
Kongrou 0.0010 168 60 358 289
Kongrou 0.0010 194 111 299 231
Rouzaofun 0.0801 68 23 195 170
Rouzaofun 0.0107 39 -5 238 187
Rouzaofun 0.0092 118 -52 204 -3
Rouzaofun 0.0059 118 -95 211 34
Rouzaofun 0.0046 60 -77 267 16
Rouzaofun 0.0028 234 -5 278 67
Rouzaofun 0.0018 59 -129 254 55
Rouzaofun 0.0017 15 -163 306 86
Rouzaofun 0.0011 -1 -8 96 97
Rouzaofun 0.0011 44 99 358 291
Rice_with_Shredded_Chicken 0.2137 41 10 232 174
Rice_with_Shredded_Chicken 0.0093 118 -52 204 -3
Rice_with_Shredded_Chicken 0.0056 118 -95 211 34
Rice_with_Shredded_Chicken 0.0047 60 -77 267 16
Rice_with_Shredded_Chicken 0.0035 71 50 193 183
Rice_with_Shredded_Chicken 0.0024 15 -163 306 86
Rice_with_Shredded_Chicken 0.0020 59 -129 254 55
Rice_with_Shredded_Chicken 0.0019 234 -5 278 67
Rice_with_Shredded_Chicken 0.0011 44 99 358 291
migao 0.0570 41 10 232 174
migao 0.0097 118 -52 204 -3
migao 0.0064 118 -95 211 34
migao 0.0051 60 -77 267 16
migao 0.0031 234 -5 278 67
migao 0.0019 15 -163 306 86
migao 0.0014 71 50 193 183
migao 0.0013 59 -129 254 55
migao 0.0012 101 85 343 266
migao 0.0010 127 127 277 270
wagui 0.0186 41 10 232 174
wagui 0.0058 118 -52 204 -3
wagui 0.0053 118 -95 211 34
wagui 0.0047 60 -77 267 16
wagui 0.0028 15 -163 306 86
wagui 0.0026 234 -5 278 67
wagui 0.0016 59 -129 254 55
wagui 0.0011 79 -62 164 -15
wagui 0.0011 69 180 116 230
wagui 0.0010 168 60 358 289
