Kongrou 0.0067 81 24 183 169
Kongrou 0.0034 43 29 240 163
Kongrou 0.0031 84 -130 274 56
Kongrou 0.0028 154 80 221 160
Kongrou 0.0025 118 -51 203 -4
Kongrou 0.0023 118 -96 211 36
Kongrou 0.0016 68 -78 259 18
Kongrou 0.0012 2 -174 319 96
Rouzaofun 0.1161 81 21 203 171
Rouzaofun 0.0035 154 80 221 160
Rouzaofun 0.0027 118 -51 203 -4
Rouzaofun 0.0023 84 -130 274 56
Rouzaofun 0.0020 118 -96 211 36
Rouzaofun 0.0014 68 -78 259 18
Rouzaofun 0.0014 2 -174 319 96
Rouzaofun 0.0010 160 91 214 139
Rouzaofun 0.0010 111 109 189 174
Rice_with_Shredded_Chicken 0.0195 51 21 227 167
Rice_with_Shredded_Chicken 0.0028 84 -130 274 56
Rice_with_Shredded_Chicken 0.0026 118 -51 203 -4
Rice_with_Shredded_Chicken 0.0024 154 80 221 160
Rice_with_Shredded_Chicken 0.0020 2 -174 319 96
Rice_with_Shredded_Chicken 0.0019 118 -96 211 36
Rice_with_Shredded_Chicken 0.0014 68 -78 259 18
Rice_with_Shredded_Chicken 0.0010 150 203 182 238
migao 0.0343 81 21 203 171
migao 0.0034 154 80 221 160
migao 0.0030 118 -51 203 -4
migao 0.0026 86 -113 273 42
migao 0.0022 118 -96 211 36
migao 0.0016 2 -174 319 96
wagui 0.0096 66 20 246 169
wagui 0.0042 154 80 221 160
wagui 0.0026 84 -130 274 56
wagui 0.0025 2 -174 319 96
wagui 0.0021 118 -51 203 -4
wagui 0.0018 118 -96 211 36
wagui 0.0018 160 91 214 139
wagui 0.0015 68 -78 259 18
wagui 0.0012 111 109 189 174
wagui 0.0011 150 203 182 238
