Kongrou 0.0343 47 19 213 172
Kongrou 0.0023 87 172 161 216
Kongrou 0.0020 31 -9 112 50
Kongrou 0.0010 -60 -56 77 134
Rouzaofun 0.8303 9 31 249 164
Rouzaofun 0.0043 32 41 157 162
Rouzaofun 0.0039 105 35 222 167
Rouzaofun 0.0018 87 172 161 216
Rouzaofun 0.0013 31 -9 112 50
Rouzaofun 0.0011 60 65 208 178
Rice_with_Shredded_Chicken 0.0582 47 19 213 172
Rice_with_Shredded_Chicken 0.0010 24 -9 109 50
Rice_with_Shredded_Chicken 0.0010 -60 -56 77 134
migao 0.2652 13 17 244 178
migao 0.0016 79 45 247 158
migao 0.0014 31 -9 112 50
migao 0.0012 87 172 161 216
migao 0.0010 -93 -54 112 134
wagui 0.0213 47 19 213 172
wagui 0.0017 87 172 161 216
wagui 0.0017 24 -9 109 50
wagui 0.0011 -93 -54 112 134
wagui 0.0010 237 9 263 41
