Kongrou 0.0218 24 14 232 179
Kongrou 0.0012 88 168 179 218
Kongrou 0.0012 111 170 172 254
Rouzaofun 0.6068 24 14 232 179
Rouzaofun 0.0026 -2 30 172 153
Rouzaofun 0.0024 -33 162 61 258
Rouzaofun 0.0018 96 14 213 149
Rouzaofun 0.0013 -96 167 125 254
Rouzaofun 0.0013 111 170 172 254
Rouzaofun 0.0010 -29 -14 34 84
Rouzaofun 0.0010 44 -5 253 123
Rice_with_Shredded_Chicken 0.0409 40 15 219 177
Rice_with_Shredded_Chicken 0.0018 -33 162 61 258
Rice_with_Shredded_Chicken 0.0014 111 170 172 254
migao 0.1877 24 14 232 179
migao 0.0018 111 170 172 254
migao 0.0015 -33 162 61 258
migao 0.0015 -2 30 172 153
migao 0.0011 -96 167 125 254
wagui 0.0456 24 14 232 179
wagui 0.0013 232 -2 260 32
wagui 0.0011 -33 162 61 258
wagui 0.0011 83 172 165 214
wagui 0.0010 -96 167 125 254
