Kongrou 0.2819 134 24 778 515
Kongrou 0.0297 275 8 615 493
Kongrou 0.0134 346 -148 591 -14
Kongrou 0.0115 345 -279 612 103
Kongrou 0.0082 -12 311 181 544
Kongrou 0.0074 196 -224 756 47
Kongrou 0.0031 228 -11 543 332
Kongrou 0.0026 381 -187 558 81
Kongrou 0.0017 213 -368 699 154
Kongrou 0.0014 56 -482 879 261
Kongrou 0.0012 5 340 131 514
Kongrou 0.0010 590 490 913 751
Rouzaofun 0.0288 -12 311 181 544
Rouzaofun 0.0251 22 13 771 516
Rouzaofun 0.0128 346 -148 591 -14
Rouzaofun 0.0093 345 -279 612 103
Rouzaofun 0.0068 196 -224 756 47
Rouzaofun 0.0034 5 340 131 514
Rouzaofun 0.0033 381 -187 558 81
Rouzaofun 0.0018 153 52 675 393
Rouzaofun 0.0015 213 -368 699 154
Rouzaofun 0.0015 56 -482 879 261
Rouzaofun 0.0012 216 155 597 362
Rouzaofun 0.0010 15 393 183 523
Rice_with_Shredded_Chicken 0.0616 22 13 771 516
Rice_with_Shredded_Chicken 0.0218 -12 311 181 544
Rice_with_Shredded_Chicken 0.0128 346 -148 591 -14
Rice_with_Shredded_Chicken 0.0093 345 -279 612 103
Rice_with_Shredded_Chicken 0.0066 196 -224 756 47
Rice_with_Shredded_Chicken 0.0042 242 5 588 495
Rice_with_Shredded_Chicken 0.0038 381 -187 558 81
Rice_with_Shredded_Chicken 0.0021 56 -482 879 261
Rice_with_Shredded_Chicken 0.0020 5 340 131 514
Rice_with_Shredded_Chicken 0.0019 213 -368 699 154
migao 0.0846 22 13 771 516
migao 0.0223 -12 311 181 544
migao 0.0150 346 -148 591 -14
migao 0.0113 242 5 588 495
migao 0.0106 345 -279 612 103
migao 0.0077 196 -224 756 47
migao 0.0043 381 -187 558 81
migao 0.0026 5 340 131 514
migao 0.0017 56 -482 879 261
migao 0.0012 213 -368 699 154
migao 0.0011 216 155 597 362
wagui 0.0274 -12 311 181 544
wagui 0.0201 22 13 771 516
wagui 0.0105 346 -148 591 -14
wagui 0.0084 345 -279 612 103
wagui 0.0071 196 -224 756 47
wagui 0.0030 381 -187 558 81
wagui 0.0029 5 340 131 514
wagui 0.0025 56 -482 879 261
wagui 0.0023 242 5 588 495
wagui 0.0016 227 -185 480 -41
wagui 0.0014 213 -368 699 154
