Kongrou 0.1527 303 -57 850 598
Kongrou 0.0874 130 -34 1072 709
Kongrou 0.0150 523 -282 883 -87
Kongrou 0.0109 525 -476 912 88
Kongrou 0.0077 300 -388 1130 0
Kongrou 0.0058 352 674 708 899
Kongrou 0.0057 526 69 879 489
Kongrou 0.0036 407 143 999 415
Kongrou 0.0029 477 761 833 906
Kongrou 0.0028 332 -617 1034 170
Kongrou 0.0026 342 324 814 763
Kongrou 0.0022 53 -779 1349 323
Kongrou 0.0021 493 528 849 1106
Kongrou 0.0017 585 -363 824 82
Kongrou 0.0017 205 624 1134 1013
Kongrou 0.0012 343 -347 719 -116
Kongrou 0.0012 458 -394 954 -71
Kongrou 0.0011 1093 401 1190 664
Kongrou 0.0010 263 98 681 461
Kongrou 0.0010 216 390 1174 1196
Rouzaofun 0.0226 130 -34 1072 709
Rouzaofun 0.0125 523 -282 883 -87
Rouzaofun 0.0089 525 -476 912 88
Rouzaofun 0.0070 281 -52 783 591
Rouzaofun 0.0062 300 -388 1130 0
Rouzaofun 0.0054 526 69 879 489
Rouzaofun 0.0046 407 143 999 415
Rouzaofun 0.0034 1093 401 1190 664
Rouzaofun 0.0026 332 -617 1034 170
Rouzaofun 0.0024 53 -779 1349 323
Rouzaofun 0.0021 585 -363 824 82
Rouzaofun 0.0020 477 761 833 906
Rouzaofun 0.0018 352 674 708 899
Rouzaofun 0.0018 342 324 814 763
Rouzaofun 0.0015 493 528 849 1106
Rouzaofun 0.0015 205 624 1134 1013
Rouzaofun 0.0012 436 -346 599 58
Rouzaofun 0.0012 1067 304 1218 716
Rouzaofun 0.0011 156 136 788 422
Rice_with_Shredded_Chicken 0.0570 130 -34 1072 709
Rice_with_Shredded_Chicken 0.0128 303 -57 850 598
Rice_with_Shredded_Chicken 0.0124 523 -282 883 -87
Rice_with_Shredded_Chicken 0.0100 342 324 814 763
Rice_with_Shredded_Chicken 0.0086 525 -476 912 88
Rice_with_Shredded_Chicken 0.0065 300 -388 1130 0
Rice_with_Shredded_Chicken 0.0038 1093 401 1190 664
Rice_with_Shredded_Chicken 0.0034 526 69 879 489
Rice_with_Shredded_Chicken 0.0033 407 143 999 415
Rice_with_Shredded_Chicken 0.0033 53 -779 1349 323
Rice_with_Shredded_Chicken 0.0029 332 -617 1034 170
Rice_with_Shredded_Chicken 0.0026 585 -363 824 82
Rice_with_Shredded_Chicken 0.0018 122 315 1029 773
Rice_with_Shredded_Chicken 0.0015 477 761 833 906
Rice_with_Shredded_Chicken 0.0015 493 528 849 1106
Rice_with_Shredded_Chicken 0.0013 205 624 1134 1013
Rice_with_Shredded_Chicken 0.0011 213 379 1179 1204
Rice_with_Shredded_Chicken 0.0011 638 40 1659 1005
Rice_with_Shredded_Chicken 0.0010 1067 304 1218 716
Rice_with_Shredded_Chicken 0.0010 781 -639 1522 193
Rice_with_Shredded_Chicken 0.0010 458 -394 954 -71
migao 0.0956 130 -34 1072 709
migao 0.0391 303 -57 850 598
migao 0.0151 523 -282 883 -87
migao 0.0097 525 -476 912 88
migao 0.0072 300 -388 1130 0
migao 0.0053 526 69 879 489
migao 0.0050 407 143 999 415
migao 0.0048 1093 401 1190 664
migao 0.0031 477 761 833 906
migao 0.0029 585 -363 824 82
migao 0.0027 53 -779 1349 323
migao 0.0022 352 674 708 899
migao 0.0021 332 -617 1034 170
migao 0.0021 493 528 849 1106
migao 0.0018 342 324 814 763
migao 0.0017 205 624 1134 1013
migao 0.0015 436 -346 599 58
migao 0.0011 458 -394 954 -71
migao 0.0010 156 136 788 422
migao 0.0010 216 390 1174 1196
wagui 0.0340 130 -34 1072 709
wagui 0.0094 523 -282 883 -87
wagui 0.0077 525 -476 912 88
wagui 0.0073 303 -57 850 598
wagui 0.0072 1093 401 1190 664
wagui 0.0069 300 -388 1130 0
wagui 0.0056 352 674 708 899
wagui 0.0040 526 69 879 489
wagui 0.0040 407 143 999 415
wagui 0.0039 53 -779 1349 323
wagui 0.0035 342 324 814 763
wagui 0.0022 343 -347 719 -116
wagui 0.0022 332 -617 1034 170
wagui 0.0018 585 -363 824 82
wagui 0.0016 638 40 1659 1005
wagui 0.0016 477 761 833 906
wagui 0.0015 925 279 1340 722
wagui 0.0013 205 624 1134 1013
wagui 0.0013 1118 370 1211 603
wagui 0.0013 493 528 849 1106
wagui 0.0012 1063 339 1222 727
wagui 0.0010 436 -346 599 58
