Kongrou 0.0054 10 35 173 236
Kongrou 0.0049 186 153 234 253
Kongrou 0.0022 106 -4 187 61
Kongrou 0.0011 161 169 259 237
Rouzaofun 0.4339 -3 60 186 221
Rouzaofun 0.0099 106 -4 187 61
Rouzaofun 0.0094 13 95 139 232
Rouzaofun 0.0056 60 91 175 214
Rouzaofun 0.0043 186 153 234 253
Rouzaofun 0.0012 161 169 259 237
Rouzaofun 0.0011 121 3 182 44
Rouzaofun 0.0010 72 -33 225 86
Rice_with_Shredded_Chicken 0.0619 -7 79 191 230
Rice_with_Shredded_Chicken 0.0041 106 -4 187 61
Rice_with_Shredded_Chicken 0.0037 186 153 234 253
Rice_with_Shredded_Chicken 0.0012 161 169 259 237
migao 0.1065 -7 79 191 230
migao 0.0058 106 -4 187 61
migao 0.0054 186 153 234 253
migao 0.0015 161 169 259 237
migao 0.0011 60 91 175 214
wagui 0.0161 -7 79 191 230
wagui 0.0039 186 153 234 253
wagui 0.0034 106 -4 187 61
wagui 0.0012 161 169 259 237
