Kongrou 0.0084 19 -10 113 81
Kongrou 0.0074 88 167 175 224
Kongrou 0.0038 38 -1 264 171
Kongrou 0.0033 121 191 205 225
Kongrou 0.0029 127 128 206 278
Kongrou 0.0027 102 161 227 229
Kongrou 0.0022 37 156 296 253
Kongrou 0.0018 133 -72 217 -18
Kongrou 0.0018 90 -11 219 125
Kongrou 0.0018 131 -115 226 20
Kongrou 0.0017 -12 5 145 65
Kongrou 0.0015 62 -136 282 26
Kongrou 0.0012 13 -188 336 73
Kongrou 0.0012 88 94 200 290
Kongrou 0.0010 24 10 108 60
Rouzaofun 0.2911 24 17 273 150
Rouzaofun 0.2127 89 -8 220 143
Rouzaofun 0.0088 19 -10 113 81
Rouzaofun 0.0030 -12 5 145 65
Rouzaofun 0.0023 121 -16 257 38
Rouzaofun 0.0023 101 171 185 222
Rouzaofun 0.0022 121 191 205 225
Rouzaofun 0.0020 127 128 206 278
Rouzaofun 0.0019 37 156 296 253
Rouzaofun 0.0018 133 -72 217 -18
Rouzaofun 0.0018 102 161 227 229
Rouzaofun 0.0016 256 -20 301 102
Rouzaofun 0.0015 131 -115 226 20
Rouzaofun 0.0015 174 -49 399 171
Rouzaofun 0.0014 12 62 290 194
Rouzaofun 0.0014 13 -188 336 73
Rouzaofun 0.0014 78 -156 261 45
Rouzaofun 0.0012 -17 -18 142 109
Rouzaofun 0.0011 22 -24 323 103
Rouzaofun 0.0011 24 10 108 60
Rouzaofun 0.0010 82 -99 274 4
Rouzaofun 0.0010 88 94 200 290
Rice_with_Shredded_Chicken 0.0709 24 17 273 150
Rice_with_Shredded_Chicken 0.0084 89 -8 220 143
Rice_with_Shredded_Chicken 0.0062 19 -10 113 81
Rice_with_Shredded_Chicken 0.0022 -12 5 145 65
Rice_with_Shredded_Chicken 0.0020 127 128 206 278
Rice_with_Shredded_Chicken 0.0020 12 62 290 194
Rice_with_Shredded_Chicken 0.0019 62 -136 282 26
Rice_with_Shredded_Chicken 0.0019 174 -49 399 171
Rice_with_Shredded_Chicken 0.0019 133 -72 217 -18
Rice_with_Shredded_Chicken 0.0019 13 -188 336 73
Rice_with_Shredded_Chicken 0.0019 121 -16 257 38
Rice_with_Shredded_Chicken 0.0018 102 161 227 229
Rice_with_Shredded_Chicken 0.0017 37 156 296 253
Rice_with_Shredded_Chicken 0.0016 121 191 205 225
Rice_with_Shredded_Chicken 0.0014 131 -115 226 20
Rice_with_Shredded_Chicken 0.0013 256 -20 301 102
Rice_with_Shredded_Chicken 0.0013 88 94 200 290
Rice_with_Shredded_Chicken 0.0011 66 -71 321 98
Rice_with_Shredded_Chicken 0.0010 101 171 185 222
migao 0.0648 24 17 273 150
migao 0.0470 89 -8 220 143
migao 0.0091 19 -10 113 81
migao 0.0035 121 191 205 225
migao 0.0028 -12 5 145 65
migao 0.0028 127 128 206 278
migao 0.0025 102 161 227 229
migao 0.0025 101 171 185 222
migao 0.0022 62 -136 282 26
migao 0.0021 37 156 296 253
migao 0.0021 133 -72 217 -18
migao 0.0016 131 -115 226 20
migao 0.0015 13 -188 336 73
migao 0.0015 174 -49 399 171
migao 0.0015 -17 -18 142 109
migao 0.0014 88 94 200 290
migao 0.0014 256 -20 301 102
wagui 0.0443 24 17 273 150
wagui 0.0117 15 -17 111 106
wagui 0.0063 86 -1 224 157
wagui 0.0062 101 171 185 222
wagui 0.0029 121 -16 257 38
wagui 0.0026 -12 5 145 65
wagui 0.0024 238 -3 327 114
wagui 0.0023 13 -188 336 73
wagui 0.0023 174 -49 399 171
wagui 0.0021 121 191 205 225
wagui 0.0020 256 -20 301 102
wagui 0.0018 102 161 227 229
wagui 0.0017 37 156 296 253
wagui 0.0016 127 128 206 278
wagui 0.0016 35 -11 120 70
wagui 0.0016 62 -136 282 26
wagui 0.0014 12 62 290 194
wagui 0.0013 133 -72 217 -18
wagui 0.0013 131 -115 226 20
wagui 0.0012 88 94 200 290
