Kongrou 0.0362 50 -41 344 432
Kongrou 0.0206 -49 19 448 371
Kongrou 0.0112 359 -210 579 -65
Kongrou 0.0106 356 -337 600 48
Kongrou 0.0067 200 -285 753 -4
Kongrou 0.0044 39 52 282 323
Kongrou 0.0039 424 -74 774 341
Kongrou 0.0027 286 -266 404 47
Kongrou 0.0026 -37 91 359 283
Kongrou 0.0021 240 440 466 579
Kongrou 0.0019 232 -247 476 -90
Kongrou 0.0017 239 -460 806 134
Kongrou 0.0016 360 473 577 607
Kongrou 0.0015 354 357 601 708
Kongrou 0.0015 173 -349 537 124
Kongrou 0.0015 103 -205 610 -18
Kongrou 0.0014 488 440 787 613
Kongrou 0.0012 390 -249 550 32
Kongrou 0.0011 129 -240 389 18
Kongrou 0.0010 308 -277 634 -64
Kongrou 0.0010 529 -446 1008 120
Kongrou 0.0010 205 393 747 669
Rouzaofun 0.2231 57 -5 340 450
Rouzaofun 0.1122 -48 56 449 394
Rouzaofun 0.0114 428 -50 770 378
Rouzaofun 0.0097 359 -210 579 -65
Rouzaofun 0.0085 356 -337 600 48
Rouzaofun 0.0064 39 52 282 323
Rouzaofun 0.0057 200 -285 753 -4
Rouzaofun 0.0051 306 -27 890 296
Rouzaofun 0.0046 -37 91 359 283
Rouzaofun 0.0032 286 -266 404 47
Rouzaofun 0.0020 103 -205 610 -18
Rouzaofun 0.0016 360 473 577 607
Rouzaofun 0.0014 99 144 346 385
Rouzaofun 0.0013 240 440 466 579
Rouzaofun 0.0013 390 -249 550 32
Rouzaofun 0.0013 173 -349 537 124
Rouzaofun 0.0012 205 393 747 669
Rouzaofun 0.0012 239 -460 806 134
Rouzaofun 0.0012 354 357 601 708
Rouzaofun 0.0011 490 -67 771 213
Rouzaofun 0.0010 488 440 787 613
Rice_with_Shredded_Chicken 0.0990 -48 56 449 394
Rice_with_Shredded_Chicken 0.0803 57 -5 340 450
Rice_with_Shredded_Chicken 0.0138 428 -50 770 378
Rice_with_Shredded_Chicken 0.0096 359 -210 579 -65
Rice_with_Shredded_Chicken 0.0084 356 -337 600 48
Rice_with_Shredded_Chicken 0.0059 306 -27 890 296
Rice_with_Shredded_Chicken 0.0059 200 -285 753 -4
Rice_with_Shredded_Chicken 0.0033 39 52 282 323
Rice_with_Shredded_Chicken 0.0032 -37 91 359 283
Rice_with_Shredded_Chicken 0.0021 286 -266 404 47
Rice_with_Shredded_Chicken 0.0017 103 -205 610 -18
Rice_with_Shredded_Chicken 0.0015 390 -249 550 32
Rice_with_Shredded_Chicken 0.0015 239 -460 806 134
Rice_with_Shredded_Chicken 0.0015 360 473 577 607
Rice_with_Shredded_Chicken 0.0013 529 -446 1008 120
Rice_with_Shredded_Chicken 0.0012 173 -349 537 124
Rice_with_Shredded_Chicken 0.0011 23 -308 371 -35
Rice_with_Shredded_Chicken 0.0011 354 357 601 708
Rice_with_Shredded_Chicken 0.0010 488 440 787 613
Rice_with_Shredded_Chicken 0.0010 205 393 747 669
Rice_with_Shredded_Chicken 0.0010 -319 -344 389 139
migao 0.0863 -48 56 449 394
migao 0.0808 57 -5 340 450
migao 0.0119 359 -210 579 -65
migao 0.0100 356 -337 600 48
migao 0.0068 200 -285 753 -4
migao 0.0051 424 -74 774 341
migao 0.0048 286 -266 404 47
migao 0.0044 39 52 282 323
migao 0.0041 -37 91 359 283
migao 0.0021 103 -205 610 -18
migao 0.0021 390 -249 550 32
migao 0.0021 360 473 577 607
migao 0.0019 173 -349 537 124
migao 0.0015 354 357 601 708
migao 0.0014 240 440 466 579
migao 0.0012 488 440 787 613
migao 0.0012 239 -460 806 134
migao 0.0012 205 393 747 669
wagui 0.0139 -48 56 449 394
wagui 0.0084 356 -337 600 48
wagui 0.0076 359 -210 579 -65
wagui 0.0062 200 -285 753 -4
wagui 0.0055 57 -5 340 450
wagui 0.0033 286 -266 404 47
wagui 0.0031 39 52 282 323
wagui 0.0029 -37 91 359 283
wagui 0.0029 327 -6 869 335
wagui 0.0027 232 -247 476 -90
wagui 0.0017 79 -221 570 -4
wagui 0.0017 390 -249 550 32
wagui 0.0015 28 -529 906 193
wagui 0.0015 240 440 466 579
wagui 0.0014 488 440 787 613
wagui 0.0013 129 -240 389 18
wagui 0.0011 484 29 773 360
wagui 0.0011 23 -308 371 -35
wagui 0.0010 354 357 601 708
