Kongrou 0.0617 248 85 465 437
Kongrou 0.0231 173 109 539 368
Kongrou 0.0208 63 -39 280 242
Kongrou 0.0018 509 92 609 306
Kongrou 0.0015 265 126 483 295
Rouzaofun 0.0195 178 132 535 391
Rouzaofun 0.0050 35 -42 262 245
Rouzaofun 0.0047 509 98 609 322
Rouzaofun 0.0029 245 57 467 424
Rouzaofun 0.0028 81 15 275 198
Rouzaofun 0.0014 265 126 483 295
Rouzaofun 0.0012 13 31 320 159
Rouzaofun 0.0011 477 132 641 289
Rice_with_Shredded_Chicken 0.0183 178 132 535 391
Rice_with_Shredded_Chicken 0.0075 35 -42 262 245
Rice_with_Shredded_Chicken 0.0041 404 -35 587 148
Rice_with_Shredded_Chicken 0.0029 509 98 609 322
Rice_with_Shredded_Chicken 0.0022 245 57 467 424
Rice_with_Shredded_Chicken 0.0016 81 15 275 198
migao 0.0776 178 132 535 391
migao 0.0465 35 -42 262 245
migao 0.0251 245 57 467 424
migao 0.0029 81 15 275 198
migao 0.0029 509 98 609 322
migao 0.0014 13 31 320 159
migao 0.0014 265 126 483 295
migao 0.0010 477 132 641 289
wagui 0.0469 35 -42 262 245
wagui 0.0127 178 132 535 391
wagui 0.0105 404 -35 587 148
wagui 0.0040 245 57 467 424
wagui 0.0022 509 92 609 306
wagui 0.0021 81 15 275 198
wagui 0.0013 265 126 483 295
wagui 0.0010 -38 137 289 433
wagui 0.0010 13 31 320 159
