Kongrou 0.2538 58 6 535 400
Kongrou 0.0236 101 54 384 368
Kongrou 0.0051 300 -21 509 258
Kongrou 0.0030 -2 71 59 199
Kongrou 0.0025 148 -275 537 114
Kongrou 0.0018 41 -330 659 164
Kongrou 0.0013 255 -119 447 -4
Kongrou 0.0011 248 -208 469 76
Kongrou 0.0010 -4 37 85 235
Rouzaofun 0.0177 34 -8 559 409
Rouzaofun 0.0094 -2 71 59 199
Rouzaofun 0.0037 -4 37 85 235
Rouzaofun 0.0037 101 54 384 368
Rouzaofun 0.0023 148 -275 537 114
Rouzaofun 0.0018 41 -330 659 164
Rouzaofun 0.0014 255 -119 447 -4
Rouzaofun 0.0010 248 -208 469 76
Rice_with_Shredded_Chicken 0.0104 34 -8 559 409
Rice_with_Shredded_Chicken 0.0071 -2 71 59 199
Rice_with_Shredded_Chicken 0.0031 117 -234 574 73
Rice_with_Shredded_Chicken 0.0027 116 71 412 397
Rice_with_Shredded_Chicken 0.0027 41 -330 659 164
Rice_with_Shredded_Chicken 0.0022 -4 37 85 235
Rice_with_Shredded_Chicken 0.0014 255 -119 447 -4
Rice_with_Shredded_Chicken 0.0013 -24 -266 433 116
migao 0.0691 58 6 535 400
migao 0.0125 -2 71 59 199
migao 0.0064 101 54 384 368
migao 0.0032 117 -234 574 73
migao 0.0028 -4 37 85 235
migao 0.0022 41 -330 659 164
migao 0.0016 255 -119 447 -4
migao 0.0011 300 -21 509 258
migao 0.0011 248 -208 469 76
wagui 0.0217 -2 71 59 199
wagui 0.0122 34 -8 559 409
wagui 0.0037 -4 37 85 235
wagui 0.0029 41 -330 659 164
wagui 0.0024 117 -234 574 73
wagui 0.0017 101 54 384 368
wagui 0.0014 -10 46 44 179
wagui 0.0011 255 -119 447 -4
wagui 0.0010 -18 76 30 195
wagui 0.0010 -24 -266 433 116
wagui 0.0010 248 -208 469 76
