Kongrou 0.0073 54 39 151 134
Kongrou 0.0043 -3 -2 71 27
Kongrou 0.0043 135 -95 243 -31
Kongrou 0.0041 219 -3 310 78
Kongrou 0.0037 232 12 296 62
Kongrou 0.0036 209 119 257 154
Kongrou 0.0030 258 110 296 139
Kongrou 0.0026 137 -145 250 13
Kongrou 0.0025 65 8 170 159
Kongrou 0.0023 94 -126 291 -5
Kongrou 0.0018 66 70 151 116
Kongrou 0.0015 28 51 188 122
Kongrou 0.0011 -41 92 164 268
Kongrou 0.0011 -8 -20 76 45
Kongrou 0.0011 11 -221 366 72
Kongrou 0.0010 -142 86 264 266
Rouzaofun 0.2158 65 8 170 159
Rouzaofun 0.0202 54 39 151 134
Rouzaofun 0.0134 25 23 210 144
Rouzaofun 0.0116 209 119 257 154
Rouzaofun 0.0104 219 -3 310 78
Rouzaofun 0.0099 258 110 296 139
Rouzaofun 0.0094 -3 -2 71 27
Rouzaofun 0.0080 232 12 296 62
Rouzaofun 0.0037 66 70 151 116
Rouzaofun 0.0036 135 -95 243 -31
Rouzaofun 0.0033 229 129 275 156
Rouzaofun 0.0028 29 47 187 114
Rouzaofun 0.0024 94 -126 291 -5
Rouzaofun 0.0020 137 -145 250 13
Rouzaofun 0.0020 -8 -20 76 45
Rouzaofun 0.0016 295 87 321 124
Rouzaofun 0.0014 282 110 321 151
Rouzaofun 0.0012 195 99 272 174
Rouzaofun 0.0012 11 -221 366 72
Rouzaofun 0.0010 -142 86 264 266
Rice_with_Shredded_Chicken 0.0363 65 8 170 159
Rice_with_Shredded_Chicken 0.0122 258 110 296 139
Rice_with_Shredded_Chicken 0.0101 54 39 151 134
Rice_with_Shredded_Chicken 0.0091 209 119 257 154
Rice_with_Shredded_Chicken 0.0076 219 -3 310 78
Rice_with_Shredded_Chicken 0.0064 25 23 210 144
Rice_with_Shredded_Chicken 0.0056 232 12 296 62
Rice_with_Shredded_Chicken 0.0055 -3 -2 71 27
Rice_with_Shredded_Chicken 0.0035 135 -95 243 -31
Rice_with_Shredded_Chicken 0.0023 229 129 275 156
Rice_with_Shredded_Chicken 0.0020 295 87 321 124
Rice_with_Shredded_Chicken 0.0020 94 -126 291 -5
Rice_with_Shredded_Chicken 0.0020 137 -145 250 13
Rice_with_Shredded_Chicken 0.0017 11 -221 366 72
Rice_with_Shredded_Chicken 0.0017 29 47 187 114
Rice_with_Shredded_Chicken 0.0013 66 70 151 116
Rice_with_Shredded_Chicken 0.0013 -8 -20 76 45
Rice_with_Shredded_Chicken 0.0011 282 110 321 151
migao 0.0820 65 8 170 159
migao 0.0216 209 119 257 154
migao 0.0200 258 110 296 139
migao 0.0130 54 39 151 134
migao 0.0102 -3 -2 71 27
migao 0.0081 25 23 210 144
migao 0.0066 232 12 296 62
migao 0.0060 219 -3 310 78
migao 0.0047 229 129 275 156
migao 0.0044 135 -95 243 -31
migao 0.0026 295 87 321 124
migao 0.0025 66 70 151 116
migao 0.0024 94 -126 291 -5
migao 0.0023 137 -145 250 13
migao 0.0021 29 47 187 114
migao 0.0018 282 110 321 151
migao 0.0013 11 -221 366 72
migao 0.0013 -8 -20 76 45
migao 0.0011 -41 92 164 268
migao 0.0010 205 105 237 131
migao 0.0010 210 92 244 131
wagui 0.0435 258 110 296 139
wagui 0.0328 211 115 255 146
wagui 0.0113 232 12 296 62
wagui 0.0110 219 -3 310 78
wagui 0.0092 65 8 170 159
wagui 0.0082 -3 -2 71 27
wagui 0.0078 54 39 151 134
wagui 0.0052 229 129 275 156
wagui 0.0047 295 87 321 124
wagui 0.0032 25 23 210 144
wagui 0.0025 205 105 237 131
wagui 0.0024 210 92 244 131
wagui 0.0023 282 110 321 151
wagui 0.0020 11 -221 366 72
wagui 0.0020 233 9 284 39
wagui 0.0019 137 -145 250 13
wagui 0.0019 260 88 294 111
wagui 0.0018 135 -95 243 -31
wagui 0.0018 94 -126 291 -5
wagui 0.0013 66 70 151 116
wagui 0.0012 29 47 187 114
wagui 0.0011 231 102 273 134
wagui 0.0010 302 82 326 117
wagui 0.0010 -8 -20 76 45
