Kongrou 0.2243 64 17 539 350
Kongrou 0.0132 276 -1 487 334
Kongrou 0.0089 124 8 312 324
Kongrou 0.0053 223 62 580 319
Kongrou 0.0034 173 -82 608 434
Kongrou 0.0018 122 142 479 405
Kongrou 0.0010 0 -116 419 379
Rouzaofun 0.0332 82 40 521 402
Rouzaofun 0.0044 180 153 442 413
Rouzaofun 0.0024 223 62 580 319
Rouzaofun 0.0012 276 -1 487 334
Rouzaofun 0.0011 68 97 357 248
Rouzaofun 0.0010 265 396 393 589
Rice_with_Shredded_Chicken 0.0112 82 40 521 402
Rice_with_Shredded_Chicken 0.0018 180 153 442 413
Rice_with_Shredded_Chicken 0.0010 265 396 393 589
Rice_with_Shredded_Chicken 0.0010 223 62 580 319
migao 0.0567 82 40 521 402
migao 0.0057 223 62 580 319
migao 0.0038 276 -1 487 334
migao 0.0020 180 153 442 413
migao 0.0018 124 8 312 324
migao 0.0015 173 -82 608 434
migao 0.0013 265 396 393 589
migao 0.0013 45 32 389 303
migao 0.0011 68 97 357 248
migao 0.0010 252 418 405 523
wagui 0.0748 82 40 521 402
wagui 0.0044 124 8 312 324
wagui 0.0039 223 62 580 319
wagui 0.0023 180 153 442 413
wagui 0.0018 45 32 389 303
wagui 0.0016 276 -1 487 334
