Kongrou 0.0410 -11 162 180 359
Kongrou 0.0345 619 -30 882 297
Kongrou 0.0282 110 313 365 547
Kongrou 0.0170 500 -41 1001 304
Kongrou 0.0143 567 -165 941 428
Kongrou 0.0095 -9 -30 117 245
Kongrou 0.0083 725 43 828 202
Kongrou 0.0079 445 465 525 517
Kongrou 0.0067 541 438 645 482
Kongrou 0.0064 497 506 596 568
Kongrou 0.0063 559 493 657 551
Kongrou 0.0061 496 410 597 449
Kongrou 0.0056 13 348 430 512
Kongrou 0.0054 607 479 701 534
Kongrou 0.0048 423 -98 644 369
Kongrou 0.0048 592 439 686 481
Kongrou 0.0046 144 365 331 496
Kongrou 0.0042 691 11 831 265
Kongrou 0.0040 633 252 705 299
Kongrou 0.0035 410 422 498 468
Kongrou 0.0034 80 254 319 624
Kongrou 0.0033 704 51 819 132
Kongrou 0.0030 538 451 647 500
Kongrou 0.0030 645 298 724 346
Kongrou 0.0030 625 328 713 377
Kongrou 0.0029 612 280 695 333
Kongrou 0.0028 690 90 803 247
Kongrou 0.0027 464 379 568 418
Kongrou 0.0025 328 -50 745 373
Kongrou 0.0024 445 223 757 715
Kongrou 0.0022 450 393 550 436
Kongrou 0.0021 -59 17 166 227
Kongrou 0.0020 451 344 733 578
Kongrou 0.0017 433 410 660 666
Kongrou 0.0017 364 35 697 272
Kongrou 0.0016 746 431 807 490
Kongrou 0.0016 409 393 500 435
Kongrou 0.0016 513 469 611 512
Kongrou 0.0015 529 378 796 618
Kongrou 0.0014 361 332 840 609
Kongrou 0.0013 765 239 819 314
Kongrou 0.0013 370 380 599 604
Kongrou 0.0013 45 191 184 332
Kongrou 0.0012 674 331 756 374
Kongrou 0.0012 571 501 676 573
Kongrou 0.0012 457 -51 742 253
Kongrou 0.0011 454 424 547 466
Kongrou 0.0010 446 361 555 405
Rouzaofun 0.2046 108 265 349 613
Rouzaofun 0.1162 -11 162 180 359
Rouzaofun 0.0260 66 319 317 542
Rouzaofun 0.0235 619 -30 882 297
Rouzaofun 0.0180 445 465 525 517
Rouzaofun 0.0171 500 -41 1001 304
Rouzaofun 0.0165 -9 -30 117 245
Rouzaofun 0.0157 567 -165 941 428
Rouzaofun 0.0141 13 348 430 512
Rouzaofun 0.0115 559 493 657 551
Rouzaofun 0.0114 725 43 828 202
Rouzaofun 0.0097 497 506 596 568
Rouzaofun 0.0096 541 438 645 482
Rouzaofun 0.0085 633 252 705 299
Rouzaofun 0.0084 496 410 597 449
Rouzaofun 0.0083 144 365 331 496
Rouzaofun 0.0080 607 479 701 534
Rouzaofun 0.0070 592 439 686 481
Rouzaofun 0.0067 612 280 695 333
Rouzaofun 0.0066 645 298 724 346
Rouzaofun 0.0064 461 329 739 606
Rouzaofun 0.0062 410 422 498 468
Rouzaofun 0.0061 625 328 713 377
Rouzaofun 0.0051 693 50 798 257
Rouzaofun 0.0048 704 51 819 132
Rouzaofun 0.0039 538 451 647 500
Rouzaofun 0.0037 746 431 807 490
Rouzaofun 0.0036 464 379 568 418
Rouzaofun 0.0033 417 336 903 667
Rouzaofun 0.0032 45 191 184 332
Rouzaofun 0.0030 370 380 599 604
Rouzaofun 0.0028 -59 17 166 227
Rouzaofun 0.0028 450 393 550 436
Rouzaofun 0.0028 409 393 500 435
Rouzaofun 0.0028 674 331 756 374
Rouzaofun 0.0027 162 312 376 549
Rouzaofun 0.0026 443 416 696 642
Rouzaofun 0.0023 502 275 590 338
Rouzaofun 0.0022 513 469 611 512
Rouzaofun 0.0022 328 -50 745 373
Rouzaofun 0.0021 765 239 819 314
Rouzaofun 0.0021 380 239 699 697
Rouzaofun 0.0020 364 35 697 272
Rouzaofun 0.0020 423 -98 644 369
Rouzaofun 0.0019 571 501 676 573
Rouzaofun 0.0018 539 262 613 319
Rouzaofun 0.0017 536 383 773 632
Rouzaofun 0.0017 703 313 790 362
Rouzaofun 0.0017 210 190 357 269
Rouzaofun 0.0016 446 361 555 405
Rouzaofun 0.0015 561 166 779 387
Rouzaofun 0.0015 454 424 547 466
Rouzaofun 0.0014 398 343 480 392
Rouzaofun 0.0014 684 294 778 349
Rouzaofun 0.0014 98 355 285 475
Rouzaofun 0.0014 684 263 777 319
Rouzaofun 0.0014 569 276 646 337
Rouzaofun 0.0013 106 394 308 527
Rouzaofun 0.0013 507 515 616 590
Rouzaofun 0.0012 605 453 703 498
Rouzaofun 0.0012 652 280 748 333
Rouzaofun 0.0011 556 296 629 348
Rouzaofun 0.0011 294 316 600 555
Rouzaofun 0.0011 373 280 657 519
Rouzaofun 0.0010 553 254 786 453
Rouzaofun 0.0010 492 262 568 320
Rouzaofun 0.0010 -65 181 296 340
Rouzaofun 0.0010 -36 323 441 614
Rouzaofun 0.0010 490 330 572 375
Rice_with_Shredded_Chicken 0.0987 -11 162 180 359
Rice_with_Shredded_Chicken 0.0355 619 -30 882 297
Rice_with_Shredded_Chicken 0.0351 91 313 354 547
Rice_with_Shredded_Chicken 0.0227 445 465 525 517
Rice_with_Shredded_Chicken 0.0203 500 -41 1001 304
Rice_with_Shredded_Chicken 0.0167 567 -165 941 428
Rice_with_Shredded_Chicken 0.0139 559 493 657 551
Rice_with_Shredded_Chicken 0.0122 -9 -30 117 245
Rice_with_Shredded_Chicken 0.0118 725 43 828 202
Rice_with_Shredded_Chicken 0.0118 541 438 645 482
Rice_with_Shredded_Chicken 0.0116 512 503 612 572
Rice_with_Shredded_Chicken 0.0101 607 479 701 534
Rice_with_Shredded_Chicken 0.0100 13 348 430 512
Rice_with_Shredded_Chicken 0.0096 633 252 705 299
Rice_with_Shredded_Chicken 0.0095 496 410 597 449
Rice_with_Shredded_Chicken 0.0080 612 280 695 333
Rice_with_Shredded_Chicken 0.0079 645 298 724 346
Rice_with_Shredded_Chicken 0.0077 592 439 686 481
Rice_with_Shredded_Chicken 0.0070 410 422 498 468
Rice_with_Shredded_Chicken 0.0063 625 328 713 377
Rice_with_Shredded_Chicken 0.0058 704 51 819 132
Rice_with_Shredded_Chicken 0.0052 691 11 831 265
Rice_with_Shredded_Chicken 0.0051 746 431 807 490
Rice_with_Shredded_Chicken 0.0050 391 342 686 592
Rice_with_Shredded_Chicken 0.0049 538 451 647 500
Rice_with_Shredded_Chicken 0.0040 464 379 568 418
Rice_with_Shredded_Chicken 0.0038 144 365 331 496
Rice_with_Shredded_Chicken 0.0037 529 378 796 618
Rice_with_Shredded_Chicken 0.0036 690 90 803 247
Rice_with_Shredded_Chicken 0.0030 409 393 500 435
Rice_with_Shredded_Chicken 0.0030 674 331 756 374
Rice_with_Shredded_Chicken 0.0029 423 -98 644 369
Rice_with_Shredded_Chicken 0.0029 450 393 550 436
Rice_with_Shredded_Chicken 0.0025 513 469 611 512
Rice_with_Shredded_Chicken 0.0024 504 263 822 735
Rice_with_Shredded_Chicken 0.0024 296 314 779 627
Rice_with_Shredded_Chicken 0.0023 -59 17 166 227
Rice_with_Shredded_Chicken 0.0023 433 410 660 666
Rice_with_Shredded_Chicken 0.0022 765 239 819 314
Rice_with_Shredded_Chicken 0.0022 328 -50 745 373
Rice_with_Shredded_Chicken 0.0021 496 279 566 334
Rice_with_Shredded_Chicken 0.0021 172 83 407 361
Rice_with_Shredded_Chicken 0.0021 571 501 676 573
Rice_with_Shredded_Chicken 0.0017 703 313 790 362
Rice_with_Shredded_Chicken 0.0016 454 424 547 466
Rice_with_Shredded_Chicken 0.0015 539 262 613 319
Rice_with_Shredded_Chicken 0.0015 398 343 480 392
Rice_with_Shredded_Chicken 0.0015 446 361 555 405
Rice_with_Shredded_Chicken 0.0014 355 27 705 249
Rice_with_Shredded_Chicken 0.0014 210 190 357 269
Rice_with_Shredded_Chicken 0.0014 684 263 777 319
Rice_with_Shredded_Chicken 0.0014 578 275 667 338
Rice_with_Shredded_Chicken 0.0014 605 453 703 498
Rice_with_Shredded_Chicken 0.0013 45 191 184 332
Rice_with_Shredded_Chicken 0.0012 684 294 778 349
Rice_with_Shredded_Chicken 0.0011 652 280 748 333
Rice_with_Shredded_Chicken 0.0011 327 330 581 560
Rice_with_Shredded_Chicken 0.0010 422 380 762 541
Rice_with_Shredded_Chicken 0.0010 556 296 629 348
Rice_with_Shredded_Chicken 0.0010 490 330 572 375
Rice_with_Shredded_Chicken 0.0010 431 288 709 772
Rice_with_Shredded_Chicken 0.0010 445 332 524 374
Rice_with_Shredded_Chicken 0.0010 561 166 779 387
migao 0.1467 -11 162 180 359
migao 0.0933 108 265 349 613
migao 0.0394 445 465 525 517
migao 0.0312 619 -30 882 297
migao 0.0233 -9 -30 117 245
migao 0.0209 559 493 657 551
migao 0.0196 500 -41 1001 304
migao 0.0170 541 438 645 482
migao 0.0167 512 503 612 572
migao 0.0166 66 319 317 542
migao 0.0162 607 479 701 534
migao 0.0160 567 -165 941 428
migao 0.0159 633 252 705 299
migao 0.0145 496 410 597 449
migao 0.0130 612 280 695 333
migao 0.0128 725 43 828 202
migao 0.0128 13 348 430 512
migao 0.0121 410 422 498 468
migao 0.0121 592 439 686 481
migao 0.0119 645 298 724 346
migao 0.0101 625 328 713 377
migao 0.0073 746 431 807 490
migao 0.0071 704 51 819 132
migao 0.0065 538 451 647 500
migao 0.0064 464 379 568 418
migao 0.0057 461 329 739 606
migao 0.0056 144 365 331 496
migao 0.0053 691 11 831 265
migao 0.0053 409 393 500 435
migao 0.0049 674 331 756 374
migao 0.0048 450 393 550 436
migao 0.0042 690 90 803 247
migao 0.0041 496 279 566 334
migao 0.0040 328 -50 745 373
migao 0.0037 513 469 611 512
migao 0.0036 417 336 903 667
migao 0.0035 423 -98 644 369
migao 0.0035 765 239 819 314
migao 0.0033 -59 17 166 227
migao 0.0033 539 262 613 319
migao 0.0031 571 501 676 573
migao 0.0027 210 190 357 269
migao 0.0027 703 313 790 362
migao 0.0026 454 424 547 466
migao 0.0025 398 343 480 392
migao 0.0025 380 239 699 697
migao 0.0024 443 416 696 642
migao 0.0023 446 361 555 405
migao 0.0023 45 191 184 332
migao 0.0023 605 453 703 498
migao 0.0022 569 276 646 337
migao 0.0021 364 35 697 272
migao 0.0019 556 296 629 348
migao 0.0019 684 263 777 319
migao 0.0019 162 312 376 549
migao 0.0018 684 294 778 349
migao 0.0018 312 377 645 619
migao 0.0017 652 280 748 333
migao 0.0016 445 332 524 374
migao 0.0015 490 330 572 375
migao 0.0014 410 362 498 404
migao 0.0014 490 451 573 500
migao 0.0014 484 344 578 392
migao 0.0013 403 405 505 454
migao 0.0013 536 383 773 632
migao 0.0012 763 188 820 302
migao 0.0011 499 257 593 325
migao 0.0011 172 83 407 361
migao 0.0010 542 423 643 467
migao 0.0010 98 355 285 475
migao 0.0010 511 213 814 725
migao 0.0010 443 347 527 388
migao 0.0010 513 455 610 496
wagui 0.1057 -11 162 180 359
wagui 0.0665 445 465 525 517
wagui 0.0363 612 280 695 333
wagui 0.0361 645 298 724 346
wagui 0.0350 559 493 657 551
wagui 0.0324 633 252 705 299
wagui 0.0289 91 313 354 547
wagui 0.0288 625 328 713 377
wagui 0.0285 607 479 701 534
wagui 0.0245 541 438 645 482
wagui 0.0239 497 506 596 568
wagui 0.0226 496 410 597 449
wagui 0.0216 410 422 498 468
wagui 0.0210 619 -30 882 297
wagui 0.0181 592 439 686 481
wagui 0.0173 746 431 807 490
wagui 0.0172 -9 -30 117 245
wagui 0.0154 567 -165 941 428
wagui 0.0152 500 -41 1001 304
wagui 0.0144 674 331 756 374
wagui 0.0107 529 378 796 618
wagui 0.0107 464 379 568 418
wagui 0.0102 409 393 500 435
wagui 0.0100 172 83 407 361
wagui 0.0099 391 342 686 592
wagui 0.0097 496 279 566 334
wagui 0.0094 725 43 828 202
wagui 0.0092 538 451 647 500
wagui 0.0083 539 262 613 319
wagui 0.0082 210 190 357 269
wagui 0.0082 703 313 790 362
wagui 0.0082 450 393 550 436
wagui 0.0080 765 239 819 314
wagui 0.0078 13 348 430 512
wagui 0.0065 578 275 667 338
wagui 0.0062 513 469 611 512
wagui 0.0059 704 51 819 132
wagui 0.0058 556 296 629 348
wagui 0.0054 398 343 480 392
wagui 0.0052 684 294 778 349
wagui 0.0052 684 263 777 319
wagui 0.0049 571 501 676 573
wagui 0.0049 652 280 748 333
wagui 0.0049 454 424 547 466
wagui 0.0049 443 416 696 642
wagui 0.0046 691 11 831 265
wagui 0.0045 605 453 703 498
wagui 0.0044 446 361 555 405
wagui 0.0040 417 336 903 667
wagui 0.0038 445 332 524 374
wagui 0.0038 328 -50 745 373
wagui 0.0037 144 365 331 496
wagui 0.0034 690 90 803 247
wagui 0.0034 593 343 713 393
wagui 0.0034 423 -98 644 369
wagui 0.0033 -59 17 166 227
wagui 0.0033 410 362 498 404
wagui 0.0033 490 330 572 375
wagui 0.0031 584 362 784 436
wagui 0.0031 499 257 593 325
wagui 0.0028 632 311 737 363
wagui 0.0027 403 405 505 454
wagui 0.0027 507 515 616 590
wagui 0.0026 741 309 812 364
wagui 0.0025 490 451 573 500
wagui 0.0025 294 316 600 555
wagui 0.0025 484 344 578 392
wagui 0.0025 445 223 757 715
wagui 0.0023 443 347 527 388
wagui 0.0022 513 455 610 496
wagui 0.0021 629 234 709 286
wagui 0.0021 45 191 184 332
wagui 0.0020 755 410 831 481
wagui 0.0020 409 379 499 418
wagui 0.0019 763 188 820 302
wagui 0.0018 542 423 643 467
wagui 0.0017 364 35 697 272
wagui 0.0017 508 240 614 311
wagui 0.0016 483 436 579 484
wagui 0.0015 508 272 615 340
wagui 0.0015 577 284 699 359
wagui 0.0014 595 423 682 467
wagui 0.0014 488 422 605 468
wagui 0.0014 616 486 723 557
wagui 0.0013 192 180 406 249
wagui 0.0013 510 494 613 550
wagui 0.0013 561 166 779 387
wagui 0.0013 246 333 704 669
wagui 0.0012 613 461 726 521
wagui 0.0012 694 327 798 377
wagui 0.0012 373 280 657 519
wagui 0.0011 553 254 786 453
wagui 0.0011 742 272 811 340
wagui 0.0011 440 408 560 452
wagui 0.0011 457 -51 742 253
wagui 0.0010 422 380 762 541
wagui 0.0010 620 340 950 595
wagui 0.0010 760 77 823 230
