Kongrou 0.0520 296 14 687 630
Kongrou 0.0333 159 93 820 549
Kongrou 0.0155 447 -167 751 -38
Kongrou 0.0148 458 -369 768 140
Kongrou 0.0095 218 -267 1002 43
Kongrou 0.0068 51 -9 964 690
Kongrou 0.0025 452 513 692 987
Kongrou 0.0025 317 -511 1018 235
Kongrou 0.0024 435 707 683 821
Kongrou 0.0024 373 -228 510 89
Kongrou 0.0021 294 -239 612 -50
Kongrou 0.0020 300 625 602 826
Kongrou 0.0020 388 -266 817 -24
Kongrou 0.0018 356 614 771 827
Kongrou 0.0018 508 -215 693 81
Kongrou 0.0017 320 153 682 469
Kongrou 0.0016 147 599 995 908
Kongrou 0.0015 128 -192 785 48
Kongrou 0.0014 236 -397 674 251
Kongrou 0.0012 381 343 765 1081
Kongrou 0.0011 -168 538 424 1076
Kongrou 0.0010 17 -642 1184 356
Rouzaofun 0.0118 447 -167 751 -38
Rouzaofun 0.0112 458 -369 768 140
Rouzaofun 0.0095 159 93 820 549
Rouzaofun 0.0079 218 -267 1002 43
Rouzaofun 0.0043 296 14 687 630
Rouzaofun 0.0042 373 -228 510 89
Rouzaofun 0.0023 430 645 773 874
Rouzaofun 0.0022 461 -228 821 11
Rouzaofun 0.0021 128 -192 785 48
Rouzaofun 0.0020 51 -9 964 690
Rouzaofun 0.0020 221 183 782 438
Rouzaofun 0.0020 508 -215 693 81
Rouzaofun 0.0019 452 513 692 987
Rouzaofun 0.0018 325 -467 1020 204
Rouzaofun 0.0018 435 707 683 821
Rouzaofun 0.0017 260 563 958 936
Rouzaofun 0.0016 545 750 655 896
Rouzaofun 0.0013 -373 -191 414 350
Rouzaofun 0.0012 377 181 704 519
Rouzaofun 0.0012 17 -642 1184 356
Rouzaofun 0.0012 294 -239 612 -50
Rouzaofun 0.0011 236 -397 674 251
Rouzaofun 0.0011 -146 -136 178 308
Rouzaofun 0.0010 381 343 765 1081
Rice_with_Shredded_Chicken 0.0309 171 81 839 599
Rice_with_Shredded_Chicken 0.0116 458 -369 768 140
Rice_with_Shredded_Chicken 0.0113 447 -167 751 -38
Rice_with_Shredded_Chicken 0.0081 218 -267 1002 43
Rice_with_Shredded_Chicken 0.0024 461 -228 821 11
Rice_with_Shredded_Chicken 0.0024 430 645 773 874
Rice_with_Shredded_Chicken 0.0023 317 -511 1018 235
Rice_with_Shredded_Chicken 0.0023 373 -228 510 89
Rice_with_Shredded_Chicken 0.0022 508 -215 693 81
Rice_with_Shredded_Chicken 0.0018 304 9 677 562
Rice_with_Shredded_Chicken 0.0018 452 513 692 987
Rice_with_Shredded_Chicken 0.0017 17 -642 1184 356
Rice_with_Shredded_Chicken 0.0017 128 -192 785 48
Rice_with_Shredded_Chicken 0.0015 435 707 683 821
Rice_with_Shredded_Chicken 0.0015 147 599 995 908
Rice_with_Shredded_Chicken 0.0014 545 750 655 896
Rice_with_Shredded_Chicken 0.0013 221 183 782 438
Rice_with_Shredded_Chicken 0.0011 381 343 765 1081
Rice_with_Shredded_Chicken 0.0011 236 -397 674 251
Rice_with_Shredded_Chicken 0.0011 -373 -191 414 350
Rice_with_Shredded_Chicken 0.0010 -146 -136 178 308
migao 0.0280 159 93 820 549
migao 0.0173 296 14 687 630
migao 0.0154 447 -167 751 -38
migao 0.0134 458 -369 768 140
migao 0.0094 218 -267 1002 43
migao 0.0051 373 -228 510 89
migao 0.0049 51 -9 964 690
migao 0.0029 508 -215 693 81
migao 0.0027 435 707 683 821
migao 0.0025 430 645 773 874
migao 0.0024 452 513 692 987
migao 0.0023 325 -467 1020 204
migao 0.0022 461 -228 821 11
migao 0.0021 128 -192 785 48
migao 0.0017 221 183 782 438
migao 0.0017 236 -397 674 251
migao 0.0015 260 563 958 936
migao 0.0014 545 750 655 896
migao 0.0014 17 -642 1184 356
migao 0.0013 381 343 765 1081
migao 0.0012 -202 -280 241 449
migao 0.0010 427 -248 533 109
wagui 0.0219 171 81 839 599
wagui 0.0117 447 -167 751 -38
wagui 0.0094 458 -369 768 140
wagui 0.0085 218 -267 1002 43
wagui 0.0033 294 -239 612 -50
wagui 0.0030 373 -228 510 89
wagui 0.0021 17 -642 1184 356
wagui 0.0019 508 -215 693 81
wagui 0.0019 317 -511 1018 235
wagui 0.0016 545 750 655 896
wagui 0.0015 452 513 692 987
wagui 0.0014 435 707 683 821
wagui 0.0013 128 -192 785 48
wagui 0.0012 461 -228 821 11
wagui 0.0012 147 599 995 908
wagui 0.0011 -373 -191 414 350
wagui 0.0011 221 183 782 438
wagui 0.0011 381 343 765 1081
wagui 0.0010 -202 -280 241 449
wagui 0.0010 356 614 771 827
wagui 0.0010 304 9 677 562
