Kongrou 0.0884 203 48 758 479
Kongrou 0.0551 258 -42 504 316
Kongrou 0.0433 327 75 609 479
Kongrou 0.0168 124 -29 605 341
Kongrou 0.0080 322 -183 540 -44
Kongrou 0.0061 319 -296 562 59
Kongrou 0.0048 407 84 695 415
Kongrou 0.0044 187 -243 689 4
Kongrou 0.0037 218 415 432 548
Kongrou 0.0036 489 172 713 367
Kongrou 0.0024 187 -380 650 105
Kongrou 0.0018 41 -482 819 202
Kongrou 0.0015 407 126 625 329
Kongrou 0.0013 172 66 577 219
Kongrou 0.0011 236 49 427 321
Kongrou 0.0011 212 -211 439 -72
Kongrou 0.0010 107 343 606 608
Kongrou 0.0010 541 290 782 605
Rouzaofun 0.0279 108 -32 639 441
Rouzaofun 0.0069 322 -183 540 -44
Rouzaofun 0.0051 319 -296 562 59
Rouzaofun 0.0039 187 -243 689 4
Rouzaofun 0.0037 220 133 711 423
Rouzaofun 0.0033 263 34 514 250
Rouzaofun 0.0033 252 -46 510 371
Rouzaofun 0.0030 489 172 713 367
Rouzaofun 0.0022 187 -380 650 105
Rouzaofun 0.0022 327 75 609 479
Rouzaofun 0.0021 186 65 590 220
Rouzaofun 0.0019 41 -482 819 202
Rouzaofun 0.0017 270 -214 365 38
Rouzaofun 0.0015 236 49 427 321
Rouzaofun 0.0013 407 126 625 329
Rouzaofun 0.0012 177 90 487 280
Rouzaofun 0.0010 258 206 632 390
Rice_with_Shredded_Chicken 0.0520 114 6 734 412
Rice_with_Shredded_Chicken 0.0074 322 -183 540 -44
Rice_with_Shredded_Chicken 0.0070 327 75 609 479
Rice_with_Shredded_Chicken 0.0048 319 -296 562 59
Rice_with_Shredded_Chicken 0.0038 187 -243 689 4
Rice_with_Shredded_Chicken 0.0026 41 -482 819 202
Rice_with_Shredded_Chicken 0.0025 187 -380 650 105
Rice_with_Shredded_Chicken 0.0020 253 33 495 252
Rice_with_Shredded_Chicken 0.0019 257 138 787 417
Rice_with_Shredded_Chicken 0.0018 489 172 713 367
Rice_with_Shredded_Chicken 0.0016 172 66 577 219
Rice_with_Shredded_Chicken 0.0013 252 -46 510 371
migao 0.0800 114 6 734 412
migao 0.0232 252 -46 510 371
migao 0.0136 327 75 609 479
migao 0.0082 322 -183 540 -44
migao 0.0056 319 -296 562 59
migao 0.0042 187 -243 689 4
migao 0.0033 489 172 713 367
migao 0.0032 263 34 514 250
migao 0.0032 161 -1 598 276
migao 0.0027 257 138 787 417
migao 0.0022 41 -482 819 202
migao 0.0021 270 -214 365 38
migao 0.0018 187 -380 650 105
migao 0.0013 248 418 457 546
migao 0.0012 407 126 625 329
migao 0.0011 177 90 487 280
migao 0.0011 236 49 427 321
migao 0.0011 407 84 695 415
migao 0.0010 300 467 502 555
wagui 0.0654 114 6 734 412
wagui 0.0276 252 -46 510 371
wagui 0.0107 345 80 645 474
wagui 0.0046 322 -183 540 -44
wagui 0.0046 319 -296 562 59
wagui 0.0039 187 -243 689 4
wagui 0.0036 253 33 495 252
wagui 0.0035 248 418 457 546
wagui 0.0034 161 -1 598 276
wagui 0.0032 41 -482 819 202
wagui 0.0028 257 138 787 417
wagui 0.0027 489 172 713 367
wagui 0.0019 187 -380 650 105
wagui 0.0018 212 -211 439 -72
wagui 0.0014 155 -31 441 416
wagui 0.0013 270 -214 365 38
wagui 0.0012 407 126 625 329
wagui 0.0011 -31 -391 531 118
wagui 0.0010 107 343 606 608
