Kongrou 0.1221 102 -33 501 352
Kongrou 0.0066 184 38 439 382
Kongrou 0.0018 144 -277 543 119
Kongrou 0.0016 418 104 538 330
Kongrou 0.0011 241 -207 430 78
Kongrou 0.0010 247 -111 409 -11
Rouzaofun 0.0357 98 44 524 333
Rouzaofun 0.0078 190 -16 432 347
Rouzaofun 0.0016 418 104 538 330
Rouzaofun 0.0015 144 -277 543 119
Rouzaofun 0.0013 370 125 586 287
Rouzaofun 0.0011 247 -111 409 -11
Rice_with_Shredded_Chicken 0.0191 24 -16 570 412
Rice_with_Shredded_Chicken 0.0033 108 74 512 346
Rice_with_Shredded_Chicken 0.0018 144 -277 543 119
Rice_with_Shredded_Chicken 0.0010 247 -111 409 -11
Rice_with_Shredded_Chicken 0.0010 190 -16 432 347
migao 0.0894 98 44 524 333
migao 0.0161 190 -16 432 347
migao 0.0015 123 -226 569 71
migao 0.0014 418 104 538 330
migao 0.0013 247 -111 409 -11
migao 0.0013 370 125 586 287
migao 0.0012 65 -324 633 162
migao 0.0011 241 -207 430 78
migao 0.0010 -30 -280 446 119
wagui 0.0341 24 -16 570 412
wagui 0.0053 96 48 483 330
wagui 0.0016 65 -324 633 162
wagui 0.0014 -30 -280 446 119
wagui 0.0013 123 -226 569 71
wagui 0.0012 -10 44 356 381
wagui 0.0010 247 -111 409 -11
