Kongrou 0.0424 74 16 933 677
Kongrou 0.0107 731 460 997 684
Kongrou 0.0093 798 -34 1007 324
Kongrou 0.0032 234 -224 578 -33
Kongrou 0.0026 181 6 634 575
Kongrou 0.0023 440 -167 741 -11
Kongrou 0.0022 454 -327 754 131
Kongrou 0.0021 300 -456 1021 219
Kongrou 0.0021 743 37 1101 291
Kongrou 0.0015 237 -272 965 77
Kongrou 0.0012 799 52 968 238
Kongrou 0.0010 41 -125 969 362
Rouzaofun 0.1233 112 -8 884 691
Rouzaofun 0.0476 731 460 997 684
Rouzaofun 0.0106 798 -34 1007 324
Rouzaofun 0.0036 743 37 1101 291
Rouzaofun 0.0022 440 -167 741 -11
Rouzaofun 0.0020 234 -224 578 -33
Rouzaofun 0.0018 179 52 635 606
Rouzaofun 0.0017 454 -327 754 131
Rouzaofun 0.0015 300 -456 1021 219
Rouzaofun 0.0014 237 -272 965 77
Rouzaofun 0.0013 818 54 987 275
Rouzaofun 0.0010 754 543 973 679
Rice_with_Shredded_Chicken 0.3336 112 -8 884 691
Rice_with_Shredded_Chicken 0.0350 731 460 997 684
Rice_with_Shredded_Chicken 0.0081 798 -34 1007 324
Rice_with_Shredded_Chicken 0.0031 743 37 1101 291
Rice_with_Shredded_Chicken 0.0020 440 -167 741 -11
Rice_with_Shredded_Chicken 0.0019 300 -456 1021 219
Rice_with_Shredded_Chicken 0.0017 454 -327 754 131
Rice_with_Shredded_Chicken 0.0013 237 -272 965 77
Rice_with_Shredded_Chicken 0.0013 181 6 634 575
Rice_with_Shredded_Chicken 0.0011 41 -591 1142 332
migao 0.1833 112 -8 884 691
migao 0.0338 731 460 997 684
migao 0.0099 798 -34 1007 324
migao 0.0034 743 37 1101 291
migao 0.0028 440 -167 741 -11
migao 0.0021 454 -327 754 131
migao 0.0018 305 -399 1012 167
migao 0.0011 799 52 968 238
wagui 0.0261 731 460 997 684
wagui 0.0201 112 -8 884 691
wagui 0.0097 798 -34 1007 324
wagui 0.0030 743 37 1101 291
wagui 0.0018 234 -224 578 -33
wagui 0.0016 440 -167 741 -11
wagui 0.0016 300 -456 1021 219
wagui 0.0016 454 -327 754 131
wagui 0.0014 799 52 968 238
wagui 0.0014 41 -591 1142 332
wagui 0.0013 237 -272 965 77
wagui 0.0010 532 755 652 895
