Kongrou 0.0318 216 66 275 184
Kongrou 0.0295 79 15 183 177
Kongrou 0.0140 170 -3 268 54
Kongrou 0.0123 198 89 292 162
Kongrou 0.0120 43 51 220 162
Kongrou 0.0033 191 69 289 139
Kongrou 0.0031 224 97 267 153
Kongrou 0.0028 215 83 265 136
Kongrou 0.0021 1 131 88 193
Kongrou 0.0020 201 60 258 170
Kongrou 0.0015 62 -129 253 56
Kongrou 0.0012 201 0 258 40
Kongrou 0.0012 230 110 271 172
Kongrou 0.0010 84 62 173 146
Rouzaofun 0.2563 79 15 183 177
Rouzaofun 0.0939 43 51 220 162
Rouzaofun 0.0697 216 66 275 184
Rouzaofun 0.0373 170 -3 268 54
Rouzaofun 0.0228 198 89 292 162
Rouzaofun 0.0054 224 97 267 153
Rouzaofun 0.0052 191 69 289 139
Rouzaofun 0.0039 215 83 265 136
Rouzaofun 0.0033 201 60 258 170
Rouzaofun 0.0029 230 110 271 172
Rouzaofun 0.0025 201 0 258 40
Rouzaofun 0.0024 6 133 94 192
Rouzaofun 0.0021 22 1 295 179
Rouzaofun 0.0021 84 62 173 146
Rouzaofun 0.0017 176 14 251 46
Rouzaofun 0.0014 2 19 55 136
Rouzaofun 0.0013 62 -129 253 56
Rouzaofun 0.0012 147 -34 286 80
Rice_with_Shredded_Chicken 0.0740 81 29 182 183
Rice_with_Shredded_Chicken 0.0693 43 51 220 162
Rice_with_Shredded_Chicken 0.0369 216 66 275 184
Rice_with_Shredded_Chicken 0.0189 170 -3 268 54
Rice_with_Shredded_Chicken 0.0182 198 89 292 162
Rice_with_Shredded_Chicken 0.0069 7 120 88 200
Rice_with_Shredded_Chicken 0.0040 191 69 289 139
Rice_with_Shredded_Chicken 0.0025 224 97 267 153
Rice_with_Shredded_Chicken 0.0023 215 83 265 136
Rice_with_Shredded_Chicken 0.0018 201 60 258 170
Rice_with_Shredded_Chicken 0.0016 59 -108 257 35
Rice_with_Shredded_Chicken 0.0013 22 1 295 179
Rice_with_Shredded_Chicken 0.0012 7 143 82 182
Rice_with_Shredded_Chicken 0.0010 230 110 271 172
migao 0.1163 81 29 182 183
migao 0.0876 43 51 220 162
migao 0.0615 216 66 275 184
migao 0.0341 170 -3 268 54
migao 0.0274 198 89 292 162
migao 0.0060 191 69 289 139
migao 0.0034 220 106 270 166
migao 0.0027 215 83 265 136
migao 0.0022 201 60 258 170
migao 0.0021 6 133 94 192
migao 0.0018 201 0 258 40
migao 0.0016 175 7 242 43
migao 0.0016 59 -108 257 35
migao 0.0013 22 1 295 179
migao 0.0010 84 62 173 146
migao 0.0010 212 98 257 152
migao 0.0010 2 19 55 136
wagui 0.0335 210 61 270 179
wagui 0.0216 170 -3 268 54
wagui 0.0212 7 120 88 200
wagui 0.0200 198 89 292 162
wagui 0.0109 43 51 220 162
wagui 0.0076 225 90 276 192
wagui 0.0053 81 29 182 183
wagui 0.0051 191 69 289 139
wagui 0.0039 7 143 82 182
wagui 0.0028 215 83 265 136
wagui 0.0022 224 97 267 153
wagui 0.0017 201 0 258 40
wagui 0.0014 2 19 55 136
wagui 0.0014 -25 98 119 224
wagui 0.0013 62 -129 253 56
wagui 0.0013 175 7 242 43
wagui 0.0010 -2 115 17 146
