Kongrou 0.0327 -4 420 137 572
Kongrou 0.0207 -66 332 201 659
Kongrou 0.0197 97 409 268 581
Kongrou 0.0139 57 319 307 635
Kongrou 0.0125 281 387 429 490
Kongrou 0.0114 54 416 195 537
Kongrou 0.0101 248 404 386 511
Kongrou 0.0087 411 -375 785 155
Kongrou 0.0085 422 -199 749 -7
Kongrou 0.0079 212 284 500 593
Kongrou 0.0060 -26 432 84 596
Kongrou 0.0056 -213 198 330 813
Kongrou 0.0054 232 -296 957 76
Kongrou 0.0049 192 401 325 515
Kongrou 0.0042 27 270 629 666
Kongrou 0.0038 322 -240 464 105
Kongrou 0.0038 353 360 510 477
Kongrou 0.0038 246 -237 562 -46
Kongrou 0.0035 439 48 1056 576
Kongrou 0.0034 380 413 523 539
Kongrou 0.0032 -21 409 117 506
Kongrou 0.0026 64 374 223 501
Kongrou 0.0023 263 297 718 580
Kongrou 0.0022 93 -186 722 46
Kongrou 0.0021 8 339 510 577
Kongrou 0.0020 417 401 562 552
Kongrou 0.0020 181 -380 629 236
Kongrou 0.0018 319 307 586 648
Kongrou 0.0015 143 404 259 512
Kongrou 0.0015 -30 274 378 739
Kongrou 0.0014 127 -230 436 87
Kongrou 0.0014 231 444 364 584
Kongrou 0.0013 -52 166 151 289
Kongrou 0.0013 74 434 214 594
Kongrou 0.0013 286 -462 1022 195
Kongrou 0.0011 310 415 477 612
Kongrou 0.0011 84 53 279 168
Kongrou 0.0011 417 346 562 491
Kongrou 0.0010 -60 -35 425 261
Kongrou 0.0010 -48 121 67 256
Rouzaofun 0.0405 -4 420 137 572
Rouzaofun 0.0274 -66 332 201 659
Rouzaofun 0.0254 97 409 268 581
Rouzaofun 0.0218 57 319 307 635
Rouzaofun 0.0145 281 387 429 490
Rouzaofun 0.0139 54 416 195 537
Rouzaofun 0.0129 248 404 386 511
Rouzaofun 0.0116 212 284 500 593
Rouzaofun 0.0105 -26 432 84 596
Rouzaofun 0.0091 565 28 934 595
Rouzaofun 0.0089 422 -199 749 -7
Rouzaofun 0.0075 411 -375 785 155
Rouzaofun 0.0065 27 270 629 666
Rouzaofun 0.0060 322 -240 464 105
Rouzaofun 0.0058 192 401 325 515
Rouzaofun 0.0056 -233 286 349 730
Rouzaofun 0.0055 232 -296 957 76
Rouzaofun 0.0050 353 360 510 477
Rouzaofun 0.0043 380 413 523 539
Rouzaofun 0.0040 64 374 223 501
Rouzaofun 0.0036 -21 409 117 506
Rouzaofun 0.0034 8 339 510 577
Rouzaofun 0.0033 319 307 586 648
Rouzaofun 0.0030 93 -186 722 46
Rouzaofun 0.0029 263 297 718 580
Rouzaofun 0.0028 231 444 364 584
Rouzaofun 0.0028 246 -237 562 -46
Rouzaofun 0.0025 -52 166 151 289
Rouzaofun 0.0024 417 401 562 552
Rouzaofun 0.0023 310 415 477 612
Rouzaofun 0.0020 134 339 440 679
Rouzaofun 0.0019 127 -230 436 87
Rouzaofun 0.0018 143 404 259 512
Rouzaofun 0.0017 231 -377 659 231
Rouzaofun 0.0016 -48 121 67 256
Rouzaofun 0.0015 74 434 214 594
Rouzaofun 0.0014 -97 79 193 373
Rouzaofun 0.0012 404 158 1089 619
Rouzaofun 0.0011 -100 157 451 781
Rouzaofun 0.0011 -60 -35 425 261
Rouzaofun 0.0010 417 346 562 491
Rouzaofun 0.0010 280 175 682 763
Rouzaofun 0.0010 -114 376 403 656
Rouzaofun 0.0010 85 -241 924 281
Rice_with_Shredded_Chicken 0.0497 565 28 934 595
Rice_with_Shredded_Chicken 0.0437 -4 420 137 572
Rice_with_Shredded_Chicken 0.0276 97 409 268 581
Rice_with_Shredded_Chicken 0.0255 -66 332 201 659
Rice_with_Shredded_Chicken 0.0163 57 319 307 635
Rice_with_Shredded_Chicken 0.0131 54 416 195 537
Rice_with_Shredded_Chicken 0.0129 -26 432 84 596
Rice_with_Shredded_Chicken 0.0121 281 387 429 490
Rice_with_Shredded_Chicken 0.0114 248 404 386 511
Rice_with_Shredded_Chicken 0.0093 422 -199 749 -7
Rice_with_Shredded_Chicken 0.0084 125 315 586 561
Rice_with_Shredded_Chicken 0.0075 411 -375 785 155
Rice_with_Shredded_Chicken 0.0052 192 401 325 515
Rice_with_Shredded_Chicken 0.0052 232 -296 957 76
Rice_with_Shredded_Chicken 0.0050 -233 286 349 730
Rice_with_Shredded_Chicken 0.0045 64 374 223 501
Rice_with_Shredded_Chicken 0.0044 353 360 510 477
Rice_with_Shredded_Chicken 0.0042 380 413 523 539
Rice_with_Shredded_Chicken 0.0042 27 270 629 666
Rice_with_Shredded_Chicken 0.0035 -21 409 117 506
Rice_with_Shredded_Chicken 0.0034 231 444 364 584
Rice_with_Shredded_Chicken 0.0030 368 -257 495 123
Rice_with_Shredded_Chicken 0.0026 310 415 477 612
Rice_with_Shredded_Chicken 0.0025 263 297 718 580
Rice_with_Shredded_Chicken 0.0024 417 401 562 552
Rice_with_Shredded_Chicken 0.0023 93 -186 722 46
Rice_with_Shredded_Chicken 0.0022 319 307 586 648
Rice_with_Shredded_Chicken 0.0021 404 158 1089 619
Rice_with_Shredded_Chicken 0.0017 -52 166 151 289
Rice_with_Shredded_Chicken 0.0016 143 404 259 512
Rice_with_Shredded_Chicken 0.0016 127 -230 436 87
Rice_with_Shredded_Chicken 0.0015 181 -380 629 236
Rice_with_Shredded_Chicken 0.0013 -48 121 67 256
Rice_with_Shredded_Chicken 0.0013 74 434 214 594
Rice_with_Shredded_Chicken 0.0011 417 346 562 491
Rice_with_Shredded_Chicken 0.0011 -100 157 451 781
Rice_with_Shredded_Chicken 0.0011 -48 337 453 579
Rice_with_Shredded_Chicken 0.0011 286 -462 1022 195
Rice_with_Shredded_Chicken 0.0011 469 -241 704 108
Rice_with_Shredded_Chicken 0.0010 -60 -35 425 261
Rice_with_Shredded_Chicken 0.0010 134 339 440 679
migao 0.0446 -4 420 137 572
migao 0.0303 97 409 268 581
migao 0.0224 -66 332 201 659
migao 0.0164 57 319 307 635
migao 0.0152 54 416 195 537
migao 0.0145 281 387 429 490
migao 0.0141 248 404 386 511
migao 0.0139 -26 432 84 596
migao 0.0096 422 -199 749 -7
migao 0.0087 212 284 500 593
migao 0.0082 411 -375 785 155
migao 0.0072 322 -240 464 105
migao 0.0068 565 28 934 595
migao 0.0061 232 -296 957 76
migao 0.0061 192 401 325 515
migao 0.0060 -233 286 349 730
migao 0.0058 27 270 629 666
migao 0.0049 353 360 510 477
migao 0.0048 380 413 523 539
migao 0.0045 64 374 223 501
migao 0.0040 -21 409 117 506
migao 0.0038 231 444 364 584
migao 0.0034 310 415 477 612
migao 0.0031 93 -186 722 46
migao 0.0025 417 401 562 552
migao 0.0025 8 339 510 577
migao 0.0024 -52 166 151 289
migao 0.0023 181 -380 629 236
migao 0.0022 263 297 718 580
migao 0.0022 134 339 440 679
migao 0.0020 319 307 586 648
migao 0.0019 143 404 259 512
migao 0.0018 246 -237 562 -46
migao 0.0016 -48 121 67 256
migao 0.0015 74 434 214 594
migao 0.0014 -100 157 451 781
migao 0.0014 127 -230 436 87
migao 0.0013 469 -241 704 108
migao 0.0011 417 346 562 491
migao 0.0010 280 175 682 763
wagui 0.0447 -4 420 137 572
wagui 0.0270 97 409 268 581
wagui 0.0232 -66 332 201 659
wagui 0.0150 -26 432 84 596
wagui 0.0146 57 319 307 635
wagui 0.0139 54 416 195 537
wagui 0.0135 281 387 429 490
wagui 0.0123 248 404 386 511
wagui 0.0110 565 28 934 595
wagui 0.0078 212 284 500 593
wagui 0.0071 411 -375 785 155
wagui 0.0070 422 -199 749 -7
wagui 0.0061 192 401 325 515
wagui 0.0060 -213 198 330 813
wagui 0.0055 232 -296 957 76
wagui 0.0052 231 444 364 584
wagui 0.0050 353 360 510 477
wagui 0.0048 380 413 523 539
wagui 0.0047 246 -237 562 -46
wagui 0.0041 -21 409 117 506
wagui 0.0041 64 374 223 501
wagui 0.0039 322 -240 464 105
wagui 0.0039 27 270 629 666
wagui 0.0030 310 415 477 612
wagui 0.0023 -52 166 151 289
wagui 0.0022 417 401 562 552
wagui 0.0022 263 297 718 580
wagui 0.0019 93 -186 722 46
wagui 0.0019 8 339 510 577
wagui 0.0019 319 307 586 648
wagui 0.0019 143 404 259 512
wagui 0.0019 127 -230 436 87
wagui 0.0019 -30 274 378 739
wagui 0.0018 -48 121 67 256
wagui 0.0016 74 434 214 594
wagui 0.0014 84 53 279 168
wagui 0.0013 134 339 440 679
wagui 0.0012 417 346 562 491
wagui 0.0010 286 -462 1022 195
wagui 0.0010 280 175 682 763
wagui 0.0010 -60 -35 425 261
wagui 0.0010 231 -377 659 231
