Kongrou 0.0063 98 0 181 82
Kongrou 0.0041 204 75 277 165
Kongrou 0.0041 16 15 94 87
Kongrou 0.0030 108 27 160 54
Kongrou 0.0027 -21 -27 294 211
Kongrou 0.0026 9 84 90 166
Kongrou 0.0025 182 6 267 75
Kongrou 0.0019 20 13 256 171
Kongrou 0.0019 112 75 188 154
Kongrou 0.0014 25 29 84 74
Kongrou 0.0011 17 96 82 133
Kongrou 0.0010 120 90 180 128
Kongrou 0.0010 47 94 268 296
Kongrou 0.0010 215 94 265 136
Rouzaofun 0.0277 101 55 183 179
Rouzaofun 0.0248 16 15 94 87
Rouzaofun 0.0235 204 75 277 165
Rouzaofun 0.0173 98 0 181 82
Rouzaofun 0.0169 6 64 89 190
Rouzaofun 0.0108 118 76 193 153
Rouzaofun 0.0099 176 6 262 76
Rouzaofun 0.0091 11 81 99 148
Rouzaofun 0.0085 20 13 256 171
Rouzaofun 0.0077 106 19 173 52
Rouzaofun 0.0065 25 29 84 74
Rouzaofun 0.0062 -21 -27 294 211
Rouzaofun 0.0040 17 96 82 133
Rouzaofun 0.0039 120 90 180 128
Rouzaofun 0.0039 215 94 265 136
Rouzaofun 0.0031 -15 99 115 162
Rouzaofun 0.0030 170 90 299 150
Rouzaofun 0.0030 227 109 274 142
Rouzaofun 0.0030 18 111 81 150
Rouzaofun 0.0029 187 21 251 60
Rouzaofun 0.0027 69 0 136 18
Rouzaofun 0.0024 89 86 211 143
Rouzaofun 0.0018 111 32 169 70
Rouzaofun 0.0017 14 121 54 150
Rouzaofun 0.0015 111 93 147 126
Rouzaofun 0.0015 210 108 270 153
Rouzaofun 0.0012 183 59 271 194
Rouzaofun 0.0012 -9 12 120 70
Rouzaofun 0.0012 203 86 266 123
Rouzaofun 0.0010 48 111 94 150
Rice_with_Shredded_Chicken 0.0234 101 55 183 179
Rice_with_Shredded_Chicken 0.0153 6 64 89 190
Rice_with_Shredded_Chicken 0.0134 16 15 94 87
Rice_with_Shredded_Chicken 0.0106 204 75 277 165
Rice_with_Shredded_Chicken 0.0104 187 -13 266 100
Rice_with_Shredded_Chicken 0.0098 98 0 181 82
Rice_with_Shredded_Chicken 0.0073 20 13 256 171
Rice_with_Shredded_Chicken 0.0073 -21 -27 294 211
Rice_with_Shredded_Chicken 0.0043 106 19 173 52
Rice_with_Shredded_Chicken 0.0042 118 76 193 153
Rice_with_Shredded_Chicken 0.0039 11 81 99 148
Rice_with_Shredded_Chicken 0.0033 69 0 136 18
Rice_with_Shredded_Chicken 0.0029 25 29 84 74
Rice_with_Shredded_Chicken 0.0024 171 11 256 81
Rice_with_Shredded_Chicken 0.0023 17 96 82 133
Rice_with_Shredded_Chicken 0.0021 215 94 265 136
Rice_with_Shredded_Chicken 0.0020 120 90 180 128
Rice_with_Shredded_Chicken 0.0016 -15 99 115 162
Rice_with_Shredded_Chicken 0.0016 187 21 251 60
Rice_with_Shredded_Chicken 0.0015 170 90 299 150
Rice_with_Shredded_Chicken 0.0015 18 111 81 150
Rice_with_Shredded_Chicken 0.0012 89 86 211 143
Rice_with_Shredded_Chicken 0.0012 227 109 274 142
Rice_with_Shredded_Chicken 0.0010 53 102 265 287
Rice_with_Shredded_Chicken 0.0010 111 93 147 126
migao 0.0130 16 15 94 87
migao 0.0116 204 75 277 165
migao 0.0100 98 0 181 82
migao 0.0074 106 19 173 52
migao 0.0073 14 85 97 165
migao 0.0064 101 55 183 179
migao 0.0050 25 29 84 74
migao 0.0047 176 6 262 76
migao 0.0047 118 76 193 153
migao 0.0040 -21 -27 294 211
migao 0.0037 69 0 136 18
migao 0.0034 17 96 82 133
migao 0.0033 120 90 180 128
migao 0.0031 215 94 265 136
migao 0.0025 18 111 81 150
migao 0.0024 187 21 251 60
migao 0.0024 227 109 274 142
migao 0.0022 20 13 256 171
migao 0.0020 173 95 296 155
migao 0.0017 111 93 147 126
migao 0.0016 14 121 54 150
migao 0.0016 111 32 169 70
migao 0.0014 89 86 211 143
migao 0.0011 210 108 270 153
migao 0.0010 203 86 266 123
migao 0.0010 -11 88 121 142
wagui 0.0095 69 0 136 18
wagui 0.0076 16 15 94 87
wagui 0.0064 98 0 181 82
wagui 0.0058 204 75 277 165
wagui 0.0043 9 84 90 166
wagui 0.0035 106 19 173 52
wagui 0.0031 176 6 262 76
wagui 0.0025 160 0 225 18
wagui 0.0024 112 75 188 154
wagui 0.0022 69 -4 125 12
wagui 0.0021 25 29 84 74
wagui 0.0020 -21 -27 294 211
wagui 0.0020 17 96 82 133
wagui 0.0017 43 12 230 166
wagui 0.0015 215 94 265 136
wagui 0.0015 120 90 180 128
wagui 0.0013 18 111 81 150
wagui 0.0012 111 93 147 126
wagui 0.0012 187 21 251 60
wagui 0.0011 -7 97 118 154
wagui 0.0011 168 -4 228 12
wagui 0.0010 173 95 296 155
wagui 0.0010 227 109 274 142
