Kongrou 0.0166 -11 191 462 606
Kongrou 0.0047 231 107 424 329
Kongrou 0.0042 -2 4 163 76
Kongrou 0.0013 70 268 356 589
Kongrou 0.0013 185 254 425 600
Kongrou 0.0012 139 105 514 334
Rouzaofun 0.0147 24 188 424 607
Rouzaofun 0.0120 -2 4 163 76
Rouzaofun 0.0048 199 79 412 314
Rouzaofun 0.0014 -36 128 483 475
Rouzaofun 0.0011 162 -9 357 168
Rouzaofun 0.0010 139 105 514 334
Rice_with_Shredded_Chicken 0.2316 3 216 449 640
Rice_with_Shredded_Chicken 0.0449 199 79 412 314
Rice_with_Shredded_Chicken 0.0121 -2 4 163 76
Rice_with_Shredded_Chicken 0.0087 162 -9 357 168
Rice_with_Shredded_Chicken 0.0022 139 105 514 334
Rice_with_Shredded_Chicken 0.0020 -36 128 483 475
Rice_with_Shredded_Chicken 0.0012 70 268 356 589
migao 0.0404 3 216 449 640
migao 0.0143 -2 4 163 76
migao 0.0084 199 79 412 314
migao 0.0014 162 -9 357 168
migao 0.0013 139 105 514 334
wagui 0.0681 199 79 412 314
wagui 0.0317 -2 4 163 76
wagui 0.0181 -11 191 462 606
wagui 0.0155 162 -9 357 168
wagui 0.0029 139 105 514 334
wagui 0.0021 160 40 324 109
wagui 0.0017 35 -76 296 106
wagui 0.0015 5 309 62 439
wagui 0.0011 218 173 404 253
