Kongrou 0.0047 61 16 284 198
Kongrou 0.0046 106 20 228 159
Kongrou 0.0033 117 189 210 226
Kongrou 0.0031 87 167 177 224
Kongrou 0.0030 87 -157 304 45
Kongrou 0.0028 131 -70 219 -22
Kongrou 0.0026 123 130 212 277
Kongrou 0.0026 136 -118 223 20
Kongrou 0.0021 5 -197 346 81
Kongrou 0.0020 45 153 289 255
Kongrou 0.0018 71 -98 286 0
Kongrou 0.0013 100 158 229 232
Kongrou 0.0011 52 84 293 312
Rouzaofun 0.2753 106 20 228 159
Rouzaofun 0.1661 64 41 281 167
Rouzaofun 0.0024 81 -151 259 38
Rouzaofun 0.0024 131 -70 219 -22
Rouzaofun 0.0023 117 189 210 226
Rouzaofun 0.0023 5 -197 346 81
Rouzaofun 0.0021 136 -118 223 20
Rouzaofun 0.0020 44 -19 175 107
Rouzaofun 0.0020 123 130 212 277
Rouzaofun 0.0018 45 153 289 255
Rouzaofun 0.0017 95 24 250 236
Rouzaofun 0.0017 91 57 236 127
Rouzaofun 0.0015 71 -98 286 0
Rouzaofun 0.0010 16 -1 327 122
Rice_with_Shredded_Chicken 0.0979 64 41 281 167
Rice_with_Shredded_Chicken 0.0130 106 20 228 159
Rice_with_Shredded_Chicken 0.0035 51 -138 295 26
Rice_with_Shredded_Chicken 0.0031 5 -197 346 81
Rice_with_Shredded_Chicken 0.0026 131 -70 219 -22
Rice_with_Shredded_Chicken 0.0020 136 -118 223 20
Rice_with_Shredded_Chicken 0.0019 123 130 212 277
Rice_with_Shredded_Chicken 0.0018 117 189 210 226
Rice_with_Shredded_Chicken 0.0017 95 24 250 236
Rice_with_Shredded_Chicken 0.0016 45 153 289 255
Rice_with_Shredded_Chicken 0.0011 54 97 294 298
Rice_with_Shredded_Chicken 0.0010 0 -114 101 18
migao 0.0671 106 20 228 159
migao 0.0621 64 41 281 167
migao 0.0039 51 -138 295 26
migao 0.0036 117 189 210 226
migao 0.0031 131 -70 219 -22
migao 0.0027 5 -197 346 81
migao 0.0025 123 130 212 277
migao 0.0024 136 -118 223 20
migao 0.0019 45 153 289 255
migao 0.0011 91 57 236 127
migao 0.0011 95 24 250 236
migao 0.0010 100 158 229 232
migao 0.0010 52 84 293 312
wagui 0.0530 64 41 281 167
wagui 0.0039 5 -197 346 81
wagui 0.0029 100 170 186 222
wagui 0.0028 51 -138 295 26
wagui 0.0027 106 20 228 159
wagui 0.0021 117 189 210 226
wagui 0.0019 131 -70 219 -22
wagui 0.0019 136 -118 223 20
wagui 0.0016 45 153 289 255
wagui 0.0016 123 130 212 277
wagui 0.0015 95 24 250 236
wagui 0.0013 166 14 284 141
wagui 0.0011 86 -85 179 -31
wagui 0.0010 24 145 61 178
wagui 0.0010 54 97 294 298
