Kongrou 0.0792 72 178 1117 898
Kongrou 0.0091 525 176 996 863
Kongrou 0.0049 486 779 834 1191
Kongrou 0.0039 297 728 1040 1229
Kongrou 0.0027 201 0 581 583
Kongrou 0.0017 349 170 1171 686
Kongrou 0.0014 85 157 676 441
Kongrou 0.0011 569 914 839 1073
Kongrou 0.0011 29 39 747 540
Kongrou 0.0010 5 421 1006 1022
Rouzaofun 0.0368 72 178 1117 898
Rouzaofun 0.0056 486 779 834 1191
Rouzaofun 0.0040 297 728 1040 1229
Rouzaofun 0.0031 532 225 988 908
Rouzaofun 0.0022 85 157 676 441
Rouzaofun 0.0017 198 97 562 503
Rouzaofun 0.0013 569 914 839 1073
Rouzaofun 0.0012 349 170 1171 686
Rouzaofun 0.0010 126 385 565 843
Rice_with_Shredded_Chicken 0.0583 72 178 1117 898
Rice_with_Shredded_Chicken 0.0051 486 779 834 1191
Rice_with_Shredded_Chicken 0.0041 201 0 581 583
Rice_with_Shredded_Chicken 0.0037 297 728 1040 1229
Rice_with_Shredded_Chicken 0.0016 85 157 676 441
Rice_with_Shredded_Chicken 0.0016 29 39 747 540
Rice_with_Shredded_Chicken 0.0013 437 293 1174 837
Rice_with_Shredded_Chicken 0.0011 569 914 839 1073
migao 0.0864 72 178 1117 898
migao 0.0058 486 779 834 1191
migao 0.0038 525 176 996 863
migao 0.0037 297 728 1040 1229
migao 0.0019 85 157 676 441
migao 0.0014 349 170 1171 686
migao 0.0012 569 914 839 1073
migao 0.0011 198 97 562 503
wagui 0.0073 95 166 1105 925
wagui 0.0036 469 650 872 1313
wagui 0.0027 297 728 1040 1229
wagui 0.0013 85 157 676 441
wagui 0.0012 473 786 751 1186
wagui 0.0011 569 914 839 1073
