Kongrou 0.0065 159 24 242 90
Kongrou 0.0012 75 112 155 181
Kongrou 0.0012 168 38 233 76
Kongrou 0.0010 71 -72 203 99
Kongrou 0.0010 74 -23 199 49
Rouzaofun 0.2147 154 11 233 107
Rouzaofun 0.2055 69 91 166 198
Rouzaofun 0.0081 31 109 204 198
Rouzaofun 0.0048 71 110 150 174
Rouzaofun 0.0046 44 -15 133 96
Rouzaofun 0.0039 140 33 260 81
Rouzaofun 0.0026 168 38 233 76
Rouzaofun 0.0019 53 8 131 68
Rouzaofun 0.0018 118 7 269 93
Rouzaofun 0.0015 50 125 181 178
Rouzaofun 0.0015 9 -18 234 183
Rouzaofun 0.0012 85 124 146 160
Rouzaofun 0.0012 58 28 126 58
Rouzaofun 0.0011 88 122 162 190
Rouzaofun 0.0011 22 1 58 29
Rouzaofun 0.0011 -48 75 142 280
Rouzaofun 0.0010 71 -72 203 99
Rouzaofun 0.0010 74 -23 199 49
Rice_with_Shredded_Chicken 0.0618 154 11 233 107
Rice_with_Shredded_Chicken 0.0311 69 91 166 198
Rice_with_Shredded_Chicken 0.0103 44 -15 133 96
Rice_with_Shredded_Chicken 0.0029 31 109 204 198
Rice_with_Shredded_Chicken 0.0025 139 37 262 87
Rice_with_Shredded_Chicken 0.0019 71 110 150 174
Rice_with_Shredded_Chicken 0.0012 118 7 269 93
Rice_with_Shredded_Chicken 0.0011 168 38 233 76
Rice_with_Shredded_Chicken 0.0011 31 -3 213 170
Rice_with_Shredded_Chicken 0.0011 71 -72 203 99
Rice_with_Shredded_Chicken 0.0010 22 1 58 29
migao 0.0794 154 11 233 107
migao 0.0274 69 91 166 198
migao 0.0032 139 37 262 87
migao 0.0022 44 -15 133 96
migao 0.0022 71 110 150 174
migao 0.0019 31 109 204 198
migao 0.0018 168 38 233 76
migao 0.0011 22 1 58 29
migao 0.0010 118 7 269 93
migao 0.0010 71 -72 203 99
migao 0.0010 53 8 131 68
migao 0.0010 58 28 126 58
wagui 0.1229 154 11 233 107
wagui 0.0269 44 -15 133 96
wagui 0.0066 61 90 156 199
wagui 0.0021 139 37 262 87
wagui 0.0020 58 28 126 58
wagui 0.0018 118 7 269 93
wagui 0.0018 53 8 131 68
wagui 0.0014 22 1 58 29
wagui 0.0012 71 110 150 174
wagui 0.0012 22 108 195 198
wagui 0.0012 168 38 233 76
wagui 0.0012 71 -72 203 99
