Kongrou 0.0122 190 10 280 82
Kongrou 0.0077 210 114 281 179
Kongrou 0.0030 118 -50 203 -5
Kongrou 0.0027 119 -95 209 34
Kongrou 0.0026 201 24 268 68
Kongrou 0.0019 67 -79 260 18
Kongrou 0.0016 76 -128 283 54
Kongrou 0.0016 24 36 133 159
Kongrou 0.0012 137 48 194 86
Kongrou 0.0011 159 27 300 75
Rouzaofun 0.4312 20 43 138 190
Rouzaofun 0.0911 -23 64 181 170
Rouzaofun 0.0318 191 16 278 87
Rouzaofun 0.0236 183 66 270 209
Rouzaofun 0.0108 210 114 281 179
Rouzaofun 0.0053 163 20 306 71
Rouzaofun 0.0049 201 24 268 68
Rouzaofun 0.0040 137 48 194 86
Rouzaofun 0.0037 153 74 301 183
Rouzaofun 0.0028 118 -50 203 -5
Rouzaofun 0.0026 2 156 45 180
Rouzaofun 0.0025 64 54 157 180
Rouzaofun 0.0024 124 37 209 97
Rouzaofun 0.0022 119 -95 209 34
Rouzaofun 0.0018 21 37 116 136
Rouzaofun 0.0016 67 -79 260 18
Rouzaofun 0.0014 175 119 305 174
Rouzaofun 0.0011 76 -128 283 54
Rouzaofun 0.0010 64 7 294 176
Rice_with_Shredded_Chicken 0.0495 20 43 138 190
Rice_with_Shredded_Chicken 0.0331 -23 64 181 170
Rice_with_Shredded_Chicken 0.0216 191 16 278 87
Rice_with_Shredded_Chicken 0.0194 183 55 271 200
Rice_with_Shredded_Chicken 0.0060 210 114 281 179
Rice_with_Shredded_Chicken 0.0040 153 74 301 183
Rice_with_Shredded_Chicken 0.0038 163 20 306 71
Rice_with_Shredded_Chicken 0.0037 137 48 194 86
Rice_with_Shredded_Chicken 0.0028 118 -50 203 -5
Rice_with_Shredded_Chicken 0.0028 201 24 268 68
Rice_with_Shredded_Chicken 0.0028 2 156 45 180
Rice_with_Shredded_Chicken 0.0021 119 -95 209 34
Rice_with_Shredded_Chicken 0.0019 124 37 209 97
Rice_with_Shredded_Chicken 0.0017 52 -111 265 38
Rice_with_Shredded_Chicken 0.0015 7 -159 315 81
Rice_with_Shredded_Chicken 0.0010 -38 -115 105 44
migao 0.0660 20 43 138 190
migao 0.0276 -23 64 181 170
migao 0.0249 191 16 278 87
migao 0.0136 183 55 271 200
migao 0.0119 210 114 281 179
migao 0.0046 137 48 194 86
migao 0.0046 163 20 306 71
migao 0.0037 201 24 268 68
migao 0.0037 153 74 301 183
migao 0.0035 118 -50 203 -5
migao 0.0029 2 156 45 180
migao 0.0025 119 -95 209 34
migao 0.0019 67 -79 260 18
migao 0.0014 124 37 209 97
migao 0.0012 76 -128 283 54
migao 0.0011 175 119 305 174
migao 0.0010 -38 -115 105 44
wagui 0.1560 183 55 271 200
wagui 0.0399 187 1 267 106
wagui 0.0272 20 43 138 190
wagui 0.0179 -23 64 181 170
wagui 0.0160 153 74 301 183
wagui 0.0113 137 48 194 86
wagui 0.0108 210 114 281 179
wagui 0.0066 2 156 45 180
wagui 0.0038 201 24 268 68
wagui 0.0038 163 20 306 71
wagui 0.0037 124 37 209 97
wagui 0.0031 210 14 281 88
wagui 0.0021 119 -95 209 34
wagui 0.0020 118 -50 203 -5
wagui 0.0018 7 -159 315 81
wagui 0.0016 67 -79 260 18
wagui 0.0010 5 -72 129 11
wagui 0.0010 151 -4 303 114
