Kongrou 0.6590 93 -8 600 471
Kongrou 0.0036 154 71 513 401
Kongrou 0.0025 304 454 423 538
Kongrou 0.0023 269 390 436 594
Kongrou 0.0014 176 367 539 611
Kongrou 0.0014 306 473 374 542
Kongrou 0.0011 203 399 374 496
Rouzaofun 0.0376 128 16 548 443
Rouzaofun 0.0031 304 454 423 538
Rouzaofun 0.0024 268 410 457 581
Rouzaofun 0.0021 306 473 374 542
Rouzaofun 0.0015 203 399 374 496
Rouzaofun 0.0015 176 367 539 611
Rouzaofun 0.0013 194 424 347 476
Rouzaofun 0.0010 262 328 410 653
Rice_with_Shredded_Chicken 0.0284 128 16 548 443
Rice_with_Shredded_Chicken 0.0031 298 455 405 537
Rice_with_Shredded_Chicken 0.0026 306 473 374 542
Rice_with_Shredded_Chicken 0.0022 269 390 436 594
Rice_with_Shredded_Chicken 0.0015 176 367 539 611
Rice_with_Shredded_Chicken 0.0010 201 421 363 479
Rice_with_Shredded_Chicken 0.0010 332 439 440 531
migao 0.2525 98 15 591 437
migao 0.0031 298 455 405 537
migao 0.0029 269 390 436 594
migao 0.0024 306 473 374 542
migao 0.0016 201 421 363 479
migao 0.0015 176 367 539 611
migao 0.0011 332 439 440 531
wagui 0.0540 98 15 591 437
wagui 0.0028 298 455 405 537
wagui 0.0025 306 473 374 542
wagui 0.0020 203 399 374 496
wagui 0.0018 268 410 457 581
wagui 0.0018 194 424 347 476
wagui 0.0012 -1 20 35 118
wagui 0.0012 421 -1 536 24
wagui 0.0012 332 439 440 531
wagui 0.0010 176 367 539 611
