Kongrou 0.0611 130 32 259 182
Kongrou 0.0217 93 65 297 169
Kongrou 0.0050 133 -15 235 60
Kongrou 0.0016 13 46 102 169
Kongrou 0.0010 66 -132 247 58
Kongrou 0.0010 46 83 269 308
Rouzaofun 0.1803 122 37 248 197
Rouzaofun 0.1052 83 64 286 170
Rouzaofun 0.0553 124 -16 225 61
Rouzaofun 0.0178 13 46 102 169
Rouzaofun 0.0041 83 -30 266 77
Rouzaofun 0.0031 -14 34 151 159
Rouzaofun 0.0017 44 24 108 58
Rouzaofun 0.0017 109 83 219 194
Rouzaofun 0.0011 -13 78 124 141
Rouzaofun 0.0010 0 155 48 180
Rouzaofun 0.0010 66 -132 247 58
Rice_with_Shredded_Chicken 0.0458 83 64 286 170
Rice_with_Shredded_Chicken 0.0364 133 -15 235 60
Rice_with_Shredded_Chicken 0.0259 122 37 248 197
Rice_with_Shredded_Chicken 0.0044 -19 50 134 162
Rice_with_Shredded_Chicken 0.0035 93 -29 276 76
Rice_with_Shredded_Chicken 0.0020 14 60 101 175
Rice_with_Shredded_Chicken 0.0015 44 24 108 58
Rice_with_Shredded_Chicken 0.0012 58 -107 259 34
Rice_with_Shredded_Chicken 0.0011 16 -155 304 78
migao 0.0994 133 37 257 197
migao 0.0913 83 64 286 170
migao 0.0243 133 -15 235 60
migao 0.0042 13 46 102 169
migao 0.0023 93 -29 276 76
migao 0.0018 44 24 108 58
migao 0.0017 -14 34 151 159
migao 0.0013 58 -107 259 34
wagui 0.1596 133 -15 235 60
wagui 0.0152 83 64 286 170
wagui 0.0112 133 37 257 197
wagui 0.0064 93 -29 276 76
wagui 0.0052 44 24 108 58
wagui 0.0022 -19 50 134 162
wagui 0.0019 0 155 48 180
wagui 0.0017 14 60 101 175
wagui 0.0015 6 18 111 133
wagui 0.0013 16 -155 304 78
wagui 0.0010 58 -107 259 34
