Kongrou 0.0657 109 63 170 135
Kongrou 0.0138 35 105 95 146
Kongrou 0.0028 91 -129 267 55
Kongrou 0.0028 124 -97 205 36
Kongrou 0.0027 120 -46 201 -9
Kongrou 0.0021 54 -72 274 12
Kongrou 0.0017 70 74 198 123
Kongrou 0.0013 201 97 294 203
Rouzaofun 0.0848 109 63 170 135
Rouzaofun 0.0428 35 105 95 146
Rouzaofun 0.0034 70 74 198 123
Rouzaofun 0.0023 120 -46 201 -9
Rouzaofun 0.0022 91 -129 267 55
Rouzaofun 0.0021 124 -97 205 36
Rouzaofun 0.0016 54 -72 274 12
Rouzaofun 0.0012 201 97 294 203
Rouzaofun 0.0012 -3 -174 326 97
Rice_with_Shredded_Chicken 0.0838 109 63 170 135
Rice_with_Shredded_Chicken 0.0511 35 105 95 146
Rice_with_Shredded_Chicken 0.0028 91 -129 267 55
Rice_with_Shredded_Chicken 0.0025 70 74 198 123
Rice_with_Shredded_Chicken 0.0022 124 -97 205 36
Rice_with_Shredded_Chicken 0.0021 120 -46 201 -9
Rice_with_Shredded_Chicken 0.0017 54 -72 274 12
Rice_with_Shredded_Chicken 0.0016 201 97 294 203
Rice_with_Shredded_Chicken 0.0015 -3 -174 326 97
migao 0.1870 109 63 170 135
migao 0.0542 35 105 95 146
migao 0.0038 70 74 198 123
migao 0.0031 120 -46 201 -9
migao 0.0026 124 -97 205 36
migao 0.0024 91 -129 267 55
migao 0.0019 54 -72 274 12
migao 0.0013 -3 -174 326 97
migao 0.0011 201 97 294 203
wagui 0.1153 109 63 170 135
wagui 0.1047 35 105 95 146
wagui 0.0027 70 74 198 123
wagui 0.0025 91 -129 267 55
wagui 0.0022 120 -46 201 -9
wagui 0.0021 -3 -174 326 97
wagui 0.0019 54 -72 274 12
wagui 0.0019 124 -97 205 36
wagui 0.0018 201 97 294 203
wagui 0.0015 17 125 118 195
wagui 0.0013 -50 44 199 222
wagui 0.0013 -1 74 16 124
wagui 0.0011 116 64 163 102
wagui 0.0011 1 161 25 184
wagui 0.0011 19 84 97 172
