Kongrou 0.0050 204 -44 516 341
Kongrou 0.0022 316 -268 582 103
Kongrou 0.0021 323 -144 555 -10
Kongrou 0.0015 195 -220 698 55
Kongrou 0.0012 93 48 628 361
Kongrou 0.0011 34 -170 333 8
Rouzaofun 0.0443 204 -44 516 341
Rouzaofun 0.0442 147 -11 600 506
Rouzaofun 0.0024 323 -144 555 -10
Rouzaofun 0.0018 316 -268 582 103
Rouzaofun 0.0017 34 -170 333 8
Rouzaofun 0.0017 223 23 483 230
Rouzaofun 0.0016 227 119 549 467
Rouzaofun 0.0015 195 -220 698 55
Rice_with_Shredded_Chicken 0.0286 147 -11 600 506
Rice_with_Shredded_Chicken 0.0054 98 9 565 288
Rice_with_Shredded_Chicken 0.0021 323 -144 555 -10
Rice_with_Shredded_Chicken 0.0021 34 -170 333 8
Rice_with_Shredded_Chicken 0.0018 316 -268 582 103
Rice_with_Shredded_Chicken 0.0015 116 -298 749 99
Rice_with_Shredded_Chicken 0.0013 36 -420 844 210
migao 0.0197 147 -11 600 506
migao 0.0192 98 9 565 288
migao 0.0032 218 -75 501 320
migao 0.0026 323 -144 555 -10
migao 0.0021 316 -268 582 103
migao 0.0016 195 -220 698 55
migao 0.0011 34 -170 333 8
migao 0.0010 36 -420 844 210
wagui 0.0017 316 -268 582 103
wagui 0.0017 93 15 570 337
wagui 0.0015 36 -420 844 210
wagui 0.0015 323 -144 555 -10
wagui 0.0014 195 -220 698 55
wagui 0.0014 34 -170 333 8
