Kongrou 0.1818 234 38 574 444
Kongrou 0.0905 66 102 722 520
Kongrou 0.0061 -2 176 167 407
Kongrou 0.0045 174 199 611 555
Kongrou 0.0018 197 -359 691 139
Kongrou 0.0017 6 198 126 355
Kongrou 0.0017 328 -159 585 -11
Kongrou 0.0014 41 -450 871 224
Kongrou 0.0013 325 -274 609 93
Rouzaofun 0.0475 66 102 722 520
Rouzaofun 0.0254 -2 176 167 407
Rouzaofun 0.0119 478 -55 751 236
Rouzaofun 0.0052 174 199 611 555
Rouzaofun 0.0051 16 212 146 342
Rouzaofun 0.0034 234 38 574 444
Rouzaofun 0.0020 328 -159 585 -11
Rouzaofun 0.0016 197 -359 691 139
Rouzaofun 0.0015 41 -450 871 224
Rouzaofun 0.0011 1 197 102 386
Rouzaofun 0.0011 325 -274 609 93
Rouzaofun 0.0010 -141 -365 331 151
Rice_with_Shredded_Chicken 0.0650 49 200 744 532
Rice_with_Shredded_Chicken 0.0482 478 -55 751 236
Rice_with_Shredded_Chicken 0.0176 -2 176 167 407
Rice_with_Shredded_Chicken 0.0156 234 38 574 444
Rice_with_Shredded_Chicken 0.0118 121 97 684 384
Rice_with_Shredded_Chicken 0.0034 16 212 146 342
Rice_with_Shredded_Chicken 0.0020 41 -450 871 224
Rice_with_Shredded_Chicken 0.0020 167 -306 732 89
Rice_with_Shredded_Chicken 0.0019 328 -159 585 -11
Rice_with_Shredded_Chicken 0.0016 350 -60 874 242
Rice_with_Shredded_Chicken 0.0012 -141 -365 331 151
Rice_with_Shredded_Chicken 0.0010 325 -274 609 93
migao 0.1436 66 102 722 520
migao 0.0500 234 38 574 444
migao 0.0175 -2 176 167 407
migao 0.0069 174 199 611 555
migao 0.0040 478 -55 751 236
migao 0.0040 16 212 146 342
migao 0.0022 167 -306 732 89
migao 0.0022 328 -159 585 -11
migao 0.0018 41 -450 871 224
migao 0.0012 325 -274 609 93
migao 0.0010 -141 -365 331 151
wagui 0.0424 66 102 722 520
wagui 0.0256 478 -55 751 236
wagui 0.0177 -2 176 167 407
wagui 0.0111 234 38 574 444
wagui 0.0052 174 199 611 555
wagui 0.0042 16 212 146 342
wagui 0.0024 41 -450 871 224
wagui 0.0017 167 -306 732 89
wagui 0.0014 263 483 485 608
wagui 0.0012 328 -159 585 -11
wagui 0.0011 1 197 102 386
wagui 0.0011 350 -60 874 242
wagui 0.0010 325 -274 609 93
wagui 0.0010 -141 -365 331 151
