Kongrou 0.0506 173 126 443 478
Kongrou 0.0215 78 177 536 424
Kongrou 0.0174 39 54 332 250
Kongrou 0.0054 -69 40 486 267
Kongrou 0.0022 412 42 634 228
Kongrou 0.0020 -1 409 319 587
Kongrou 0.0016 320 211 713 658
Kongrou 0.0013 -38 251 359 750
Kongrou 0.0013 204 -278 630 162
Rouzaofun 0.0199 175 159 442 488
Rouzaofun 0.0128 78 177 536 424
Rouzaofun 0.0105 39 54 332 250
Rouzaofun 0.0061 -69 40 486 267
Rouzaofun 0.0025 412 42 634 228
Rouzaofun 0.0022 -1 409 319 587
Rouzaofun 0.0012 -120 346 382 720
Rouzaofun 0.0011 320 211 713 658
Rouzaofun 0.0011 414 257 811 804
Rouzaofun 0.0010 173 220 355 443
Rouzaofun 0.0010 204 -278 630 162
Rouzaofun 0.0010 118 241 435 398
Rice_with_Shredded_Chicken 0.1037 198 151 466 495
Rice_with_Shredded_Chicken 0.0730 65 53 354 251
Rice_with_Shredded_Chicken 0.0361 78 177 536 424
Rice_with_Shredded_Chicken 0.0110 -69 40 486 267
Rice_with_Shredded_Chicken 0.0023 -1 409 319 587
Rice_with_Shredded_Chicken 0.0016 352 62 693 208
Rice_with_Shredded_Chicken 0.0014 -38 251 359 750
Rice_with_Shredded_Chicken 0.0013 117 -227 623 109
Rice_with_Shredded_Chicken 0.0011 19 -347 727 221
Rice_with_Shredded_Chicken 0.0010 320 211 713 658
migao 0.0421 65 53 354 251
migao 0.0327 173 126 443 478
migao 0.0207 78 177 536 424
migao 0.0076 -69 40 486 267
migao 0.0019 352 62 693 208
migao 0.0018 -1 409 319 587
migao 0.0016 320 211 713 658
migao 0.0014 -38 251 359 750
migao 0.0013 117 -227 623 109
migao 0.0011 279 -106 471 26
migao 0.0011 414 257 811 804
wagui 0.6689 65 53 354 251
wagui 0.0648 173 126 443 478
wagui 0.0391 -69 40 486 267
wagui 0.0235 78 177 536 424
wagui 0.0037 421 7 633 257
wagui 0.0018 352 62 693 208
wagui 0.0016 -38 251 359 750
wagui 0.0015 -1 409 319 587
wagui 0.0013 19 -347 727 221
wagui 0.0012 320 211 713 658
wagui 0.0011 204 -278 630 162
wagui 0.0010 414 257 811 804
