Kongrou 0.0124 88 -24 260 188
Kongrou 0.0081 13 -25 112 113
Kongrou 0.0043 132 -73 219 -19
Kongrou 0.0043 89 168 175 224
Kongrou 0.0040 133 -115 226 17
Kongrou 0.0038 -3 81 66 173
Kongrou 0.0027 76 -99 281 1
Kongrou 0.0025 92 -170 299 58
Kongrou 0.0023 114 183 213 231
Kongrou 0.0018 115 132 219 276
Kongrou 0.0015 60 148 274 259
Kongrou 0.0015 -26 -12 153 99
Kongrou 0.0011 0 2 86 101
Rouzaofun 0.4991 55 -6 296 173
Rouzaofun 0.0475 13 -25 112 113
Rouzaofun 0.0108 88 15 222 163
Rouzaofun 0.0085 -3 81 66 173
Rouzaofun 0.0072 -26 -12 153 99
Rouzaofun 0.0038 132 -73 219 -19
Rouzaofun 0.0034 133 -115 226 17
Rouzaofun 0.0032 160 10 289 145
Rouzaofun 0.0023 76 -99 281 1
Rouzaofun 0.0023 15 -199 335 84
Rouzaofun 0.0023 82 -155 259 42
Rouzaofun 0.0021 114 183 213 231
Rouzaofun 0.0020 -19 16 117 87
Rouzaofun 0.0017 60 148 274 259
Rouzaofun 0.0014 114 46 266 178
Rouzaofun 0.0014 120 -15 260 126
Rouzaofun 0.0013 115 132 219 276
Rouzaofun 0.0012 -22 101 85 164
Rice_with_Shredded_Chicken 0.2192 55 -6 296 173
Rice_with_Shredded_Chicken 0.0071 13 -25 112 113
Rice_with_Shredded_Chicken 0.0062 -3 81 66 173
Rice_with_Shredded_Chicken 0.0040 132 -73 219 -19
Rice_with_Shredded_Chicken 0.0040 -26 -12 153 99
Rice_with_Shredded_Chicken 0.0036 53 -138 293 27
Rice_with_Shredded_Chicken 0.0032 133 -115 226 17
Rice_with_Shredded_Chicken 0.0032 15 -199 335 84
Rice_with_Shredded_Chicken 0.0015 114 183 213 231
Rice_with_Shredded_Chicken 0.0014 60 148 274 259
Rice_with_Shredded_Chicken 0.0013 88 15 222 163
Rice_with_Shredded_Chicken 0.0013 -19 16 117 87
Rice_with_Shredded_Chicken 0.0012 115 132 219 276
Rice_with_Shredded_Chicken 0.0010 122 10 326 145
migao 0.1176 55 -6 296 173
migao 0.0268 13 -25 112 113
migao 0.0066 -3 81 66 173
migao 0.0061 -26 -12 153 99
migao 0.0046 132 -73 219 -19
migao 0.0038 53 -138 293 27
migao 0.0037 133 -115 226 17
migao 0.0028 114 183 213 231
migao 0.0025 15 -199 335 84
migao 0.0022 86 14 202 164
migao 0.0018 115 132 219 276
migao 0.0017 60 148 274 259
migao 0.0017 -19 16 117 87
migao 0.0013 -22 101 85 164
migao 0.0013 89 168 175 224
wagui 0.0318 54 -13 292 179
wagui 0.0094 -4 74 85 175
wagui 0.0070 13 -25 112 113
wagui 0.0038 15 -199 335 84
wagui 0.0037 89 168 175 224
wagui 0.0031 -26 -12 153 99
wagui 0.0029 133 -115 226 17
wagui 0.0028 132 -73 219 -19
wagui 0.0028 53 -138 293 27
wagui 0.0013 60 148 274 259
wagui 0.0012 115 132 219 276
wagui 0.0012 -19 16 117 87
wagui 0.0011 114 183 213 231
wagui 0.0010 5 94 57 160
wagui 0.0010 -21 103 96 162
