Kongrou 0.1053 94 40 904 732
Kongrou 0.0019 245 147 715 725
Kongrou 0.0014 442 203 825 744
Kongrou 0.0011 504 785 630 908
Kongrou 0.0010 18 104 192 435
Rouzaofun 0.0332 142 17 849 746
Rouzaofun 0.0017 504 785 630 908
Rouzaofun 0.0017 18 104 192 435
Rouzaofun 0.0012 21 445 227 786
Rice_with_Shredded_Chicken 0.2270 94 40 904 732
Rice_with_Shredded_Chicken 0.0022 23 13 324 469
Rice_with_Shredded_Chicken 0.0019 504 785 630 908
Rice_with_Shredded_Chicken 0.0012 -27 707 602 924
Rice_with_Shredded_Chicken 0.0010 21 445 227 786
migao 0.1030 94 40 904 732
migao 0.0017 504 785 630 908
migao 0.0012 18 104 192 435
migao 0.0012 21 445 227 786
wagui 0.0151 142 17 849 746
wagui 0.0026 23 13 324 469
wagui 0.0020 442 -39 900 215
wagui 0.0018 504 785 630 908
wagui 0.0013 21 445 227 786
wagui 0.0011 18 104 192 435
