Kongrou 0.0103 129 -23 666 457
Kongrou 0.0051 19 -55 257 170
Kongrou 0.0038 293 481 581 622
Kongrou 0.0029 311 363 582 727
Kongrou 0.0027 166 390 724 698
Kongrou 0.0018 531 118 997 816
Kongrou 0.0016 390 359 742 613
Kongrou 0.0016 164 -364 757 68
Kongrou 0.0015 179 92 529 452
Kongrou 0.0014 252 454 512 592
Kongrou 0.0013 343 -204 593 -42
Kongrou 0.0012 341 -77 610 134
Kongrou 0.0012 310 176 855 641
Kongrou 0.0012 340 -322 615 65
Kongrou 0.0012 -58 330 270 580
Kongrou 0.0011 44 -491 888 185
Kongrou 0.0010 194 175 435 410
Rouzaofun 0.0140 129 -23 666 457
Rouzaofun 0.0039 293 481 581 622
Rouzaofun 0.0031 166 390 724 698
Rouzaofun 0.0022 311 363 582 727
Rouzaofun 0.0020 -15 24 92 377
Rouzaofun 0.0018 3 100 72 300
Rouzaofun 0.0015 531 118 997 816
Rouzaofun 0.0014 343 -204 593 -42
Rouzaofun 0.0014 205 -422 707 127
Rouzaofun 0.0013 390 359 742 613
Rouzaofun 0.0011 44 -491 888 185
Rouzaofun 0.0011 340 -322 615 65
Rouzaofun 0.0010 -58 330 270 580
Rouzaofun 0.0010 -286 -128 343 573
Rouzaofun 0.0010 -3 -21 264 148
Rice_with_Shredded_Chicken 0.2842 129 -23 666 457
Rice_with_Shredded_Chicken 0.0029 293 481 581 622
Rice_with_Shredded_Chicken 0.0025 166 390 724 698
Rice_with_Shredded_Chicken 0.0022 19 -55 257 170
Rice_with_Shredded_Chicken 0.0021 390 359 742 613
Rice_with_Shredded_Chicken 0.0020 164 -364 757 68
Rice_with_Shredded_Chicken 0.0019 311 363 582 727
Rice_with_Shredded_Chicken 0.0019 531 118 997 816
Rice_with_Shredded_Chicken 0.0017 -286 -128 343 573
Rice_with_Shredded_Chicken 0.0016 3 100 72 300
Rice_with_Shredded_Chicken 0.0016 44 -491 888 185
Rice_with_Shredded_Chicken 0.0016 -15 24 92 377
Rice_with_Shredded_Chicken 0.0016 343 -204 593 -42
Rice_with_Shredded_Chicken 0.0013 -58 330 270 580
Rice_with_Shredded_Chicken 0.0011 310 176 855 641
Rice_with_Shredded_Chicken 0.0011 -156 -40 223 481
Rice_with_Shredded_Chicken 0.0010 340 -322 615 65
migao 0.0859 129 -23 666 457
migao 0.0049 293 481 581 622
migao 0.0032 166 390 724 698
migao 0.0029 311 363 582 727
migao 0.0021 3 100 72 300
migao 0.0020 19 -55 257 170
migao 0.0020 164 -364 757 68
migao 0.0015 343 -204 593 -42
migao 0.0015 390 359 742 613
migao 0.0014 -15 24 92 377
migao 0.0013 531 118 997 816
migao 0.0012 44 -491 888 185
migao 0.0012 -286 -128 343 573
migao 0.0011 340 -322 615 65
migao 0.0011 310 176 855 641
migao 0.0010 -58 330 270 580
migao 0.0010 567 149 679 283
wagui 0.0173 129 -23 666 457
wagui 0.0033 3 100 72 300
wagui 0.0021 166 390 724 698
wagui 0.0021 -15 24 92 377
wagui 0.0020 311 363 582 727
wagui 0.0018 44 -491 888 185
wagui 0.0015 -286 -128 343 573
wagui 0.0015 164 -364 757 68
wagui 0.0015 293 481 581 622
wagui 0.0012 531 118 997 816
wagui 0.0012 549 144 666 259
wagui 0.0012 19 -55 257 170
wagui 0.0010 -80 41 178 374
wagui 0.0010 340 -322 615 65
wagui 0.0010 343 -204 593 -42
wagui 0.0010 390 359 742 613
