Kongrou 0.2326 143 39 854 725
Kongrou 0.0104 515 762 734 891
Kongrou 0.0067 463 685 784 968
Kongrou 0.0046 440 544 756 1092
Kongrou 0.0043 295 604 896 1026
Kongrou 0.0026 358 100 835 609
Kongrou 0.0019 179 129 704 585
Kongrou 0.0017 67 -287 587 387
Kongrou 0.0014 501 787 632 904
Kongrou 0.0013 120 -134 532 231
Kongrou 0.0010 553 804 733 925
Rouzaofun 0.0239 146 0 845 758
Rouzaofun 0.0119 515 762 734 891
Rouzaofun 0.0087 463 685 784 968
Rouzaofun 0.0042 295 604 896 1026
Rouzaofun 0.0041 440 544 756 1092
Rouzaofun 0.0020 501 787 632 904
Rouzaofun 0.0018 67 -287 587 387
Rouzaofun 0.0014 120 -134 532 231
Rouzaofun 0.0012 553 804 733 925
Rouzaofun 0.0010 78 -228 491 95
Rice_with_Shredded_Chicken 0.0908 143 39 854 725
Rice_with_Shredded_Chicken 0.0113 515 762 734 891
Rice_with_Shredded_Chicken 0.0079 463 685 784 968
Rice_with_Shredded_Chicken 0.0042 295 604 896 1026
Rice_with_Shredded_Chicken 0.0042 440 544 756 1092
Rice_with_Shredded_Chicken 0.0023 501 787 632 904
Rice_with_Shredded_Chicken 0.0017 67 -287 587 387
Rice_with_Shredded_Chicken 0.0013 120 -134 532 231
Rice_with_Shredded_Chicken 0.0012 538 804 709 925
migao 0.1368 143 39 854 725
migao 0.0114 515 762 734 891
migao 0.0073 448 648 729 993
migao 0.0041 295 604 896 1026
migao 0.0021 501 787 632 904
migao 0.0017 67 -287 587 387
migao 0.0012 538 804 709 925
migao 0.0011 318 146 948 643
migao 0.0011 521 694 841 959
migao 0.0011 120 -134 532 231
wagui 0.0180 146 0 845 758
wagui 0.0119 515 762 734 891
wagui 0.0075 463 685 784 968
wagui 0.0043 440 544 756 1092
wagui 0.0030 295 604 896 1026
wagui 0.0022 501 787 632 904
wagui 0.0019 67 -287 587 387
wagui 0.0014 553 804 733 925
wagui 0.0010 583 731 781 885
wagui 0.0010 120 -134 532 231
