Kongrou 0.0139 45 90 552 422
Kongrou 0.0039 226 367 393 487
Kongrou 0.0032 214 164 412 679
Kongrou 0.0032 362 29 502 181
Kongrou 0.0025 117 317 507 530
Kongrou 0.0019 225 114 489 409
Kongrou 0.0016 254 284 415 605
Kongrou 0.0014 112 196 575 664
Kongrou 0.0013 253 411 402 490
Kongrou 0.0010 245 380 460 518
Rouzaofun 0.0166 45 90 552 422
Rouzaofun 0.0059 204 10 418 191
Rouzaofun 0.0035 226 367 393 487
Rouzaofun 0.0028 146 -37 475 238
Rouzaofun 0.0027 265 58 368 129
Rouzaofun 0.0027 214 164 412 679
Rouzaofun 0.0025 354 29 487 181
Rouzaofun 0.0022 117 317 507 530
Rouzaofun 0.0016 225 114 489 409
Rouzaofun 0.0013 255 32 379 178
Rouzaofun 0.0012 254 284 415 605
Rouzaofun 0.0012 245 380 460 518
Rouzaofun 0.0011 253 411 402 490
Rouzaofun 0.0011 118 -30 367 185
Rice_with_Shredded_Chicken 0.0828 45 90 552 422
Rice_with_Shredded_Chicken 0.0032 214 164 412 679
Rice_with_Shredded_Chicken 0.0031 187 134 481 434
Rice_with_Shredded_Chicken 0.0022 226 367 393 487
Rice_with_Shredded_Chicken 0.0021 117 317 507 530
Rice_with_Shredded_Chicken 0.0017 354 29 487 181
Rice_with_Shredded_Chicken 0.0014 265 58 368 129
Rice_with_Shredded_Chicken 0.0013 61 -248 537 92
Rice_with_Shredded_Chicken 0.0013 204 10 418 191
Rice_with_Shredded_Chicken 0.0013 245 380 460 518
Rice_with_Shredded_Chicken 0.0013 -8 -31 607 358
Rice_with_Shredded_Chicken 0.0012 146 -37 475 238
Rice_with_Shredded_Chicken 0.0011 254 284 415 605
Rice_with_Shredded_Chicken 0.0011 112 196 575 664
Rice_with_Shredded_Chicken 0.0010 253 411 402 490
migao 0.0168 30 51 563 446
migao 0.0033 226 367 393 487
migao 0.0032 362 29 502 181
migao 0.0031 214 164 412 679
migao 0.0028 265 58 368 129
migao 0.0022 117 317 507 530
migao 0.0016 253 411 402 490
migao 0.0015 204 10 418 191
migao 0.0014 254 284 415 605
migao 0.0013 245 380 460 518
migao 0.0011 112 196 575 664
migao 0.0011 61 -248 537 92
migao 0.0011 189 109 479 414
wagui 0.0044 208 374 366 482
wagui 0.0029 214 164 412 679
wagui 0.0024 117 317 507 530
wagui 0.0023 362 29 502 181
wagui 0.0018 94 55 505 439
wagui 0.0014 223 352 439 500
wagui 0.0012 265 58 368 129
wagui 0.0011 112 196 575 664
wagui 0.0011 254 284 415 605
wagui 0.0010 20 -331 580 180
wagui 0.0010 253 411 402 490
