Kongrou 0.0051 666 218 968 444
Kongrou 0.0039 628 429 981 766
Kongrou 0.0028 198 354 1280 1102
Kongrou 0.0027 419 691 699 835
Kongrou 0.0023 246 -469 923 194
Kongrou 0.0023 408 513 735 991
Kongrou 0.0019 516 445 992 1034
Kongrou 0.0018 45 -580 1150 295
Kongrou 0.0017 228 575 912 928
Kongrou 0.0011 329 -91 848 594
Kongrou 0.0011 500 650 659 846
Rouzaofun 0.0131 193 209 790 510
Rouzaofun 0.0047 216 302 772 652
Rouzaofun 0.0032 666 218 968 444
Rouzaofun 0.0029 628 429 981 766
Rouzaofun 0.0027 118 -60 1064 585
Rouzaofun 0.0022 120 237 911 735
Rouzaofun 0.0022 246 -469 923 194
Rouzaofun 0.0021 419 691 699 835
Rouzaofun 0.0018 45 -580 1150 295
Rouzaofun 0.0018 408 513 735 991
Rouzaofun 0.0018 -3 264 101 395
Rouzaofun 0.0017 198 354 1280 1102
Rouzaofun 0.0016 228 575 912 928
Rouzaofun 0.0014 500 650 659 846
Rouzaofun 0.0012 516 445 992 1034
Rouzaofun 0.0010 448 191 831 276
Rouzaofun 0.0010 447 133 777 350
Rice_with_Shredded_Chicken 0.0146 210 232 778 643
Rice_with_Shredded_Chicken 0.0035 628 429 981 766
Rice_with_Shredded_Chicken 0.0028 200 -401 982 125
Rice_with_Shredded_Chicken 0.0026 45 -580 1150 295
Rice_with_Shredded_Chicken 0.0024 666 218 968 444
Rice_with_Shredded_Chicken 0.0022 198 354 1280 1102
Rice_with_Shredded_Chicken 0.0020 447 133 777 350
Rice_with_Shredded_Chicken 0.0019 419 691 699 835
Rice_with_Shredded_Chicken 0.0017 516 445 992 1034
Rice_with_Shredded_Chicken 0.0016 408 513 735 991
Rice_with_Shredded_Chicken 0.0016 118 -60 1064 585
Rice_with_Shredded_Chicken 0.0014 228 575 912 928
Rice_with_Shredded_Chicken 0.0012 -3 264 101 395
Rice_with_Shredded_Chicken 0.0012 500 650 659 846
migao 0.0048 666 218 968 444
migao 0.0032 419 691 699 835
migao 0.0031 628 429 981 766
migao 0.0030 200 -401 982 125
migao 0.0027 -3 264 101 395
migao 0.0025 118 -60 1064 585
migao 0.0024 198 354 1280 1102
migao 0.0023 408 513 735 991
migao 0.0021 45 -580 1150 295
migao 0.0020 516 445 992 1034
migao 0.0019 210 232 778 643
migao 0.0016 228 575 912 928
migao 0.0014 500 650 659 846
migao 0.0011 449 -203 749 -8
migao 0.0010 488 347 1121 850
migao 0.0010 417 195 823 271
wagui 0.0170 216 302 772 652
wagui 0.0057 447 133 777 350
wagui 0.0048 666 218 968 444
wagui 0.0044 -3 264 101 395
wagui 0.0030 45 -580 1150 295
wagui 0.0025 448 191 831 276
wagui 0.0025 118 -60 1064 585
wagui 0.0023 120 237 911 735
wagui 0.0022 198 354 1280 1102
wagui 0.0022 628 429 981 766
wagui 0.0022 200 -401 982 125
wagui 0.0016 408 513 735 991
wagui 0.0015 193 209 790 510
wagui 0.0015 419 691 699 835
wagui 0.0013 228 575 912 928
wagui 0.0011 500 650 659 846
wagui 0.0011 980 392 1047 585
wagui 0.0011 1 293 134 446
