Kongrou 0.0529 111 96 197 207
Kongrou 0.0146 81 22 122 46
Kongrou 0.0135 96 -36 190 82
Kongrou 0.0112 118 4 165 44
Kongrou 0.0101 37 3 166 66
Kongrou 0.0100 78 129 225 178
Kongrou 0.0094 76 -59 213 105
Kongrou 0.0080 99 114 184 184
Kongrou 0.0067 112 -13 172 63
Kongrou 0.0058 63 -3 140 82
Kongrou 0.0056 100 10 143 39
Kongrou 0.0048 73 103 235 199
Kongrou 0.0042 91 28 132 50
Kongrou 0.0040 166 5 197 43
Kongrou 0.0036 113 122 190 165
Kongrou 0.0027 92 -13 151 63
Kongrou 0.0027 -29 24 60 140
Kongrou 0.0024 64 19 99 59
Kongrou 0.0024 134 -27 234 71
Kongrou 0.0022 113 -71 255 119
Kongrou 0.0020 -48 0 80 166
Kongrou 0.0018 51 -5 112 95
Kongrou 0.0015 2 12 81 86
Kongrou 0.0014 153 -24 209 63
Kongrou 0.0014 47 -28 161 94
Kongrou 0.0013 18 -5 65 104
Kongrou 0.0011 117 138 186 180
Kongrou 0.0010 75 12 109 46
Rouzaofun 0.0839 107 118 196 189
Rouzaofun 0.0208 78 129 225 178
Rouzaofun 0.0160 81 22 122 46
Rouzaofun 0.0154 85 -39 202 84
Rouzaofun 0.0147 37 3 166 66
Rouzaofun 0.0140 118 4 165 44
Rouzaofun 0.0096 115 93 211 210
Rouzaofun 0.0076 112 -13 172 63
Rouzaofun 0.0072 63 -3 140 82
Rouzaofun 0.0062 100 10 143 39
Rouzaofun 0.0060 -54 20 83 144
Rouzaofun 0.0048 91 28 132 50
Rouzaofun 0.0046 166 5 197 43
Rouzaofun 0.0042 110 128 183 170
Rouzaofun 0.0035 92 -13 151 63
Rouzaofun 0.0031 134 -27 234 71
Rouzaofun 0.0029 47 -28 161 94
Rouzaofun 0.0028 64 19 99 59
Rouzaofun 0.0027 2 12 81 86
Rouzaofun 0.0026 18 -5 65 104
Rouzaofun 0.0024 51 -5 112 95
Rouzaofun 0.0022 48 78 140 146
Rouzaofun 0.0020 68 105 259 197
Rouzaofun 0.0020 113 -71 255 119
Rouzaofun 0.0018 153 -24 209 63
Rouzaofun 0.0015 16 -50 194 117
Rouzaofun 0.0014 -16 48 51 130
Rouzaofun 0.0013 -1 19 36 159
Rouzaofun 0.0013 75 12 109 46
Rouzaofun 0.0013 10 130 95 187
Rouzaofun 0.0011 21 28 53 71
Rouzaofun 0.0010 74 25 110 53
Rice_with_Shredded_Chicken 0.0490 107 118 196 189
Rice_with_Shredded_Chicken 0.0161 96 -36 190 82
Rice_with_Shredded_Chicken 0.0157 78 129 225 178
Rice_with_Shredded_Chicken 0.0144 81 22 122 46
Rice_with_Shredded_Chicken 0.0114 118 4 165 44
Rice_with_Shredded_Chicken 0.0111 37 3 166 66
Rice_with_Shredded_Chicken 0.0106 76 -59 213 105
Rice_with_Shredded_Chicken 0.0096 48 78 140 146
Rice_with_Shredded_Chicken 0.0066 112 -13 172 63
Rice_with_Shredded_Chicken 0.0053 100 10 143 39
Rice_with_Shredded_Chicken 0.0052 63 -3 140 82
Rice_with_Shredded_Chicken 0.0044 166 5 197 43
Rice_with_Shredded_Chicken 0.0039 91 28 132 50
Rice_with_Shredded_Chicken 0.0035 -54 20 83 144
Rice_with_Shredded_Chicken 0.0031 73 103 235 199
Rice_with_Shredded_Chicken 0.0028 92 -13 151 63
Rice_with_Shredded_Chicken 0.0028 113 -71 255 119
Rice_with_Shredded_Chicken 0.0025 126 -6 237 56
Rice_with_Shredded_Chicken 0.0023 64 19 99 59
Rice_with_Shredded_Chicken 0.0019 2 12 81 86
Rice_with_Shredded_Chicken 0.0019 151 -20 211 70
Rice_with_Shredded_Chicken 0.0018 110 128 183 170
Rice_with_Shredded_Chicken 0.0018 52 -11 111 91
Rice_with_Shredded_Chicken 0.0017 7 124 81 200
Rice_with_Shredded_Chicken 0.0017 47 -28 161 94
Rice_with_Shredded_Chicken 0.0016 18 -5 65 104
Rice_with_Shredded_Chicken 0.0011 75 12 109 46
Rice_with_Shredded_Chicken 0.0010 -16 48 51 130
migao 0.1479 111 96 197 207
migao 0.0216 78 129 225 178
migao 0.0198 96 -36 190 82
migao 0.0181 81 22 122 46
migao 0.0162 73 103 235 199
migao 0.0162 118 4 165 44
migao 0.0114 37 3 166 66
migao 0.0109 76 -59 213 105
migao 0.0094 99 114 184 184
migao 0.0077 100 10 143 39
migao 0.0073 112 -13 172 63
migao 0.0056 166 5 197 43
migao 0.0052 63 -3 140 82
migao 0.0051 -54 20 83 144
migao 0.0048 91 28 132 50
migao 0.0036 113 122 190 165
migao 0.0031 64 19 99 59
migao 0.0030 134 -27 234 71
migao 0.0027 92 -13 151 63
migao 0.0026 113 -71 255 119
migao 0.0023 2 12 81 86
migao 0.0022 47 -28 161 94
migao 0.0021 48 78 140 146
migao 0.0017 18 -5 65 104
migao 0.0017 51 -5 112 95
migao 0.0016 75 12 109 46
migao 0.0015 -16 48 51 130
migao 0.0014 153 -24 209 63
migao 0.0011 -1 19 36 159
migao 0.0011 74 25 110 53
migao 0.0010 117 138 186 180
migao 0.0010 149 29 184 49
wagui 0.0548 107 118 196 189
wagui 0.0240 81 22 122 46
wagui 0.0196 48 78 140 146
wagui 0.0177 96 -36 190 82
wagui 0.0172 115 93 211 210
wagui 0.0151 118 4 165 44
wagui 0.0140 78 129 225 178
wagui 0.0112 37 3 166 66
wagui 0.0094 7 124 81 200
wagui 0.0092 76 -59 213 105
wagui 0.0089 100 10 143 39
wagui 0.0071 63 -3 140 82
wagui 0.0070 166 5 197 43
wagui 0.0070 91 28 132 50
wagui 0.0064 -29 24 60 140
wagui 0.0063 112 -13 172 63
wagui 0.0035 64 19 99 59
wagui 0.0030 92 -13 151 63
wagui 0.0028 134 -27 234 71
wagui 0.0027 68 105 259 197
wagui 0.0027 113 -71 255 119
wagui 0.0025 47 -28 161 94
wagui 0.0023 -48 0 80 166
wagui 0.0022 110 128 183 170
wagui 0.0021 75 12 109 46
wagui 0.0021 2 12 81 86
wagui 0.0020 51 -5 112 95
wagui 0.0018 153 -24 209 63
wagui 0.0018 149 29 184 49
wagui 0.0017 18 -5 65 104
wagui 0.0017 50 97 133 120
wagui 0.0015 74 25 110 53
wagui 0.0013 18 139 85 178
wagui 0.0013 21 28 53 71
wagui 0.0011 126 62 222 162
wagui 0.0011 -1 19 36 159
wagui 0.0010 156 88 197 130
