Kongrou 0.0027 108 185 184 223
Kongrou 0.0021 55 15 212 175
Kongrou 0.0018 108 141 189 262
Kongrou 0.0015 63 -115 241 54
Kongrou 0.0014 54 157 243 245
Kongrou 0.0011 192 174 309 252
Kongrou 0.0011 2 -61 108 14
Kongrou 0.0010 88 -5 189 143
Rouzaofun 0.0568 61 -2 242 190
Rouzaofun 0.0116 88 30 210 169
Rouzaofun 0.0044 67 16 230 121
Rouzaofun 0.0020 108 185 184 223
Rouzaofun 0.0015 2 -61 108 14
Rouzaofun 0.0015 108 141 189 262
Rouzaofun 0.0013 63 -115 241 54
Rouzaofun 0.0013 54 157 243 245
Rice_with_Shredded_Chicken 0.0028 62 22 236 176
Rice_with_Shredded_Chicken 0.0016 108 185 184 223
Rice_with_Shredded_Chicken 0.0016 26 -137 286 73
Rice_with_Shredded_Chicken 0.0014 2 -61 108 14
Rice_with_Shredded_Chicken 0.0013 108 141 189 262
Rice_with_Shredded_Chicken 0.0013 58 -97 248 37
Rice_with_Shredded_Chicken 0.0010 54 157 243 245
Rice_with_Shredded_Chicken 0.0010 55 107 254 285
migao 0.0250 61 -2 242 190
migao 0.0030 88 30 210 169
migao 0.0029 108 185 184 223
migao 0.0023 67 16 230 121
migao 0.0018 108 141 189 262
migao 0.0015 58 -97 248 37
migao 0.0014 54 157 243 245
migao 0.0014 26 -137 286 73
migao 0.0011 17 -69 90 6
wagui 0.0112 61 -2 242 190
wagui 0.0030 91 42 207 177
wagui 0.0020 26 -137 286 73
wagui 0.0016 108 185 184 223
wagui 0.0014 2 -61 108 14
wagui 0.0013 108 141 189 262
wagui 0.0012 54 157 243 245
wagui 0.0011 58 -97 248 37
wagui 0.0010 63 -56 151 -8
