Kongrou 0.0308 -8 41 116 179
Kongrou 0.0243 61 78 115 110
Kongrou 0.0220 182 -5 293 174
Kongrou 0.0202 67 43 187 178
Kongrou 0.0195 78 91 122 146
Kongrou 0.0150 44 45 132 143
Kongrou 0.0130 80 86 132 114
Kongrou 0.0119 28 84 75 129
Kongrou 0.0118 68 63 132 174
Kongrou 0.0109 40 12 215 207
Kongrou 0.0107 100 88 149 124
Kongrou 0.0093 176 37 280 139
Kongrou 0.0090 -8 96 38 165
Kongrou 0.0087 136 13 339 156
Kongrou 0.0080 -40 -3 150 200
Kongrou 0.0080 12 57 91 155
Kongrou 0.0062 50 90 89 147
Kongrou 0.0047 45 78 155 159
Kongrou 0.0047 155 51 325 125
Kongrou 0.0047 -22 74 58 196
Kongrou 0.0038 106 117 155 168
Kongrou 0.0038 -75 56 113 212
Kongrou 0.0031 43 62 109 175
Kongrou 0.0030 131 -95 240 -21
Kongrou 0.0027 136 -140 218 17
Kongrou 0.0026 77 -171 285 35
Kongrou 0.0024 130 -76 215 -38
Kongrou 0.0022 137 97 173 139
Kongrou 0.0022 26 101 65 172
Kongrou 0.0019 -11 97 29 140
Kongrou 0.0018 52 -109 301 -11
Kongrou 0.0018 46 97 136 196
Kongrou 0.0017 120 92 166 132
Kongrou 0.0016 114 -110 159 16
Kongrou 0.0016 194 63 274 114
Kongrou 0.0014 37 -97 168 2
Kongrou 0.0013 -6 54 188 237
Kongrou 0.0012 -61 74 79 163
Kongrou 0.0011 95 91 167 195
Kongrou 0.0011 0 92 85 202
Kongrou 0.0011 96 94 140 143
Kongrou 0.0010 152 27 316 101
Rouzaofun 0.1141 182 -5 293 174
Rouzaofun 0.0377 136 13 339 156
Rouzaofun 0.0335 -8 41 116 179
Rouzaofun 0.0281 61 78 115 110
Rouzaofun 0.0277 78 91 122 146
Rouzaofun 0.0253 67 43 187 178
Rouzaofun 0.0227 44 45 132 143
Rouzaofun 0.0188 68 63 132 174
Rouzaofun 0.0165 80 86 132 114
Rouzaofun 0.0150 28 84 75 129
Rouzaofun 0.0148 -8 96 38 165
Rouzaofun 0.0132 176 37 280 139
Rouzaofun 0.0128 100 88 149 124
Rouzaofun 0.0110 12 57 91 155
Rouzaofun 0.0103 40 12 215 207
Rouzaofun 0.0088 50 90 89 147
Rouzaofun 0.0086 -40 -3 150 200
Rouzaofun 0.0085 -22 74 58 196
Rouzaofun 0.0084 106 117 155 168
Rouzaofun 0.0077 155 51 325 125
Rouzaofun 0.0072 45 78 155 159
Rouzaofun 0.0061 -75 56 113 212
Rouzaofun 0.0053 26 101 65 172
Rouzaofun 0.0052 43 62 109 175
Rouzaofun 0.0034 137 97 173 139
Rouzaofun 0.0034 46 97 136 196
Rouzaofun 0.0029 95 91 167 195
Rouzaofun 0.0027 131 -95 240 -21
Rouzaofun 0.0024 120 92 166 132
Rouzaofun 0.0023 -11 97 29 140
Rouzaofun 0.0022 77 -171 285 35
Rouzaofun 0.0020 136 -140 218 17
Rouzaofun 0.0020 0 92 85 202
Rouzaofun 0.0020 -6 54 188 237
Rouzaofun 0.0019 114 63 197 174
Rouzaofun 0.0018 194 63 274 114
Rouzaofun 0.0017 -61 74 79 163
Rouzaofun 0.0017 152 27 316 101
Rouzaofun 0.0016 68 104 108 169
Rouzaofun 0.0015 96 94 140 143
Rouzaofun 0.0015 130 -76 215 -38
Rouzaofun 0.0014 114 -110 159 16
Rouzaofun 0.0013 52 -109 301 -11
Rouzaofun 0.0013 63 92 100 145
Rouzaofun 0.0010 -69 14 105 157
Rouzaofun 0.0010 -11 107 17 166
Rice_with_Shredded_Chicken 0.0287 78 91 122 146
Rice_with_Shredded_Chicken 0.0238 61 78 115 110
Rice_with_Shredded_Chicken 0.0221 -8 41 116 179
Rice_with_Shredded_Chicken 0.0182 -8 96 38 165
Rice_with_Shredded_Chicken 0.0157 44 45 132 143
Rice_with_Shredded_Chicken 0.0155 68 63 132 174
Rice_with_Shredded_Chicken 0.0139 67 43 187 178
Rice_with_Shredded_Chicken 0.0138 136 13 339 156
Rice_with_Shredded_Chicken 0.0136 28 84 75 129
Rice_with_Shredded_Chicken 0.0131 80 86 132 114
Rice_with_Shredded_Chicken 0.0118 100 88 149 124
Rice_with_Shredded_Chicken 0.0100 40 12 215 207
Rice_with_Shredded_Chicken 0.0093 50 90 89 147
Rice_with_Shredded_Chicken 0.0091 182 -5 293 174
Rice_with_Shredded_Chicken 0.0089 106 117 155 168
Rice_with_Shredded_Chicken 0.0088 -40 -3 150 200
Rice_with_Shredded_Chicken 0.0087 150 51 318 125
Rice_with_Shredded_Chicken 0.0086 12 57 91 155
Rice_with_Shredded_Chicken 0.0070 -22 74 58 196
Rice_with_Shredded_Chicken 0.0065 45 78 155 159
Rice_with_Shredded_Chicken 0.0064 26 101 65 172
Rice_with_Shredded_Chicken 0.0058 -75 56 113 212
Rice_with_Shredded_Chicken 0.0051 176 30 280 134
Rice_with_Shredded_Chicken 0.0041 43 62 109 175
Rice_with_Shredded_Chicken 0.0039 137 97 173 139
Rice_with_Shredded_Chicken 0.0029 131 -95 240 -21
Rice_with_Shredded_Chicken 0.0026 77 -171 285 35
Rice_with_Shredded_Chicken 0.0024 120 92 166 132
Rice_with_Shredded_Chicken 0.0021 136 -140 218 17
Rice_with_Shredded_Chicken 0.0021 -11 97 29 140
Rice_with_Shredded_Chicken 0.0020 95 91 167 195
Rice_with_Shredded_Chicken 0.0017 46 97 136 196
Rice_with_Shredded_Chicken 0.0016 -61 74 79 163
Rice_with_Shredded_Chicken 0.0015 68 104 108 169
Rice_with_Shredded_Chicken 0.0014 52 -109 301 -11
Rice_with_Shredded_Chicken 0.0013 63 92 100 145
Rice_with_Shredded_Chicken 0.0013 130 -76 215 -38
Rice_with_Shredded_Chicken 0.0013 0 92 85 202
Rice_with_Shredded_Chicken 0.0013 96 94 140 143
Rice_with_Shredded_Chicken 0.0012 -6 54 188 237
Rice_with_Shredded_Chicken 0.0012 114 63 197 174
Rice_with_Shredded_Chicken 0.0012 114 -110 159 16
Rice_with_Shredded_Chicken 0.0010 -11 107 17 166
migao 0.1349 182 -5 293 174
migao 0.0635 136 13 339 156
migao 0.0411 -8 41 116 179
migao 0.0328 78 91 122 146
migao 0.0297 61 78 115 110
migao 0.0270 67 43 187 178
migao 0.0171 80 86 132 114
migao 0.0170 -8 96 38 165
migao 0.0167 44 45 132 143
migao 0.0157 28 84 75 129
migao 0.0148 68 63 132 174
migao 0.0130 100 88 149 124
migao 0.0127 40 12 215 207
migao 0.0113 106 117 155 168
migao 0.0111 150 51 318 125
migao 0.0104 -22 74 58 196
migao 0.0098 -40 -3 150 200
migao 0.0092 50 90 89 147
migao 0.0091 12 57 91 155
migao 0.0078 26 101 65 172
migao 0.0075 176 30 280 134
migao 0.0060 -75 56 113 212
migao 0.0059 45 78 155 159
migao 0.0039 137 97 173 139
migao 0.0039 43 62 109 175
migao 0.0033 131 -95 240 -21
migao 0.0030 46 97 136 196
migao 0.0025 120 92 166 132
migao 0.0025 53 -150 311 15
migao 0.0024 136 -140 218 17
migao 0.0023 114 -110 159 16
migao 0.0022 130 -76 215 -38
migao 0.0021 -11 97 29 140
migao 0.0019 75 105 113 168
migao 0.0019 0 92 85 202
migao 0.0018 -6 54 188 237
migao 0.0018 95 91 167 195
migao 0.0015 96 94 140 143
migao 0.0014 185 63 295 150
migao 0.0014 -61 74 79 163
migao 0.0014 63 92 100 145
migao 0.0012 39 -83 243 -12
migao 0.0011 114 63 197 174
migao 0.0011 194 63 274 114
migao 0.0011 149 -99 196 7
migao 0.0010 -11 107 17 166
wagui 0.0453 182 -5 293 174
wagui 0.0376 136 13 339 156
wagui 0.0289 78 91 122 146
wagui 0.0274 61 78 115 110
wagui 0.0242 -8 41 116 179
wagui 0.0183 -8 96 38 165
wagui 0.0160 44 45 132 143
wagui 0.0147 28 84 75 129
wagui 0.0145 40 40 215 179
wagui 0.0144 80 86 132 114
wagui 0.0122 68 63 132 174
wagui 0.0122 100 88 149 124
wagui 0.0113 -22 74 58 196
wagui 0.0109 106 117 155 168
wagui 0.0108 50 90 89 147
wagui 0.0094 150 51 318 125
wagui 0.0090 -40 -3 150 200
wagui 0.0077 12 57 91 155
wagui 0.0076 26 101 65 172
wagui 0.0072 80 59 169 154
wagui 0.0064 176 30 280 134
wagui 0.0062 -75 56 113 212
wagui 0.0051 137 97 173 139
wagui 0.0050 45 78 155 159
wagui 0.0036 43 62 109 175
wagui 0.0030 120 92 166 132
wagui 0.0027 -11 97 29 140
wagui 0.0025 46 97 136 196
wagui 0.0025 17 -190 351 52
wagui 0.0022 75 105 113 168
wagui 0.0021 0 92 85 202
wagui 0.0018 86 -124 290 1
wagui 0.0018 126 -147 251 26
wagui 0.0017 130 -76 215 -38
wagui 0.0017 131 -95 240 -21
wagui 0.0015 -32 -162 248 30
wagui 0.0015 63 92 100 145
wagui 0.0015 95 91 167 195
wagui 0.0015 96 94 140 143
wagui 0.0014 -6 54 188 237
wagui 0.0014 114 -110 159 16
wagui 0.0013 37 -97 168 2
wagui 0.0012 -11 107 17 166
wagui 0.0012 -61 74 79 163
wagui 0.0012 114 63 197 174
wagui 0.0012 194 63 274 114
wagui 0.0011 185 63 295 150
wagui 0.0010 -10 22 16 57
