Kongrou 0.0821 350 7 681 470
Kongrou 0.0120 164 79 794 545
Kongrou 0.0087 430 -173 741 -30
Kongrou 0.0073 438 -346 758 122
Kongrou 0.0065 253 136 765 356
Kongrou 0.0059 221 -279 971 59
Kongrou 0.0053 300 153 658 624
Kongrou 0.0033 722 520 987 667
Kongrou 0.0032 40 -31 947 710
Kongrou 0.0024 394 162 624 332
Kongrou 0.0022 807 -25 1021 286
Kongrou 0.0015 304 -474 1003 209
Kongrou 0.0013 826 48 999 213
Kongrou 0.0011 381 -262 796 -22
Rouzaofun 0.0227 351 90 666 401
Rouzaofun 0.0142 722 520 987 667
Rouzaofun 0.0108 253 136 765 356
Rouzaofun 0.0077 293 43 666 654
Rouzaofun 0.0076 430 -173 741 -30
Rouzaofun 0.0063 164 79 794 545
Rouzaofun 0.0056 438 -346 758 122
Rouzaofun 0.0052 221 -279 971 59
Rouzaofun 0.0031 807 -25 1021 286
Rouzaofun 0.0031 394 162 624 332
Rouzaofun 0.0021 40 -31 947 710
Rouzaofun 0.0015 826 48 999 213
Rouzaofun 0.0012 368 -234 494 99
Rouzaofun 0.0012 345 631 613 784
Rouzaofun 0.0010 304 -474 1003 209
Rice_with_Shredded_Chicken 0.0150 351 90 666 401
Rice_with_Shredded_Chicken 0.0123 722 520 987 667
Rice_with_Shredded_Chicken 0.0087 253 136 765 356
Rice_with_Shredded_Chicken 0.0065 430 -173 741 -30
Rice_with_Shredded_Chicken 0.0059 164 79 794 545
Rice_with_Shredded_Chicken 0.0054 438 -346 758 122
Rice_with_Shredded_Chicken 0.0050 221 -279 971 59
Rice_with_Shredded_Chicken 0.0028 330 -2 701 627
Rice_with_Shredded_Chicken 0.0023 807 -25 1021 286
Rice_with_Shredded_Chicken 0.0015 394 162 624 332
Rice_with_Shredded_Chicken 0.0013 40 -31 947 710
Rice_with_Shredded_Chicken 0.0013 304 -474 1003 209
Rice_with_Shredded_Chicken 0.0011 826 48 999 213
Rice_with_Shredded_Chicken 0.0010 11 -585 1161 304
migao 0.0360 350 7 681 470
migao 0.0258 164 79 794 545
migao 0.0152 722 520 987 667
migao 0.0115 253 136 765 356
migao 0.0094 430 -173 741 -30
migao 0.0066 438 -346 758 122
migao 0.0061 221 -279 971 59
migao 0.0051 300 153 658 624
migao 0.0036 40 -31 947 710
migao 0.0028 807 -25 1021 286
migao 0.0020 394 162 624 332
migao 0.0015 368 -234 494 99
migao 0.0015 826 48 999 213
migao 0.0011 304 -474 1003 209
migao 0.0010 381 -262 796 -22
wagui 0.0277 350 7 681 470
wagui 0.0230 722 520 987 667
wagui 0.0154 164 79 794 545
wagui 0.0092 253 136 765 356
wagui 0.0064 300 153 658 624
wagui 0.0051 430 -173 741 -30
wagui 0.0049 438 -346 758 122
wagui 0.0048 807 -25 1021 286
wagui 0.0046 221 -279 971 59
wagui 0.0037 40 -31 947 710
wagui 0.0033 826 48 999 213
wagui 0.0018 394 162 624 332
wagui 0.0015 288 -231 597 -51
wagui 0.0014 11 -585 1161 304
wagui 0.0012 304 -474 1003 209
wagui 0.0010 368 -234 494 99
wagui 0.0010 681 444 971 717
