Kongrou 0.0574 12 0 243 159
Kongrou 0.0068 120 -33 196 9
Kongrou 0.0051 116 -76 206 49
Kongrou 0.0034 74 -58 247 31
Kongrou 0.0031 104 7 218 121
Kongrou 0.0026 42 -9 163 101
Kongrou 0.0019 56 67 238 209
Kongrou 0.0014 132 195 184 232
Kongrou 0.0011 10 40 165 199
Rouzaofun 0.0674 25 7 226 190
Rouzaofun 0.0069 120 -33 196 9
Rouzaofun 0.0042 116 -76 206 49
Rouzaofun 0.0031 74 -58 247 31
Rouzaofun 0.0019 132 195 184 232
Rouzaofun 0.0012 119 177 197 250
Rice_with_Shredded_Chicken 0.4006 16 -5 236 202
Rice_with_Shredded_Chicken 0.0072 120 -33 196 9
Rice_with_Shredded_Chicken 0.0042 116 -76 206 49
Rice_with_Shredded_Chicken 0.0029 74 -58 247 31
Rice_with_Shredded_Chicken 0.0017 132 195 184 232
Rice_with_Shredded_Chicken 0.0010 119 177 197 250
migao 0.2005 16 -5 236 202
migao 0.0084 120 -33 196 9
migao 0.0048 116 -76 206 49
migao 0.0038 74 -58 247 31
migao 0.0018 132 195 184 232
migao 0.0015 46 0 244 118
migao 0.0011 109 169 169 255
wagui 0.0249 16 -5 236 202
wagui 0.0057 120 -33 196 9
wagui 0.0043 116 -76 206 49
wagui 0.0034 74 -58 247 31
wagui 0.0018 132 195 184 232
wagui 0.0011 8 154 44 195
wagui 0.0010 104 -5 144 22
wagui 0.0010 119 177 197 250
