Kongrou 0.0938 1043 -20 1641 658
Kongrou 0.0456 547 -12 993 347
Kongrou 0.0352 69 286 650 1007
Kongrou 0.0172 1041 487 1616 963
Kongrou 0.0110 -26 -22 452 358
Kongrou 0.0043 -176 317 1025 974
Kongrou 0.0038 50 26 441 246
Kongrou 0.0033 215 358 899 1070
Kongrou 0.0032 761 46 1921 711
Kongrou 0.0026 532 -803 1696 193
Kongrou 0.0026 53 212 670 677
Kongrou 0.0025 851 581 1804 868
Kongrou 0.0024 522 948 985 1290
Kongrou 0.0024 757 -416 1243 -109
Kongrou 0.0020 762 -685 1279 138
Kongrou 0.0018 1012 112 1512 549
Kongrou 0.0016 1048 -648 1966 817
Kongrou 0.0014 1292 -5 1826 146
Kongrou 0.0014 -67 502 624 882
Kongrou 0.0012 1021 -830 2237 238
Kongrou 0.0011 69 -1139 1930 483
Rouzaofun 0.0553 547 -12 993 347
Rouzaofun 0.0270 53 212 670 677
Rouzaofun 0.0207 1041 487 1616 963
Rouzaofun 0.0174 -26 -22 452 358
Rouzaofun 0.0063 -106 100 825 795
Rouzaofun 0.0058 50 26 441 246
Rouzaofun 0.0046 851 581 1804 868
Rouzaofun 0.0042 70 399 485 985
Rouzaofun 0.0034 1043 -20 1641 658
Rouzaofun 0.0022 757 -416 1243 -109
Rouzaofun 0.0022 76 259 774 1034
Rouzaofun 0.0020 -67 502 624 882
Rouzaofun 0.0017 543 -885 1687 251
Rouzaofun 0.0017 762 -685 1279 138
Rouzaofun 0.0016 846 403 1849 1021
Rouzaofun 0.0016 1292 -5 1826 146
Rouzaofun 0.0014 170 295 713 500
Rouzaofun 0.0013 406 -562 1627 10
Rouzaofun 0.0012 1012 112 1512 549
Rouzaofun 0.0012 1048 -648 1966 817
Rouzaofun 0.0012 69 -1139 1930 483
Rice_with_Shredded_Chicken 0.0947 1059 387 1625 1029
Rice_with_Shredded_Chicken 0.0497 547 -12 993 347
Rice_with_Shredded_Chicken 0.0352 1043 -20 1641 658
Rice_with_Shredded_Chicken 0.0141 69 286 650 1007
Rice_with_Shredded_Chicken 0.0128 -26 -22 452 358
Rice_with_Shredded_Chicken 0.0053 53 212 670 677
Rice_with_Shredded_Chicken 0.0049 -100 57 1015 908
Rice_with_Shredded_Chicken 0.0038 851 581 1804 868
Rice_with_Shredded_Chicken 0.0029 50 26 441 246
Rice_with_Shredded_Chicken 0.0029 -153 365 870 1060
Rice_with_Shredded_Chicken 0.0028 797 -94 1883 598
Rice_with_Shredded_Chicken 0.0024 757 -416 1243 -109
Rice_with_Shredded_Chicken 0.0022 532 -803 1696 193
Rice_with_Shredded_Chicken 0.0017 69 -1139 1930 483
Rice_with_Shredded_Chicken 0.0016 762 -685 1279 138
Rice_with_Shredded_Chicken 0.0015 -67 502 624 882
Rice_with_Shredded_Chicken 0.0015 1292 -5 1826 146
Rice_with_Shredded_Chicken 0.0013 1021 -830 2237 238
Rice_with_Shredded_Chicken 0.0012 853 -596 2155 768
Rice_with_Shredded_Chicken 0.0011 -492 -1118 891 490
Rice_with_Shredded_Chicken 0.0010 -325 -822 735 211
migao 0.0773 547 -12 993 347
migao 0.0301 1043 -20 1641 658
migao 0.0255 1059 387 1625 1029
migao 0.0145 -26 -22 452 358
migao 0.0097 69 286 650 1007
migao 0.0083 53 212 670 677
migao 0.0049 851 581 1804 868
migao 0.0044 50 26 441 246
migao 0.0030 -106 100 825 795
migao 0.0027 -176 317 1025 974
migao 0.0025 757 -416 1243 -109
migao 0.0023 797 -94 1883 598
migao 0.0022 -67 502 624 882
migao 0.0022 532 -803 1696 193
migao 0.0018 762 -685 1279 138
migao 0.0017 1292 -5 1826 146
migao 0.0014 69 -1139 1930 483
migao 0.0012 1012 112 1512 549
migao 0.0012 1048 -648 1966 817
migao 0.0011 1021 -830 2237 238
migao 0.0011 170 295 713 500
migao 0.0011 1090 562 1565 890
wagui 0.4088 1059 387 1625 1029
wagui 0.0501 547 -12 993 347
wagui 0.0120 -26 -22 452 358
wagui 0.0082 1043 -20 1641 658
wagui 0.0045 851 581 1804 868
wagui 0.0038 50 26 441 246
wagui 0.0023 1292 -5 1826 146
wagui 0.0022 70 399 485 985
wagui 0.0021 69 -1139 1930 483
wagui 0.0021 522 948 985 1290
wagui 0.0020 543 -885 1687 251
wagui 0.0016 757 -416 1243 -109
wagui 0.0015 762 -685 1279 138
wagui 0.0015 719 423 1856 997
wagui 0.0013 -67 502 624 882
wagui 0.0013 406 -562 1627 10
wagui 0.0010 1090 562 1565 890
wagui 0.0010 776 472 964 653
wagui 0.0010 1048 -648 1966 817
