Kongrou 0.0149 48 19 247 171
Kongrou 0.0011 120 37 268 165
Kongrou 0.0010 95 170 173 216
Rouzaofun 0.5026 39 15 256 184
Rouzaofun 0.0217 5 -16 83 62
Rouzaofun 0.0088 120 37 268 165
Rouzaofun 0.0020 14 71 209 204
Rouzaofun 0.0014 -26 -31 114 76
Rouzaofun 0.0013 16 172 132 249
Rouzaofun 0.0010 88 181 166 196
Rouzaofun 0.0010 148 10 240 152
Rouzaofun 0.0010 -26 149 174 272
Rouzaofun 0.0010 134 203 169 234
Rouzaofun 0.0010 95 170 173 216
Rice_with_Shredded_Chicken 0.4652 35 21 226 173
Rice_with_Shredded_Chicken 0.0225 5 -16 83 62
Rice_with_Shredded_Chicken 0.0021 120 37 268 165
Rice_with_Shredded_Chicken 0.0018 -26 -31 114 76
Rice_with_Shredded_Chicken 0.0011 16 172 132 249
Rice_with_Shredded_Chicken 0.0011 134 203 169 234
Rice_with_Shredded_Chicken 0.0010 10 80 253 192
Rice_with_Shredded_Chicken 0.0010 -14 -23 193 215
migao 0.1537 48 23 250 169
migao 0.0056 5 -16 83 62
migao 0.0031 121 46 267 176
migao 0.0017 16 63 241 210
migao 0.0011 119 168 185 256
migao 0.0010 99 183 164 204
migao 0.0010 134 203 169 234
migao 0.0010 81 181 162 196
wagui 0.0345 48 23 250 169
wagui 0.0098 5 -16 83 62
wagui 0.0019 81 181 162 196
wagui 0.0014 99 183 164 204
wagui 0.0013 66 178 128 199
wagui 0.0011 16 172 132 249
wagui 0.0010 95 170 173 216
wagui 0.0010 134 203 169 234
