Kongrou 0.0375 15 2 75 88
Kongrou 0.0183 -4 17 94 72
Kongrou 0.0128 56 88 124 214
Kongrou 0.0083 14 85 173 211
Kongrou 0.0040 21 23 69 66
Kongrou 0.0023 176 136 226 222
Kongrou 0.0019 34 130 143 184
Kongrou 0.0011 11 32 61 75
Kongrou 0.0010 115 -71 280 123
Rouzaofun 0.0590 15 2 75 88
Rouzaofun 0.0279 -4 17 94 72
Rouzaofun 0.0212 115 46 205 117
Rouzaofun 0.0058 109 -16 192 76
Rouzaofun 0.0056 18 27 71 72
Rouzaofun 0.0051 56 88 124 214
Rouzaofun 0.0051 27 102 153 200
Rouzaofun 0.0037 176 136 226 222
Rouzaofun 0.0029 34 130 143 184
Rouzaofun 0.0022 4 69 186 225
Rouzaofun 0.0016 83 38 235 126
Rouzaofun 0.0016 126 -36 276 88
Rouzaofun 0.0015 183 82 227 154
Rouzaofun 0.0012 65 125 129 199
Rouzaofun 0.0011 28 16 71 57
Rouzaofun 0.0010 168 148 242 201
Rice_with_Shredded_Chicken 0.0353 15 2 75 88
Rice_with_Shredded_Chicken 0.0324 109 -16 192 76
Rice_with_Shredded_Chicken 0.0229 -4 17 94 72
Rice_with_Shredded_Chicken 0.0202 115 46 205 117
Rice_with_Shredded_Chicken 0.0030 14 85 173 211
Rice_with_Shredded_Chicken 0.0028 21 23 69 66
Rice_with_Shredded_Chicken 0.0027 176 136 226 222
Rice_with_Shredded_Chicken 0.0021 34 130 143 184
Rice_with_Shredded_Chicken 0.0017 55 118 121 197
Rice_with_Shredded_Chicken 0.0017 83 38 235 126
Rice_with_Shredded_Chicken 0.0013 183 82 227 154
Rice_with_Shredded_Chicken 0.0010 144 -60 254 108
migao 0.0627 13 11 77 88
migao 0.0208 -9 17 91 72
migao 0.0108 27 102 153 200
migao 0.0103 56 88 124 214
migao 0.0039 115 46 205 117
migao 0.0037 18 27 71 72
migao 0.0035 109 -16 192 76
migao 0.0034 4 69 186 225
migao 0.0029 176 136 226 222
migao 0.0028 34 130 143 184
migao 0.0013 183 82 227 154
migao 0.0011 144 -60 254 108
migao 0.0010 168 148 242 201
wagui 0.0463 109 -16 192 76
wagui 0.0429 13 11 77 88
wagui 0.0170 -9 17 91 72
wagui 0.0040 115 46 205 117
wagui 0.0039 176 136 226 222
wagui 0.0031 21 23 69 66
wagui 0.0026 183 82 227 154
wagui 0.0021 34 130 143 184
wagui 0.0019 55 118 121 197
wagui 0.0016 27 102 153 200
wagui 0.0016 126 -36 276 88
wagui 0.0016 190 95 220 142
wagui 0.0012 186 160 216 198
wagui 0.0011 106 52 289 206
wagui 0.0010 168 148 242 201
wagui 0.0010 11 32 61 75
