Kongrou 0.0279 161 153 799 635
Kongrou 0.0037 301 59 657 579
Kongrou 0.0033 71 -14 925 764
Kongrou 0.0024 308 661 575 836
Kongrou 0.0023 568 -39 939 288
Kongrou 0.0015 139 678 506 954
Kongrou 0.0014 -240 -321 623 447
Kongrou 0.0012 361 -59 1138 316
Kongrou 0.0011 434 555 685 1080
Rouzaofun 0.0157 161 153 799 635
Rouzaofun 0.0072 568 -39 939 288
Rouzaofun 0.0026 308 661 575 836
Rouzaofun 0.0024 361 -59 1138 316
Rouzaofun 0.0018 73 -31 763 786
Rouzaofun 0.0017 338 174 690 689
Rouzaofun 0.0017 139 678 506 954
Rouzaofun 0.0017 -164 -328 723 465
Rouzaofun 0.0013 431 655 665 987
Rouzaofun 0.0010 293 622 826 1006
Rice_with_Shredded_Chicken 0.0318 568 -39 939 288
Rice_with_Shredded_Chicken 0.0256 161 153 799 635
Rice_with_Shredded_Chicken 0.0034 361 -59 1138 316
Rice_with_Shredded_Chicken 0.0021 73 -31 763 786
Rice_with_Shredded_Chicken 0.0019 139 678 506 954
Rice_with_Shredded_Chicken 0.0017 -167 -355 559 190
Rice_with_Shredded_Chicken 0.0013 431 655 665 987
Rice_with_Shredded_Chicken 0.0013 2 -276 539 391
Rice_with_Shredded_Chicken 0.0011 338 174 690 689
Rice_with_Shredded_Chicken 0.0010 -259 -361 664 499
migao 0.0419 161 153 799 635
migao 0.0101 568 -39 939 288
migao 0.0031 73 -31 763 786
migao 0.0023 361 -59 1138 316
migao 0.0018 431 655 665 987
migao 0.0017 308 661 575 836
migao 0.0016 139 678 506 954
migao 0.0014 338 174 690 689
migao 0.0014 -164 -328 723 465
migao 0.0010 293 622 826 1006
wagui 0.0703 568 -39 939 288
wagui 0.0053 361 -59 1138 316
wagui 0.0031 161 153 799 635
wagui 0.0011 73 -31 763 786
wagui 0.0011 308 661 575 836
wagui 0.0011 -164 -328 723 465
wagui 0.0010 434 555 685 1080
wagui 0.0010 -71 159 566 706
