Kongrou 0.0061 40 0 258 171
Kongrou 0.0052 133 -73 218 -19
Kongrou 0.0048 132 -121 226 23
Kongrou 0.0034 95 -3 215 139
Kongrou 0.0032 79 -98 278 0
Kongrou 0.0031 110 182 217 231
Kongrou 0.0025 118 139 216 268
Kongrou 0.0023 79 -154 262 41
Kongrou 0.0022 57 146 277 261
Kongrou 0.0019 19 -190 331 75
Kongrou 0.0019 88 169 176 222
Kongrou 0.0015 185 -2 341 263
Rouzaofun 0.3862 42 16 254 149
Rouzaofun 0.0352 95 -3 215 139
Rouzaofun 0.0045 133 -73 218 -19
Rouzaofun 0.0039 132 -121 226 23
Rouzaofun 0.0035 110 182 217 231
Rouzaofun 0.0028 57 146 277 261
Rouzaofun 0.0028 79 -98 278 0
Rouzaofun 0.0021 79 -154 262 41
Rouzaofun 0.0020 19 -190 331 75
Rouzaofun 0.0018 118 139 216 268
Rouzaofun 0.0014 18 65 284 189
Rouzaofun 0.0013 185 -2 341 263
Rouzaofun 0.0010 36 30 118 132
Rice_with_Shredded_Chicken 0.0356 42 16 254 149
Rice_with_Shredded_Chicken 0.0048 133 -73 218 -19
Rice_with_Shredded_Chicken 0.0037 132 -121 226 23
Rice_with_Shredded_Chicken 0.0029 55 -137 292 26
Rice_with_Shredded_Chicken 0.0027 19 -190 331 75
Rice_with_Shredded_Chicken 0.0023 110 182 217 231
Rice_with_Shredded_Chicken 0.0022 57 146 277 261
Rice_with_Shredded_Chicken 0.0016 118 139 216 268
Rice_with_Shredded_Chicken 0.0012 -21 -151 227 40
Rice_with_Shredded_Chicken 0.0011 185 -2 341 263
migao 0.1488 42 16 254 149
migao 0.0070 95 -3 215 139
migao 0.0054 133 -73 218 -19
migao 0.0043 132 -121 226 23
migao 0.0042 110 182 217 231
migao 0.0033 55 -137 292 26
migao 0.0028 57 146 277 261
migao 0.0025 118 139 216 268
migao 0.0023 19 -190 331 75
migao 0.0012 185 -2 341 263
wagui 0.0250 42 16 254 149
wagui 0.0036 132 -121 226 23
wagui 0.0033 133 -73 218 -19
wagui 0.0033 19 -190 331 75
wagui 0.0029 79 -98 278 0
wagui 0.0018 57 146 277 261
wagui 0.0018 79 -154 262 41
wagui 0.0017 118 139 216 268
wagui 0.0015 86 -86 178 -30
wagui 0.0013 110 182 217 231
wagui 0.0012 88 169 176 222
wagui 0.0011 185 -2 341 263
