Kongrou 0.2136 0 31 507 425
Kongrou 0.0239 186 0 436 334
Kongrou 0.0065 106 31 512 259
Kongrou 0.0044 389 -25 591 95
Kongrou 0.0016 259 334 412 646
Kongrou 0.0014 202 393 373 504
Kongrou 0.0012 253 417 403 525
Kongrou 0.0011 337 298 813 697
Rouzaofun 0.0232 33 16 560 432
Rouzaofun 0.0045 389 -25 591 95
Rouzaofun 0.0021 109 46 509 289
Rouzaofun 0.0015 265 396 393 589
Rouzaofun 0.0012 202 393 373 504
Rouzaofun 0.0011 337 298 813 697
Rouzaofun 0.0011 171 380 500 597
Rouzaofun 0.0010 307 472 373 544
Rice_with_Shredded_Chicken 0.0541 33 16 560 432
Rice_with_Shredded_Chicken 0.0030 385 -14 595 106
Rice_with_Shredded_Chicken 0.0026 109 46 509 289
Rice_with_Shredded_Chicken 0.0017 265 396 393 589
Rice_with_Shredded_Chicken 0.0011 307 472 373 544
Rice_with_Shredded_Chicken 0.0011 171 380 500 597
Rice_with_Shredded_Chicken 0.0011 337 298 813 697
Rice_with_Shredded_Chicken 0.0011 163 -7 416 341
migao 0.1104 33 16 560 432
migao 0.0065 109 46 509 289
migao 0.0039 385 -14 595 106
migao 0.0030 163 -7 416 341
migao 0.0021 265 396 393 589
migao 0.0013 337 298 813 697
migao 0.0011 307 472 373 544
migao 0.0011 247 295 423 637
migao 0.0010 171 380 500 597
migao 0.0010 214 420 372 480
migao 0.0010 202 393 373 504
wagui 0.0097 33 16 560 432
wagui 0.0044 407 -31 585 135
wagui 0.0028 202 393 373 504
wagui 0.0015 195 426 369 474
wagui 0.0015 109 46 509 289
wagui 0.0015 399 5 581 87
wagui 0.0013 337 298 813 697
wagui 0.0013 259 334 412 646
wagui 0.0011 307 472 373 544
