Kongrou 0.0312 29 16 231 177
Kongrou 0.0017 56 -110 239 63
Kongrou 0.0016 108 140 181 281
Kongrou 0.0016 114 172 169 252
Kongrou 0.0010 79 163 211 257
Rouzaofun 0.8216 36 6 224 183
Rouzaofun 0.0020 -7 -18 270 133
Rouzaofun 0.0016 56 -110 239 63
Rouzaofun 0.0015 114 172 169 252
Rouzaofun 0.0013 108 140 181 281
Rouzaofun 0.0011 79 163 211 257
Rice_with_Shredded_Chicken 0.0521 46 -2 214 192
Rice_with_Shredded_Chicken 0.0020 43 -90 255 42
Rice_with_Shredded_Chicken 0.0017 14 -129 287 79
Rice_with_Shredded_Chicken 0.0016 114 172 169 252
Rice_with_Shredded_Chicken 0.0013 108 140 181 281
Rice_with_Shredded_Chicken 0.0011 79 163 211 257
migao 0.3929 36 6 224 183
migao 0.0024 114 172 169 252
migao 0.0019 43 -90 255 42
migao 0.0017 108 140 181 281
migao 0.0014 14 -129 287 79
migao 0.0011 79 163 211 257
migao 0.0011 146 143 275 291
migao 0.0010 109 -43 194 10
wagui 0.0249 46 -2 214 192
wagui 0.0019 14 -129 287 79
wagui 0.0016 43 -90 255 42
wagui 0.0013 108 140 181 281
wagui 0.0012 114 172 169 252
