Kongrou 0.1002 14 0 134 179
Kongrou 0.0551 -29 36 178 165
Kongrou 0.0277 162 -2 284 158
Kongrou 0.0067 132 -69 217 -22
Kongrou 0.0067 87 168 177 222
Kongrou 0.0058 133 -120 225 23
Kongrou 0.0056 116 186 210 227
Kongrou 0.0039 74 -95 281 -1
Kongrou 0.0037 116 129 218 277
Kongrou 0.0031 57 151 275 255
Kongrou 0.0024 77 0 158 35
Kongrou 0.0020 73 62 150 168
Kongrou 0.0019 81 -151 258 39
Kongrou 0.0017 50 166 138 237
Kongrou 0.0015 5 -194 344 79
Kongrou 0.0014 116 -7 331 118
Kongrou 0.0013 123 34 324 165
Kongrou 0.0011 147 -89 203 19
Rouzaofun 0.2068 162 -2 284 158
Rouzaofun 0.0470 -29 36 178 165
Rouzaofun 0.0363 25 13 145 186
Rouzaofun 0.0161 123 34 324 165
Rouzaofun 0.0065 77 0 158 35
Rouzaofun 0.0055 132 -69 217 -22
Rouzaofun 0.0054 116 -7 331 118
Rouzaofun 0.0046 133 -120 225 23
Rouzaofun 0.0041 116 186 210 227
Rouzaofun 0.0037 73 62 150 168
Rouzaofun 0.0031 74 -95 281 -1
Rouzaofun 0.0031 57 151 275 255
Rouzaofun 0.0028 116 129 218 277
Rouzaofun 0.0018 81 -151 258 39
Rouzaofun 0.0017 50 166 138 237
Rouzaofun 0.0017 5 -194 344 79
Rouzaofun 0.0014 147 -89 203 19
Rouzaofun 0.0014 49 72 174 146
Rouzaofun 0.0013 87 168 177 222
Rouzaofun 0.0010 -2 -112 101 17
Rice_with_Shredded_Chicken 0.0648 -29 36 178 165
Rice_with_Shredded_Chicken 0.0543 122 3 325 152
Rice_with_Shredded_Chicken 0.0468 15 12 134 188
Rice_with_Shredded_Chicken 0.0077 178 11 290 166
Rice_with_Shredded_Chicken 0.0054 132 -69 217 -22
Rice_with_Shredded_Chicken 0.0046 133 -120 225 23
Rice_with_Shredded_Chicken 0.0044 77 0 158 35
Rice_with_Shredded_Chicken 0.0036 116 186 210 227
Rice_with_Shredded_Chicken 0.0032 74 -95 281 -1
Rice_with_Shredded_Chicken 0.0027 116 129 218 277
Rice_with_Shredded_Chicken 0.0026 57 151 275 255
Rice_with_Shredded_Chicken 0.0024 5 -194 344 79
Rice_with_Shredded_Chicken 0.0020 81 -151 258 39
Rice_with_Shredded_Chicken 0.0016 147 -89 203 19
Rice_with_Shredded_Chicken 0.0016 73 62 150 168
Rice_with_Shredded_Chicken 0.0011 50 166 138 237
Rice_with_Shredded_Chicken 0.0011 -2 -112 101 17
migao 0.1233 122 3 325 152
migao 0.1213 -29 36 178 165
migao 0.1103 15 12 134 188
migao 0.0305 178 11 290 166
migao 0.0068 132 -69 217 -22
migao 0.0065 77 0 158 35
migao 0.0060 116 186 210 227
migao 0.0053 133 -120 225 23
migao 0.0036 116 129 218 277
migao 0.0036 74 -95 281 -1
migao 0.0034 57 151 275 255
migao 0.0026 73 62 150 168
migao 0.0022 50 166 138 237
migao 0.0020 5 -194 344 79
migao 0.0019 147 -89 203 19
migao 0.0018 87 168 177 222
migao 0.0016 93 -142 298 36
migao 0.0013 155 -23 270 133
migao 0.0011 49 72 174 146
wagui 0.3976 15 12 134 188
wagui 0.2035 -29 36 178 165
wagui 0.0158 77 0 158 35
wagui 0.0117 122 3 325 152
wagui 0.0050 87 168 177 222
wagui 0.0043 132 -69 217 -22
wagui 0.0042 133 -120 225 23
wagui 0.0034 74 -95 281 -1
wagui 0.0029 116 186 210 227
wagui 0.0029 5 -194 344 79
wagui 0.0025 116 129 218 277
wagui 0.0024 57 151 275 255
wagui 0.0021 50 166 138 237
wagui 0.0020 -18 -151 224 42
wagui 0.0018 178 11 290 166
wagui 0.0016 73 62 150 168
wagui 0.0013 147 -89 203 19
wagui 0.0013 93 -166 296 54
wagui 0.0013 86 -84 178 -30
wagui 0.0010 68 -5 168 52
