Kongrou 0.0090 61 9 215 171
Kongrou 0.0045 114 -56 208 0
Kongrou 0.0034 108 -101 220 41
Kongrou 0.0029 70 -82 257 21
Kongrou 0.0026 114 182 186 226
Kongrou 0.0023 110 142 197 260
Kongrou 0.0019 66 155 240 247
Kongrou 0.0014 -6 116 64 188
Kongrou 0.0012 85 -134 273 61
Kongrou 0.0010 -4 -17 283 158
Kongrou 0.0010 -35 -126 102 55
Rouzaofun 0.5720 36 32 235 152
Rouzaofun 0.0344 74 16 190 136
Rouzaofun 0.0056 -4 -17 283 158
Rouzaofun 0.0051 114 -56 208 0
Rouzaofun 0.0033 126 42 223 151
Rouzaofun 0.0029 108 -101 220 41
Rouzaofun 0.0028 70 -82 257 21
Rouzaofun 0.0023 -6 116 64 188
Rouzaofun 0.0022 114 182 186 226
Rouzaofun 0.0019 41 46 159 167
Rouzaofun 0.0018 78 65 207 169
Rouzaofun 0.0018 66 155 240 247
Rouzaofun 0.0017 110 142 197 260
Rouzaofun 0.0015 152 62 223 135
Rouzaofun 0.0014 4 165 84 233
Rouzaofun 0.0011 7 -163 314 86
Rouzaofun 0.0010 -35 -126 102 55
Rice_with_Shredded_Chicken 0.1725 36 32 235 152
Rice_with_Shredded_Chicken 0.0050 114 -56 208 0
Rice_with_Shredded_Chicken 0.0029 108 -101 220 41
Rice_with_Shredded_Chicken 0.0025 74 16 190 136
Rice_with_Shredded_Chicken 0.0025 70 -82 257 21
Rice_with_Shredded_Chicken 0.0022 114 182 186 226
Rice_with_Shredded_Chicken 0.0018 -6 116 64 188
Rice_with_Shredded_Chicken 0.0017 110 142 197 260
Rice_with_Shredded_Chicken 0.0016 66 155 240 247
Rice_with_Shredded_Chicken 0.0015 7 -163 314 86
Rice_with_Shredded_Chicken 0.0011 -35 -126 102 55
Rice_with_Shredded_Chicken 0.0011 85 -134 273 61
Rice_with_Shredded_Chicken 0.0010 4 165 84 233
migao 0.1509 36 32 235 152
migao 0.0056 114 -56 208 0
migao 0.0051 74 16 190 136
migao 0.0033 108 -101 220 41
migao 0.0033 114 182 186 226
migao 0.0031 70 -82 257 21
migao 0.0024 110 142 197 260
migao 0.0019 -4 -17 283 158
migao 0.0018 66 155 240 247
migao 0.0018 -6 116 64 188
migao 0.0012 7 -163 314 86
migao 0.0012 15 176 75 223
migao 0.0011 -35 -126 102 55
wagui 0.0249 36 32 235 152
wagui 0.0031 114 -56 208 0
wagui 0.0030 108 -101 220 41
wagui 0.0027 70 -82 257 21
wagui 0.0026 -6 116 64 188
wagui 0.0017 7 -163 314 86
wagui 0.0017 110 142 197 260
wagui 0.0015 114 182 186 226
wagui 0.0015 66 155 240 247
wagui 0.0013 15 176 75 223
wagui 0.0010 9 -67 125 6
wagui 0.0010 85 -134 273 61
