Kongrou 0.0022 104 228 322 533
Kongrou 0.0015 338 -11 446 206
Kongrou 0.0011 166 0 248 58
Rouzaofun 0.0026 337 144 448 327
Rouzaofun 0.0021 338 -11 446 206
Rouzaofun 0.0014 106 248 323 552
Rouzaofun 0.0013 349 178 434 294
Rouzaofun 0.0012 22 268 407 495
Rouzaofun 0.0012 288 31 496 164
Rouzaofun 0.0011 166 0 248 58
Rouzaofun 0.0010 347 472 630 660
Rice_with_Shredded_Chicken 0.0042 123 245 348 556
Rice_with_Shredded_Chicken 0.0021 337 144 448 327
Rice_with_Shredded_Chicken 0.0017 338 -11 446 206
Rice_with_Shredded_Chicken 0.0016 14 289 417 518
Rice_with_Shredded_Chicken 0.0013 110 72 316 316
Rice_with_Shredded_Chicken 0.0011 166 0 248 58
Rice_with_Shredded_Chicken 0.0010 349 178 434 294
migao 0.0052 104 228 322 533
migao 0.0025 22 268 407 495
migao 0.0021 338 -11 446 206
migao 0.0019 337 144 448 327
migao 0.0014 166 0 248 58
migao 0.0011 288 31 496 164
migao 0.0011 349 178 434 294
wagui 0.1072 123 245 348 556
wagui 0.0194 110 72 316 316
wagui 0.0173 27 287 445 521
wagui 0.0030 337 144 448 327
wagui 0.0021 338 -11 446 206
wagui 0.0020 166 0 248 58
wagui 0.0019 349 178 434 294
wagui 0.0014 -21 115 471 485
wagui 0.0011 -22 73 405 320
wagui 0.0010 61 -112 363 184
wagui 0.0010 288 31 496 164
