Kongrou 0.2698 128 -14 673 598
Kongrou 0.0684 198 88 569 526
Kongrou 0.0043 164 58 662 375
Rouzaofun 0.0432 113 96 656 519
Rouzaofun 0.0056 254 41 571 451
Rouzaofun 0.0040 226 163 538 578
Rouzaofun 0.0011 624 -20 807 100
Rice_with_Shredded_Chicken 0.0248 142 108 686 508
Rice_with_Shredded_Chicken 0.0012 254 41 571 451
Rice_with_Shredded_Chicken 0.0012 226 163 538 578
migao 0.1395 128 -14 673 598
migao 0.0592 198 88 569 526
migao 0.0026 164 58 662 375
wagui 0.0220 128 -14 673 598
wagui 0.0060 236 86 588 528
wagui 0.0018 164 58 662 375
wagui 0.0012 624 -20 807 100
