Kongrou 0.2638 176 126 993 797
Kongrou 0.0392 -18 63 274 369
Kongrou 0.0049 493 193 887 772
Kongrou 0.0035 -95 110 389 321
Kongrou 0.0021 383 675 677 856
Kongrou 0.0018 333 93 810 641
Kongrou 0.0017 14 149 242 324
Kongrou 0.0016 462 31 661 165
Kongrou 0.0016 398 637 814 887
Kongrou 0.0013 467 686 734 997
Kongrou 0.0011 365 386 703 1128
Kongrou 0.0011 482 -52 816 237
Kongrou 0.0010 173 580 894 938
Kongrou 0.0010 515 778 725 915
Kongrou 0.0010 427 -16 694 212
Rouzaofun 0.0466 -18 63 274 369
Rouzaofun 0.0229 176 126 993 797
Rouzaofun 0.0064 -95 110 389 321
Rouzaofun 0.0034 440 235 1009 730
Rouzaofun 0.0025 14 149 242 324
Rouzaofun 0.0014 4 695 502 975
Rouzaofun 0.0013 533 804 667 929
Rouzaofun 0.0013 515 778 725 915
Rouzaofun 0.0013 462 31 661 165
Rouzaofun 0.0013 383 675 677 856
Rouzaofun 0.0011 467 686 734 997
Rouzaofun 0.0011 783 691 1010 770
Rouzaofun 0.0011 -152 696 262 1056
Rouzaofun 0.0010 -295 631 410 1114
Rice_with_Shredded_Chicken 0.0321 -18 63 274 369
Rice_with_Shredded_Chicken 0.0245 176 126 993 797
Rice_with_Shredded_Chicken 0.0047 -95 110 389 321
Rice_with_Shredded_Chicken 0.0015 440 235 1009 730
Rice_with_Shredded_Chicken 0.0015 4 695 502 975
Rice_with_Shredded_Chicken 0.0014 467 686 734 997
Rice_with_Shredded_Chicken 0.0014 533 804 667 929
Rice_with_Shredded_Chicken 0.0012 515 778 725 915
Rice_with_Shredded_Chicken 0.0011 14 149 242 324
Rice_with_Shredded_Chicken 0.0010 365 386 703 1128
migao 0.0718 176 126 993 797
migao 0.0587 -18 63 274 369
migao 0.0064 -95 110 389 321
migao 0.0026 440 235 1009 730
migao 0.0018 467 686 734 997
migao 0.0016 14 149 242 324
migao 0.0014 383 675 677 856
migao 0.0013 462 31 661 165
migao 0.0013 533 804 667 929
migao 0.0012 398 637 814 887
migao 0.0012 515 778 725 915
migao 0.0011 365 386 703 1128
migao 0.0010 4 695 502 975
wagui 0.0420 176 126 993 797
wagui 0.0396 -18 63 274 369
wagui 0.0048 -95 110 389 321
wagui 0.0018 462 31 661 165
wagui 0.0018 4 695 502 975
wagui 0.0016 383 675 677 856
wagui 0.0013 440 235 1009 730
wagui 0.0012 783 691 1010 770
wagui 0.0012 14 149 242 324
wagui 0.0012 533 804 667 929
wagui 0.0010 515 778 725 915
wagui 0.0010 365 386 703 1128
wagui 0.0010 173 580 894 938
