Kongrou 0.0205 27 56 195 304
Kongrou 0.0197 231 -20 370 211
Kongrou 0.0170 -42 88 262 274
Kongrou 0.0148 218 158 419 411
Kongrou 0.0026 168 9 433 181
Kongrou 0.0017 161 127 484 447
Kongrou 0.0010 223 57 371 176
Rouzaofun 0.0304 27 56 195 304
Rouzaofun 0.0208 -42 88 262 274
Rouzaofun 0.0079 155 174 480 395
Rouzaofun 0.0016 231 -20 370 211
Rouzaofun 0.0010 168 9 433 181
Rice_with_Shredded_Chicken 0.1289 27 56 195 304
Rice_with_Shredded_Chicken 0.0799 136 105 452 417
Rice_with_Shredded_Chicken 0.0566 -42 88 262 274
Rice_with_Shredded_Chicken 0.0067 221 189 415 416
Rice_with_Shredded_Chicken 0.0036 231 -20 370 211
Rice_with_Shredded_Chicken 0.0014 168 9 433 181
migao 0.0342 27 56 195 304
migao 0.0235 -42 88 262 274
migao 0.0186 136 105 452 417
migao 0.0111 231 -20 370 211
migao 0.0028 168 9 433 181
migao 0.0021 242 166 428 404
wagui 0.0322 27 56 195 304
wagui 0.0200 -42 88 262 274
wagui 0.0053 136 105 452 417
wagui 0.0016 231 -20 370 211
