Kongrou 0.1423 632 -22 1078 599
Kongrou 0.0295 492 -14 1305 502
Kongrou 0.0169 41 14 469 653
Kongrou 0.0116 -111 104 711 570
Kongrou 0.0110 525 -531 909 95
Kongrou 0.0103 538 -330 870 -87
Kongrou 0.0068 315 -429 1114 -8
Kongrou 0.0027 247 -12 606 65
Kongrou 0.0018 573 -382 837 51
Kongrou 0.0014 531 704 875 914
Kongrou 0.0013 367 -674 1203 184
Kongrou 0.0011 520 544 915 1049
Rouzaofun 0.1005 639 43 1073 625
Rouzaofun 0.0890 70 -15 526 682
Rouzaofun 0.0624 458 32 1252 549
Rouzaofun 0.0403 -111 104 711 570
Rouzaofun 0.0088 538 -330 870 -87
Rouzaofun 0.0088 525 -531 909 95
Rouzaofun 0.0079 247 -12 606 65
Rouzaofun 0.0063 315 -429 1114 -8
Rouzaofun 0.0019 573 -382 837 51
Rouzaofun 0.0013 531 704 875 914
Rouzaofun 0.0013 225 -76 629 130
Rouzaofun 0.0010 314 584 1114 1005
Rouzaofun 0.0010 509 -174 668 -49
Rice_with_Shredded_Chicken 0.0995 501 31 1297 548
Rice_with_Shredded_Chicken 0.0907 70 -15 526 682
Rice_with_Shredded_Chicken 0.0770 -111 104 711 570
Rice_with_Shredded_Chicken 0.0349 639 43 1073 625
Rice_with_Shredded_Chicken 0.0090 538 -330 870 -87
Rice_with_Shredded_Chicken 0.0086 525 -531 909 95
Rice_with_Shredded_Chicken 0.0079 247 -12 606 65
Rice_with_Shredded_Chicken 0.0060 315 -429 1114 -8
Rice_with_Shredded_Chicken 0.0020 573 -382 837 51
Rice_with_Shredded_Chicken 0.0013 531 704 875 914
Rice_with_Shredded_Chicken 0.0011 225 -76 629 130
Rice_with_Shredded_Chicken 0.0011 367 -674 1203 184
Rice_with_Shredded_Chicken 0.0011 -17 49 39 233
migao 0.1170 501 31 1297 548
migao 0.0614 639 43 1073 625
migao 0.0602 70 -15 526 682
migao 0.0480 -111 104 711 570
migao 0.0113 538 -330 870 -87
migao 0.0105 247 -12 606 65
migao 0.0101 525 -531 909 95
migao 0.0068 315 -429 1114 -8
migao 0.0029 573 -382 837 51
migao 0.0019 531 704 875 914
migao 0.0012 -17 49 39 233
migao 0.0011 520 544 915 1049
migao 0.0011 365 -607 1209 135
migao 0.0010 314 584 1114 1005
migao 0.0010 439 672 734 862
wagui 0.0585 501 31 1297 548
wagui 0.0221 247 -12 606 65
wagui 0.0212 639 43 1073 625
wagui 0.0085 525 -531 909 95
wagui 0.0066 538 -330 870 -87
wagui 0.0064 315 -429 1114 -8
wagui 0.0059 -111 104 711 570
wagui 0.0023 -17 49 39 233
wagui 0.0021 660 -62 1137 374
wagui 0.0020 573 -382 837 51
wagui 0.0020 70 -15 526 682
wagui 0.0017 225 -76 629 130
wagui 0.0013 31 -772 1372 263
wagui 0.0012 -24 -8 142 59
wagui 0.0011 509 -174 668 -49
wagui 0.0010 439 672 734 862
