Kongrou 0.3883 70 -1 664 425
Kongrou 0.0043 256 10 553 342
Kongrou 0.0019 125 66 341 432
Kongrou 0.0014 289 412 460 541
Kongrou 0.0013 283 316 481 627
Kongrou 0.0012 47 108 418 392
Kongrou 0.0011 92 -230 549 57
Kongrou 0.0011 116 219 617 691
Rouzaofun 0.1128 82 6 652 422
Rouzaofun 0.0048 247 24 562 375
Rouzaofun 0.0034 47 108 418 392
Rouzaofun 0.0032 125 66 341 432
Rouzaofun 0.0012 343 474 407 555
Rouzaofun 0.0011 289 412 460 541
Rouzaofun 0.0011 283 316 481 627
Rouzaofun 0.0011 92 -230 549 57
Rice_with_Shredded_Chicken 0.0294 139 5 592 426
Rice_with_Shredded_Chicken 0.0017 47 108 418 392
Rice_with_Shredded_Chicken 0.0015 92 -230 549 57
Rice_with_Shredded_Chicken 0.0014 289 412 460 541
Rice_with_Shredded_Chicken 0.0014 343 474 407 555
Rice_with_Shredded_Chicken 0.0010 283 316 481 627
migao 0.2592 82 6 652 422
migao 0.0025 247 24 562 375
migao 0.0021 47 108 418 392
migao 0.0016 289 412 460 541
migao 0.0013 283 316 481 627
migao 0.0012 343 474 407 555
migao 0.0012 92 -230 549 57
migao 0.0012 125 66 341 432
wagui 0.0509 82 6 652 422
wagui 0.0028 12 -29 211 183
wagui 0.0015 343 474 407 555
wagui 0.0011 47 108 418 392
wagui 0.0011 92 -230 549 57
wagui 0.0011 283 316 481 627
wagui 0.0010 -147 -132 298 259
wagui 0.0010 289 412 460 541
