Kongrou 0.0348 -12 165 601 719
Kongrou 0.0092 425 171 1034 713
Kongrou 0.0090 122 86 461 640
Kongrou 0.0075 245 -47 658 219
Kongrou 0.0034 526 121 852 682
Kongrou 0.0017 63 248 448 791
Kongrou 0.0010 304 -75 831 179
Rouzaofun 0.0687 425 171 1034 713
Rouzaofun 0.0660 248 -45 732 216
Rouzaofun 0.0283 -72 175 586 709
Rouzaofun 0.0102 526 121 852 682
Rouzaofun 0.0081 114 109 469 694
Rouzaofun 0.0044 174 -140 849 267
Rouzaofun 0.0016 378 -86 837 187
Rice_with_Shredded_Chicken 0.0261 425 171 1034 713
Rice_with_Shredded_Chicken 0.0226 -72 175 586 709
Rice_with_Shredded_Chicken 0.0163 248 -45 732 216
Rice_with_Shredded_Chicken 0.0023 118 -99 866 274
Rice_with_Shredded_Chicken 0.0020 114 109 469 694
migao 0.0771 425 171 1034 713
migao 0.0624 -12 165 601 719
migao 0.0288 248 -45 732 216
migao 0.0035 526 121 852 682
migao 0.0028 174 -140 849 267
migao 0.0027 122 86 461 640
migao 0.0017 63 248 448 791
wagui 0.0042 425 171 1034 713
wagui 0.0035 -72 175 586 709
wagui 0.0021 248 -45 732 216
