Kongrou 0.0128 728 229 983 596
Kongrou 0.0086 48 53 970 705
Kongrou 0.0034 643 293 1030 532
Kongrou 0.0027 -244 -478 478 281
Kongrou 0.0022 535 766 744 926
Kongrou 0.0014 525 803 675 929
Kongrou 0.0013 493 703 784 991
Kongrou 0.0011 584 174 1100 638
Kongrou 0.0010 3 -206 424 69
Rouzaofun 0.0639 48 53 970 705
Rouzaofun 0.0133 728 229 983 596
Rouzaofun 0.0043 643 293 1030 532
Rouzaofun 0.0029 -244 -478 478 281
Rouzaofun 0.0029 535 766 744 926
Rouzaofun 0.0022 525 803 675 929
Rouzaofun 0.0018 493 703 784 991
Rouzaofun 0.0011 -141 560 549 1148
Rouzaofun 0.0011 -41 328 1070 752
Rouzaofun 0.0011 3 -206 424 69
Rice_with_Shredded_Chicken 0.6615 77 28 949 730
Rice_with_Shredded_Chicken 0.0087 728 229 983 596
Rice_with_Shredded_Chicken 0.0032 643 293 1030 532
Rice_with_Shredded_Chicken 0.0032 -244 -478 478 281
Rice_with_Shredded_Chicken 0.0028 549 798 730 933
Rice_with_Shredded_Chicken 0.0016 493 703 784 991
Rice_with_Shredded_Chicken 0.0016 -41 328 1070 752
Rice_with_Shredded_Chicken 0.0014 3 -206 424 69
Rice_with_Shredded_Chicken 0.0014 520 806 641 927
Rice_with_Shredded_Chicken 0.0011 -141 560 549 1148
migao 0.0789 77 28 949 730
migao 0.0142 728 229 983 596
migao 0.0053 643 293 1030 532
migao 0.0027 535 766 744 926
migao 0.0022 -285 -402 539 225
migao 0.0021 525 803 675 929
migao 0.0014 493 703 784 991
wagui 0.0184 48 53 970 705
wagui 0.0106 728 229 983 596
wagui 0.0040 643 293 1030 532
wagui 0.0028 549 798 730 933
wagui 0.0026 -285 -402 539 225
wagui 0.0014 493 703 784 991
wagui 0.0013 3 -206 424 69
wagui 0.0013 520 806 641 927
wagui 0.0010 252 723 634 773
