Kongrou 0.0442 1179 1150 1771 1586
Kongrou 0.0233 934 881 1937 1936
Kongrou 0.0225 -106 1408 552 1706
Kongrou 0.0222 576 737 2305 2093
Kongrou 0.0184 267 1200 801 1536
Kongrou 0.0141 -77 1249 641 1605
Kongrou 0.0137 1918 641 2913 1593
Kongrou 0.0118 45 840 1022 1897
Kongrou 0.0108 541 1193 1027 1540
Kongrou 0.0078 -530 362 910 2703
Kongrou 0.0061 1403 -1436 2500 215
Kongrou 0.0061 -404 1139 766 1950
Kongrou 0.0060 2374 277 3214 1076
Kongrou 0.0060 1001 -1014 1577 70
Kongrou 0.0056 1475 -936 2360 -237
Kongrou 0.0052 2076 16 2753 459
Kongrou 0.0042 260 1370 682 1732
Kongrou 0.0041 761 1155 1309 1576
Kongrou 0.0039 827 -1193 3065 -33
Kongrou 0.0036 1614 444 2335 913
Kongrou 0.0033 259 -913 2389 -54
Kongrou 0.0033 60 699 503 1032
Kongrou 0.0031 515 1265 929 1716
Kongrou 0.0029 1643 793 3310 1440
Kongrou 0.0029 550 813 1524 1928
Kongrou 0.0027 587 -1525 2055 569
Kongrou 0.0024 248 738 817 998
Kongrou 0.0023 1023 1288 1424 1694
Kongrou 0.0023 50 1113 637 1493
Kongrou 0.0023 2095 874 2860 1362
Kongrou 0.0018 858 1259 1339 1719
Kongrou 0.0017 770 784 1303 1078
Kongrou 0.0016 -461 136 1094 1671
Kongrou 0.0015 2606 351 3226 883
Kongrou 0.0015 755 -1810 2978 427
Kongrou 0.0014 672 1241 1147 1740
Kongrou 0.0012 -915 -1425 2159 1032
Kongrou 0.0011 970 -1023 1920 -399
Kongrou 0.0010 -63 412 643 1316
Kongrou 0.0010 -91 314 278 791
Rouzaofun 0.0580 1179 1150 1771 1586
Rouzaofun 0.0450 1918 641 2913 1593
Rouzaofun 0.0337 934 881 1937 1936
Rouzaofun 0.0325 -106 1408 552 1706
Rouzaofun 0.0305 2440 243 3273 984
Rouzaofun 0.0278 576 737 2305 2093
Rouzaofun 0.0263 2076 16 2753 459
Rouzaofun 0.0212 267 1200 801 1536
Rouzaofun 0.0210 1614 444 2335 913
Rouzaofun 0.0164 45 840 1022 1897
Rouzaofun 0.0153 -77 1249 641 1605
Rouzaofun 0.0125 541 1193 1027 1540
Rouzaofun 0.0104 1643 793 3310 1440
Rouzaofun 0.0077 -230 1094 665 2016
Rouzaofun 0.0076 -681 743 1046 2330
Rouzaofun 0.0069 260 1370 682 1732
Rouzaofun 0.0055 2095 874 2860 1362
Rouzaofun 0.0054 761 1155 1309 1576
Rouzaofun 0.0054 1001 -1014 1577 70
Rouzaofun 0.0053 550 813 1524 1928
Rouzaofun 0.0051 1475 -936 2360 -237
Rouzaofun 0.0051 2611 319 3219 788
Rouzaofun 0.0051 515 1265 929 1716
Rouzaofun 0.0048 1403 -1436 2500 215
Rouzaofun 0.0040 895 1259 1427 1721
Rouzaofun 0.0039 827 -1193 3065 -33
Rouzaofun 0.0034 259 -913 2389 -54
Rouzaofun 0.0031 60 699 503 1032
Rouzaofun 0.0026 248 738 817 998
Rouzaofun 0.0026 50 1113 637 1493
Rouzaofun 0.0025 748 1264 1197 1716
Rouzaofun 0.0025 -270 264 906 1531
Rouzaofun 0.0023 587 -1525 2055 569
Rouzaofun 0.0021 770 784 1303 1078
Rouzaofun 0.0020 2380 429 3076 926
Rouzaofun 0.0020 653 1363 1041 1743
Rouzaofun 0.0018 309 1018 1315 2057
Rouzaofun 0.0015 -63 412 643 1316
Rouzaofun 0.0014 -525 -11 1159 1829
Rouzaofun 0.0013 -65 674 1700 2388
Rouzaofun 0.0012 755 -1810 2978 427
Rouzaofun 0.0011 1581 -1081 2256 147
Rouzaofun 0.0010 2017 1021 2688 1466
Rouzaofun 0.0010 510 483 1572 1368
Rouzaofun 0.0010 -91 314 278 791
Rice_with_Shredded_Chicken 0.1005 1970 466 2922 1821
Rice_with_Shredded_Chicken 0.0692 1179 1150 1771 1586
Rice_with_Shredded_Chicken 0.0383 -106 1408 552 1706
Rice_with_Shredded_Chicken 0.0314 2076 16 2753 459
Rice_with_Shredded_Chicken 0.0277 934 881 1937 1936
Rice_with_Shredded_Chicken 0.0248 576 737 2305 2093
Rice_with_Shredded_Chicken 0.0199 2440 243 3273 984
Rice_with_Shredded_Chicken 0.0184 267 1200 801 1536
Rice_with_Shredded_Chicken 0.0172 1614 444 2335 913
Rice_with_Shredded_Chicken 0.0152 -77 1249 641 1605
Rice_with_Shredded_Chicken 0.0119 541 1193 1027 1540
Rice_with_Shredded_Chicken 0.0115 -200 945 1270 1794
Rice_with_Shredded_Chicken 0.0081 -404 1139 766 1950
Rice_with_Shredded_Chicken 0.0074 1699 785 3130 1447
Rice_with_Shredded_Chicken 0.0073 260 1370 682 1732
Rice_with_Shredded_Chicken 0.0072 -530 362 910 2703
Rice_with_Shredded_Chicken 0.0056 515 1265 929 1716
Rice_with_Shredded_Chicken 0.0054 1475 -936 2360 -237
Rice_with_Shredded_Chicken 0.0053 761 1155 1309 1576
Rice_with_Shredded_Chicken 0.0049 1403 -1436 2500 215
Rice_with_Shredded_Chicken 0.0044 1023 1288 1424 1694
Rice_with_Shredded_Chicken 0.0040 1001 -1014 1577 70
Rice_with_Shredded_Chicken 0.0037 827 -1193 3065 -33
Rice_with_Shredded_Chicken 0.0033 2611 319 3219 788
Rice_with_Shredded_Chicken 0.0032 259 -913 2389 -54
Rice_with_Shredded_Chicken 0.0032 550 813 1524 1928
Rice_with_Shredded_Chicken 0.0032 60 699 503 1032
Rice_with_Shredded_Chicken 0.0030 858 1259 1339 1719
Rice_with_Shredded_Chicken 0.0028 248 738 817 998
Rice_with_Shredded_Chicken 0.0027 2095 874 2860 1362
Rice_with_Shredded_Chicken 0.0027 50 1113 637 1493
Rice_with_Shredded_Chicken 0.0026 672 1241 1147 1740
Rice_with_Shredded_Chicken 0.0022 587 -1525 2055 569
Rice_with_Shredded_Chicken 0.0021 31 1033 919 2084
Rice_with_Shredded_Chicken 0.0019 770 784 1303 1078
Rice_with_Shredded_Chicken 0.0017 -270 264 906 1531
Rice_with_Shredded_Chicken 0.0016 755 -1810 2978 427
Rice_with_Shredded_Chicken 0.0014 -525 -11 1159 1829
Rice_with_Shredded_Chicken 0.0013 2380 429 3076 926
Rice_with_Shredded_Chicken 0.0012 1581 -1081 2256 147
Rice_with_Shredded_Chicken 0.0011 -1279 -1417 1493 642
Rice_with_Shredded_Chicken 0.0010 -91 314 278 791
Rice_with_Shredded_Chicken 0.0010 -188 634 1822 2172
Rice_with_Shredded_Chicken 0.0010 -63 412 643 1316
migao 0.0736 1179 1150 1771 1586
migao 0.0437 -106 1408 552 1706
migao 0.0391 2076 16 2753 459
migao 0.0373 934 881 1937 1936
migao 0.0292 576 737 2305 2093
migao 0.0254 1918 641 2913 1593
migao 0.0250 1614 444 2335 913
migao 0.0214 267 1200 801 1536
migao 0.0159 2440 243 3273 984
migao 0.0147 -77 1249 641 1605
migao 0.0139 541 1193 1027 1540
migao 0.0123 45 840 1022 1897
migao 0.0085 260 1370 682 1732
migao 0.0082 -530 362 910 2703
migao 0.0081 -404 1139 766 1950
migao 0.0075 1001 -1014 1577 70
migao 0.0073 1643 793 3310 1440
migao 0.0064 1475 -936 2360 -237
migao 0.0061 761 1155 1309 1576
migao 0.0061 515 1265 929 1716
migao 0.0056 1403 -1436 2500 215
migao 0.0055 1023 1288 1424 1694
migao 0.0050 2611 319 3219 788
migao 0.0044 60 699 503 1032
migao 0.0044 259 -913 2389 -54
migao 0.0042 2095 874 2860 1362
migao 0.0040 827 -1193 3065 -33
migao 0.0036 858 1259 1339 1719
migao 0.0034 550 813 1524 1928
migao 0.0033 587 -1525 2055 569
migao 0.0032 672 1241 1147 1740
migao 0.0030 248 738 817 998
migao 0.0027 50 1113 637 1493
migao 0.0022 770 784 1303 1078
migao 0.0018 -461 136 1094 1671
migao 0.0018 309 1018 1315 2057
migao 0.0018 2380 429 3076 926
migao 0.0017 1581 -1081 2256 147
migao 0.0013 -65 674 1700 2388
migao 0.0013 -91 314 278 791
migao 0.0011 -63 412 643 1316
migao 0.0011 755 -1810 2978 427
wagui 0.0625 1179 1150 1771 1586
wagui 0.0493 -106 1408 552 1706
wagui 0.0405 2076 16 2753 459
wagui 0.0242 934 881 1937 1936
wagui 0.0235 763 411 2122 2401
wagui 0.0204 267 1200 801 1536
wagui 0.0186 1970 466 2922 1821
wagui 0.0164 -77 1249 641 1605
wagui 0.0138 1614 444 2335 913
wagui 0.0136 541 1193 1027 1540
wagui 0.0113 45 840 1022 1897
wagui 0.0112 260 1370 682 1732
wagui 0.0110 -404 1139 766 1950
wagui 0.0098 2440 243 3273 984
wagui 0.0091 -530 362 910 2703
wagui 0.0072 1001 -1014 1577 70
wagui 0.0068 248 738 817 998
wagui 0.0066 515 1265 929 1716
wagui 0.0066 60 699 503 1032
wagui 0.0062 1023 1288 1424 1694
wagui 0.0052 1699 785 3130 1447
wagui 0.0051 1403 -1436 2500 215
wagui 0.0050 761 1155 1309 1576
wagui 0.0042 1475 -936 2360 -237
wagui 0.0038 827 -1193 3065 -33
wagui 0.0038 770 784 1303 1078
wagui 0.0038 858 1259 1339 1719
wagui 0.0036 259 -913 2389 -54
wagui 0.0033 672 1241 1147 1740
wagui 0.0032 50 1113 637 1493
wagui 0.0030 -270 264 906 1531
wagui 0.0028 550 813 1524 1928
wagui 0.0023 398 642 2468 1916
wagui 0.0023 2611 319 3219 788
wagui 0.0019 2095 874 2860 1362
wagui 0.0017 -525 -11 1159 1829
wagui 0.0017 587 -1525 2055 569
wagui 0.0017 193 -2053 3619 644
wagui 0.0015 970 -1023 1920 -399
wagui 0.0014 -91 314 278 791
wagui 0.0013 -63 412 643 1316
wagui 0.0012 1581 -1081 2256 147
wagui 0.0010 -915 -1425 2159 1032
