Kongrou 0.0074 633 -61 976 211
Kongrou 0.0027 306 579 598 766
Kongrou 0.0026 410 646 708 779
Kongrou 0.0020 209 14 818 563
Kongrou 0.0019 410 462 734 937
Kongrou 0.0017 461 -391 765 62
Kongrou 0.0017 456 -235 742 -75
Kongrou 0.0015 183 528 959 872
Kongrou 0.0011 277 -331 944 2
Kongrou 0.0011 491 -119 1117 269
Rouzaofun 0.0736 271 -47 713 579
Rouzaofun 0.0261 86 78 817 532
Rouzaofun 0.0044 633 -61 976 211
Rouzaofun 0.0020 410 646 708 779
Rouzaofun 0.0019 216 -7 512 54
Rouzaofun 0.0016 456 -235 742 -75
Rouzaofun 0.0015 410 462 734 937
Rouzaofun 0.0014 183 528 959 872
Rouzaofun 0.0014 461 -391 765 62
Rouzaofun 0.0010 277 -331 944 2
Rice_with_Shredded_Chicken 0.0791 73 0 795 567
Rice_with_Shredded_Chicken 0.0251 633 -61 976 211
Rice_with_Shredded_Chicken 0.0023 448 -126 1087 275
Rice_with_Shredded_Chicken 0.0021 216 -7 512 54
Rice_with_Shredded_Chicken 0.0017 410 646 708 779
Rice_with_Shredded_Chicken 0.0015 456 -235 742 -75
Rice_with_Shredded_Chicken 0.0014 410 462 734 937
Rice_with_Shredded_Chicken 0.0013 461 -391 765 62
Rice_with_Shredded_Chicken 0.0012 183 528 959 872
Rice_with_Shredded_Chicken 0.0011 210 -466 973 88
Rice_with_Shredded_Chicken 0.0010 24 -654 1176 261
migao 0.0355 73 0 795 567
migao 0.0088 633 -61 976 211
migao 0.0029 410 646 708 779
migao 0.0024 216 -7 512 54
migao 0.0019 410 462 734 937
migao 0.0019 456 -235 742 -75
migao 0.0016 461 -391 765 62
migao 0.0015 183 528 959 872
migao 0.0013 210 -466 973 88
migao 0.0010 491 -119 1117 269
wagui 0.0069 73 0 795 567
wagui 0.0063 216 -7 512 54
wagui 0.0023 594 -65 939 215
wagui 0.0020 306 579 598 766
wagui 0.0016 410 646 708 779
wagui 0.0013 183 528 959 872
wagui 0.0013 410 462 734 937
wagui 0.0012 24 -654 1176 261
wagui 0.0011 461 -391 765 62
wagui 0.0010 456 -235 742 -75
wagui 0.0010 277 -331 944 2
