Kongrou 0.0389 190 -26 813 635
Kongrou 0.0122 442 -193 728 -56
Kongrou 0.0092 449 -376 749 106
Kongrou 0.0066 242 -296 950 27
Kongrou 0.0057 361 -265 503 83
Kongrou 0.0029 112 -210 779 23
Kongrou 0.0025 209 -403 679 214
Kongrou 0.0021 446 -253 807 -6
Kongrou 0.0020 287 -259 598 -72
Kongrou 0.0018 496 -251 676 74
Kongrou 0.0017 339 -464 978 159
Kongrou 0.0015 -136 -186 243 231
Kongrou 0.0014 455 615 718 823
Kongrou 0.0011 64 -116 1105 575
Kongrou 0.0010 -385 -224 493 251
Rouzaofun 0.7473 46 52 953 571
Rouzaofun 0.1131 236 75 762 680
Rouzaofun 0.0092 442 -193 728 -56
Rouzaofun 0.0085 361 -265 503 83
Rouzaofun 0.0074 189 148 617 586
Rouzaofun 0.0071 449 -376 749 106
Rouzaofun 0.0052 242 -296 950 27
Rouzaofun 0.0042 112 -210 779 23
Rouzaofun 0.0023 446 -253 807 -6
Rouzaofun 0.0021 209 -403 679 214
Rouzaofun 0.0018 496 -251 676 74
Rouzaofun 0.0016 414 139 856 591
Rouzaofun 0.0013 -136 -186 243 231
Rouzaofun 0.0012 339 -464 978 159
Rouzaofun 0.0012 -386 -239 422 271
Rouzaofun 0.0010 287 -259 598 -72
Rice_with_Shredded_Chicken 0.0956 190 -26 813 635
Rice_with_Shredded_Chicken 0.0091 442 -193 728 -56
Rice_with_Shredded_Chicken 0.0071 449 -376 749 106
Rice_with_Shredded_Chicken 0.0055 242 -296 950 27
Rice_with_Shredded_Chicken 0.0042 361 -265 503 83
Rice_with_Shredded_Chicken 0.0032 112 -210 779 23
Rice_with_Shredded_Chicken 0.0026 446 -253 807 -6
Rice_with_Shredded_Chicken 0.0021 496 -251 676 74
Rice_with_Shredded_Chicken 0.0020 209 -403 679 214
Rice_with_Shredded_Chicken 0.0016 339 -464 978 159
Rice_with_Shredded_Chicken 0.0013 -136 -186 243 231
Rice_with_Shredded_Chicken 0.0012 455 615 718 823
Rice_with_Shredded_Chicken 0.0012 14 -293 398 35
Rice_with_Shredded_Chicken 0.0011 78 122 728 532
Rice_with_Shredded_Chicken 0.0010 548 493 943 855
migao 0.2950 46 52 953 571
migao 0.0601 236 75 762 680
migao 0.0122 442 -193 728 -56
migao 0.0108 361 -265 503 83
migao 0.0083 449 -376 749 106
migao 0.0061 242 -296 950 27
migao 0.0044 112 -210 779 23
migao 0.0031 209 -403 679 214
migao 0.0029 496 -251 676 74
migao 0.0025 151 65 579 590
migao 0.0023 446 -253 807 -6
migao 0.0015 455 615 718 823
migao 0.0015 339 -464 978 159
migao 0.0012 -136 -186 243 231
migao 0.0011 812 -278 1052 29
migao 0.0010 -385 -224 493 251
wagui 0.0513 86 3 921 613
wagui 0.0079 442 -193 728 -56
wagui 0.0070 361 -265 503 83
wagui 0.0060 449 -376 749 106
wagui 0.0055 242 -296 950 27
wagui 0.0034 287 -259 598 -72
wagui 0.0031 112 -210 779 23
wagui 0.0016 496 -251 676 74
wagui 0.0013 209 -403 679 214
wagui 0.0012 339 -464 978 159
wagui 0.0011 446 -253 807 -6
wagui 0.0010 -20 -718 1195 387
