Kongrou 0.0162 37 -1 316 170
Kongrou 0.0124 137 -80 226 -25
Kongrou 0.0115 136 -128 235 17
Kongrou 0.0074 77 -109 292 -2
Kongrou 0.0032 86 -166 266 40
Kongrou 0.0030 130 176 233 240
Kongrou 0.0026 132 134 238 278
Kongrou 0.0023 16 -198 345 69
Kongrou 0.0023 149 -96 215 12
Kongrou 0.0020 73 11 201 163
Kongrou 0.0019 80 147 288 263
Kongrou 0.0018 147 19 269 155
Kongrou 0.0011 89 -95 185 -35
Rouzaofun 0.3994 27 1 284 165
Rouzaofun 0.0197 73 11 201 163
Rouzaofun 0.0107 137 -80 226 -25
Rouzaofun 0.0093 136 -128 235 17
Rouzaofun 0.0062 77 -109 292 -2
Rouzaofun 0.0031 130 176 233 240
Rouzaofun 0.0029 86 -166 266 40
Rouzaofun 0.0023 16 -198 345 69
Rouzaofun 0.0023 80 147 288 263
Rouzaofun 0.0021 132 134 238 278
Rouzaofun 0.0021 149 -96 215 12
Rouzaofun 0.0014 111 -94 156 9
Rouzaofun 0.0012 114 172 189 223
Rice_with_Shredded_Chicken 0.1143 27 1 284 165
Rice_with_Shredded_Chicken 0.0111 137 -80 226 -25
Rice_with_Shredded_Chicken 0.0090 136 -128 235 17
Rice_with_Shredded_Chicken 0.0066 77 -109 292 -2
Rice_with_Shredded_Chicken 0.0034 16 -198 345 69
Rice_with_Shredded_Chicken 0.0033 86 -166 266 40
Rice_with_Shredded_Chicken 0.0030 130 176 233 240
Rice_with_Shredded_Chicken 0.0028 149 -96 215 12
Rice_with_Shredded_Chicken 0.0020 74 20 224 176
Rice_with_Shredded_Chicken 0.0019 80 147 288 263
Rice_with_Shredded_Chicken 0.0019 132 134 238 278
migao 0.0997 27 1 284 165
migao 0.0130 137 -80 226 -25
migao 0.0105 136 -128 235 17
migao 0.0071 77 -109 292 -2
migao 0.0038 130 176 233 240
migao 0.0037 73 11 201 163
migao 0.0034 149 -96 215 12
migao 0.0027 16 -198 345 69
migao 0.0026 132 134 238 278
migao 0.0024 86 -166 266 40
migao 0.0023 80 147 288 263
migao 0.0019 111 -94 156 9
migao 0.0013 114 172 189 223
wagui 0.0124 27 1 284 165
wagui 0.0088 136 -128 235 17
wagui 0.0080 137 -80 226 -25
wagui 0.0067 77 -109 292 -2
wagui 0.0039 16 -198 345 69
wagui 0.0026 86 -166 266 40
wagui 0.0023 149 -96 215 12
wagui 0.0019 132 134 238 278
wagui 0.0018 89 -95 185 -35
wagui 0.0017 80 147 288 263
wagui 0.0015 130 176 233 240
wagui 0.0013 111 -94 156 9
wagui 0.0013 114 172 189 223
wagui 0.0012 44 -98 156 12
wagui 0.0010 185 -16 303 49
