Kongrou 0.0090 -5 -5 91 53
Kongrou 0.0066 255 84 290 111
Kongrou 0.0060 217 -2 271 26
Kongrou 0.0054 274 0 306 35
Kongrou 0.0043 223 -19 357 55
Kongrou 0.0042 247 64 275 86
Kongrou 0.0041 87 165 177 225
Kongrou 0.0038 169 -25 318 50
Kongrou 0.0034 -4 33 199 145
Kongrou 0.0031 199 -40 288 64
Kongrou 0.0030 86 -153 303 42
Kongrou 0.0030 224 75 253 97
Kongrou 0.0024 255 -34 324 69
Kongrou 0.0022 213 117 285 159
Kongrou 0.0022 131 -69 218 -21
Kongrou 0.0020 46 10 171 168
Kongrou 0.0019 135 -113 223 17
Kongrou 0.0019 216 -100 370 144
Kongrou 0.0017 205 -6 260 19
Kongrou 0.0015 106 157 223 233
Kongrou 0.0014 228 97 260 121
Kongrou 0.0014 5 -204 345 88
Kongrou 0.0013 200 1 253 34
Kongrou 0.0013 -3 48 20 102
Kongrou 0.0013 75 -99 281 3
Kongrou 0.0012 239 68 272 93
Kongrou 0.0010 47 137 241 248
Kongrou 0.0010 274 33 306 60
Kongrou 0.0010 56 99 288 296
Rouzaofun 0.3464 41 7 153 169
Rouzaofun 0.0840 -4 33 199 145
Rouzaofun 0.0193 255 84 290 111
Rouzaofun 0.0153 1 -5 95 52
Rouzaofun 0.0093 247 64 275 86
Rouzaofun 0.0077 224 75 253 97
Rouzaofun 0.0074 217 -2 271 26
Rouzaofun 0.0064 169 -25 318 50
Rouzaofun 0.0062 213 117 285 159
Rouzaofun 0.0061 274 0 306 35
Rouzaofun 0.0055 223 -19 357 55
Rouzaofun 0.0045 -3 48 20 102
Rouzaofun 0.0042 199 -40 288 64
Rouzaofun 0.0034 228 97 260 121
Rouzaofun 0.0031 239 68 272 93
Rouzaofun 0.0029 255 -34 324 69
Rouzaofun 0.0021 86 -153 303 42
Rouzaofun 0.0021 270 68 299 93
Rouzaofun 0.0021 238 59 308 137
Rouzaofun 0.0020 224 60 252 79
Rouzaofun 0.0020 131 -69 218 -21
Rouzaofun 0.0018 217 -49 367 90
Rouzaofun 0.0016 205 -6 260 19
Rouzaofun 0.0016 135 -113 223 17
Rouzaofun 0.0015 5 -204 345 88
Rouzaofun 0.0015 200 1 253 34
Rouzaofun 0.0013 -6 11 81 46
Rouzaofun 0.0013 221 36 301 114
Rouzaofun 0.0013 274 33 306 60
Rouzaofun 0.0012 61 40 151 133
Rouzaofun 0.0011 216 79 249 105
Rouzaofun 0.0011 75 -99 281 3
Rouzaofun 0.0010 -23 -16 273 181
Rouzaofun 0.0010 29 51 182 122
Rouzaofun 0.0010 100 168 186 223
Rice_with_Shredded_Chicken 0.1976 41 7 153 169
Rice_with_Shredded_Chicken 0.0888 -4 33 199 145
Rice_with_Shredded_Chicken 0.0281 255 84 290 111
Rice_with_Shredded_Chicken 0.0113 247 64 275 86
Rice_with_Shredded_Chicken 0.0109 -5 -5 91 53
Rice_with_Shredded_Chicken 0.0093 224 75 253 97
Rice_with_Shredded_Chicken 0.0057 274 0 306 35
Rice_with_Shredded_Chicken 0.0057 217 -2 271 26
Rice_with_Shredded_Chicken 0.0049 213 117 285 159
Rice_with_Shredded_Chicken 0.0046 223 -19 357 55
Rice_with_Shredded_Chicken 0.0045 169 -25 318 50
Rice_with_Shredded_Chicken 0.0040 228 97 260 121
Rice_with_Shredded_Chicken 0.0036 -3 48 20 102
Rice_with_Shredded_Chicken 0.0031 199 -40 288 64
Rice_with_Shredded_Chicken 0.0029 239 68 272 93
Rice_with_Shredded_Chicken 0.0028 92 -145 298 39
Rice_with_Shredded_Chicken 0.0025 255 -34 324 69
Rice_with_Shredded_Chicken 0.0023 5 -204 345 88
Rice_with_Shredded_Chicken 0.0021 131 -69 218 -21
Rice_with_Shredded_Chicken 0.0020 270 68 299 93
Rice_with_Shredded_Chicken 0.0018 224 60 252 79
Rice_with_Shredded_Chicken 0.0016 238 59 308 137
Rice_with_Shredded_Chicken 0.0016 216 -100 370 144
Rice_with_Shredded_Chicken 0.0015 135 -113 223 17
Rice_with_Shredded_Chicken 0.0013 205 -6 260 19
Rice_with_Shredded_Chicken 0.0012 37 99 309 293
Rice_with_Shredded_Chicken 0.0012 200 1 253 34
Rice_with_Shredded_Chicken 0.0012 274 33 306 60
Rice_with_Shredded_Chicken 0.0011 75 -99 281 3
Rice_with_Shredded_Chicken 0.0011 216 79 249 105
Rice_with_Shredded_Chicken 0.0011 178 40 293 139
migao 0.0708 41 7 153 169
migao 0.0419 255 84 290 111
migao 0.0297 -4 33 199 145
migao 0.0160 247 64 275 86
migao 0.0149 224 75 253 97
migao 0.0139 -5 -5 91 53
migao 0.0079 217 -2 271 26
migao 0.0069 274 0 306 35
migao 0.0066 -3 48 20 102
migao 0.0062 213 117 285 159
migao 0.0060 228 97 260 121
migao 0.0047 169 -25 318 50
migao 0.0043 239 68 272 93
migao 0.0042 223 -19 357 55
migao 0.0030 199 -40 288 64
migao 0.0029 270 68 299 93
migao 0.0028 224 60 252 79
migao 0.0027 56 -137 289 27
migao 0.0024 255 -34 324 69
migao 0.0024 131 -69 218 -21
migao 0.0019 217 -49 367 90
migao 0.0018 135 -113 223 17
migao 0.0018 5 -204 345 88
migao 0.0016 205 -6 260 19
migao 0.0015 216 79 249 105
migao 0.0015 200 1 253 34
migao 0.0015 100 168 186 223
migao 0.0014 274 33 306 60
migao 0.0012 106 157 223 233
migao 0.0010 238 59 308 137
wagui 0.1063 255 84 290 111
wagui 0.0407 247 64 275 86
wagui 0.0324 224 75 253 97
wagui 0.0163 -5 -5 91 53
wagui 0.0131 228 97 260 121
wagui 0.0126 213 117 285 159
wagui 0.0100 217 -2 271 26
wagui 0.0098 -4 33 199 145
wagui 0.0088 239 68 272 93
wagui 0.0075 41 7 153 169
wagui 0.0075 274 0 306 35
wagui 0.0061 270 68 299 93
wagui 0.0048 100 168 186 223
wagui 0.0048 224 60 252 79
wagui 0.0047 223 -19 357 55
wagui 0.0044 169 -25 318 50
wagui 0.0043 -3 48 20 102
wagui 0.0035 199 -40 288 64
wagui 0.0030 255 -34 324 69
wagui 0.0030 216 79 249 105
wagui 0.0027 5 -204 345 88
wagui 0.0024 86 -153 303 42
wagui 0.0024 238 59 308 137
wagui 0.0023 205 -6 260 19
wagui 0.0023 274 33 306 60
wagui 0.0022 178 40 293 139
wagui 0.0021 216 -100 370 144
wagui 0.0020 200 1 253 34
wagui 0.0014 131 -69 218 -21
wagui 0.0014 202 102 293 190
wagui 0.0014 221 36 301 114
wagui 0.0014 135 -113 223 17
wagui 0.0013 86 -84 178 -30
wagui 0.0012 -22 -154 227 43
wagui 0.0012 47 137 241 248
wagui 0.0011 75 -99 281 3
wagui 0.0011 37 99 309 293
wagui 0.0010 106 157 223 233
wagui 0.0010 111 2 193 33
