Kongrou 0.0106 32 19 245 143
Kongrou 0.0092 73 -7 205 170
Kongrou 0.0034 126 -59 212 -17
Kongrou 0.0029 130 -112 216 30
Kongrou 0.0028 256 74 295 182
Kongrou 0.0025 15 84 107 190
Kongrou 0.0018 68 -88 277 5
Kongrou 0.0017 -24 71 146 202
Kongrou 0.0017 94 52 189 137
Kongrou 0.0016 -25 -162 225 66
Kongrou 0.0014 -51 -127 119 74
Kongrou 0.0014 88 -150 288 54
Kongrou 0.0011 268 98 294 158
Kongrou 0.0010 84 -75 172 -25
Rouzaofun 0.2042 90 15 211 167
Rouzaofun 0.0131 256 74 295 182
Rouzaofun 0.0119 15 84 107 190
Rouzaofun 0.0062 43 12 256 128
Rouzaofun 0.0042 -24 71 146 202
Rouzaofun 0.0038 93 57 190 143
Rouzaofun 0.0037 268 98 294 158
Rouzaofun 0.0029 126 -59 212 -17
Rouzaofun 0.0023 130 -112 216 30
Rouzaofun 0.0021 254 84 285 150
Rouzaofun 0.0019 241 94 310 162
Rouzaofun 0.0016 68 -88 277 5
Rouzaofun 0.0016 -39 108 155 241
Rouzaofun 0.0016 -25 -162 225 66
Rouzaofun 0.0014 55 69 216 132
Rouzaofun 0.0014 -51 -127 119 74
Rouzaofun 0.0013 58 37 276 177
Rouzaofun 0.0013 7 96 93 244
Rouzaofun 0.0012 272 117 301 162
Rice_with_Shredded_Chicken 0.0466 90 15 211 167
Rice_with_Shredded_Chicken 0.0106 15 84 107 190
Rice_with_Shredded_Chicken 0.0083 252 69 288 187
Rice_with_Shredded_Chicken 0.0045 258 90 293 166
Rice_with_Shredded_Chicken 0.0044 -24 71 146 202
Rice_with_Shredded_Chicken 0.0037 34 10 243 131
Rice_with_Shredded_Chicken 0.0029 126 -59 212 -17
Rice_with_Shredded_Chicken 0.0029 -25 -162 225 66
Rice_with_Shredded_Chicken 0.0023 130 -112 216 30
Rice_with_Shredded_Chicken 0.0019 268 95 294 150
Rice_with_Shredded_Chicken 0.0017 68 -88 277 5
Rice_with_Shredded_Chicken 0.0016 93 57 190 143
Rice_with_Shredded_Chicken 0.0015 -58 -138 130 44
Rice_with_Shredded_Chicken 0.0015 88 -150 288 54
Rice_with_Shredded_Chicken 0.0013 241 94 310 162
migao 0.0348 46 17 253 144
migao 0.0076 256 74 295 182
migao 0.0073 92 35 209 170
migao 0.0052 15 84 107 190
migao 0.0037 268 98 294 158
migao 0.0036 126 -59 212 -17
migao 0.0030 -24 71 146 202
migao 0.0027 130 -112 216 30
migao 0.0022 254 84 285 150
migao 0.0020 -25 -162 225 66
migao 0.0019 68 -88 277 5
migao 0.0017 65 62 218 128
migao 0.0016 241 94 310 162
migao 0.0012 -51 -127 119 74
migao 0.0012 272 117 301 162
migao 0.0011 109 50 197 139
migao 0.0011 88 -150 288 54
wagui 0.0601 73 -7 205 170
wagui 0.0398 32 19 245 143
wagui 0.0072 252 69 288 187
wagui 0.0068 15 84 107 190
wagui 0.0038 -25 -162 225 66
wagui 0.0036 258 90 293 166
wagui 0.0024 126 -59 212 -17
wagui 0.0023 -24 71 146 202
wagui 0.0023 268 95 294 150
wagui 0.0021 130 -112 216 30
wagui 0.0017 68 -88 277 5
wagui 0.0014 84 -75 172 -25
wagui 0.0013 94 52 189 137
wagui 0.0013 -58 -138 130 44
wagui 0.0012 88 -150 288 54
wagui 0.0012 241 94 310 162
wagui 0.0012 -11 -20 155 182
wagui 0.0011 272 117 301 162
wagui 0.0010 7 96 93 244
