Kongrou 0.0852 151 75 424 441
Kongrou 0.0327 68 118 505 354
Kongrou 0.0282 292 12 512 184
Kongrou 0.0079 26 29 574 421
Kongrou 0.0030 185 -18 618 215
Kongrou 0.0014 163 113 354 278
Kongrou 0.0011 -55 -91 194 258
Rouzaofun 0.0143 92 102 504 425
Rouzaofun 0.0043 266 11 494 185
Rouzaofun 0.0014 185 -18 618 215
Rouzaofun 0.0013 -55 -91 194 258
Rouzaofun 0.0013 163 113 354 278
Rouzaofun 0.0010 253 389 405 594
Rice_with_Shredded_Chicken 0.0583 92 102 504 425
Rice_with_Shredded_Chicken 0.0226 292 12 512 184
Rice_with_Shredded_Chicken 0.0031 185 -18 618 215
Rice_with_Shredded_Chicken 0.0010 -55 -91 194 258
migao 0.0729 92 102 504 425
migao 0.0161 292 12 512 184
migao 0.0025 157 66 418 363
migao 0.0024 185 -18 618 215
migao 0.0013 253 389 405 594
migao 0.0011 -55 -91 194 258
migao 0.0010 163 113 354 278
wagui 0.0586 292 12 512 184
wagui 0.0120 92 102 504 425
wagui 0.0037 185 -18 618 215
wagui 0.0012 -86 -129 238 303
