Kongrou 0.0129 444 -12 891 640
Kongrou 0.0099 533 -260 871 -106
Kongrou 0.0074 543 -478 892 89
Kongrou 0.0055 284 -377 1146 -10
Kongrou 0.0051 471 752 839 913
Kongrou 0.0034 356 681 703 892
Kongrou 0.0034 379 -561 1195 128
Kongrou 0.0034 480 525 862 1111
Kongrou 0.0033 266 87 1070 537
Kongrou 0.0029 200 618 1138 1020
Kongrou 0.0027 236 -120 951 799
Kongrou 0.0018 542 -328 962 -49
Kongrou 0.0013 673 -583 1619 176
Kongrou 0.0013 438 -364 597 78
Kongrou 0.0012 346 -346 716 -117
Kongrou 0.0011 -15 -839 1424 380
Kongrou 0.0010 608 327 1493 1104
Rouzaofun 0.0182 96 58 1093 625
Rouzaofun 0.0155 449 77 887 637
Rouzaofun 0.0073 533 -260 871 -106
Rouzaofun 0.0071 236 -120 951 799
Rouzaofun 0.0057 543 -478 892 89
Rouzaofun 0.0042 284 -377 1146 -10
Rouzaofun 0.0037 471 752 839 913
Rouzaofun 0.0028 200 618 1138 1020
Rouzaofun 0.0025 480 525 862 1111
Rouzaofun 0.0021 438 -364 597 78
Rouzaofun 0.0021 379 -561 1195 128
Rouzaofun 0.0018 542 -328 962 -49
Rouzaofun 0.0014 -15 -839 1424 380
Rouzaofun 0.0013 133 -279 938 -11
Rouzaofun 0.0010 154 -260 627 150
Rouzaofun 0.0010 608 -353 799 74
Rice_with_Shredded_Chicken 0.0166 96 58 1093 625
Rice_with_Shredded_Chicken 0.0067 533 -260 871 -106
Rice_with_Shredded_Chicken 0.0059 236 -120 951 799
Rice_with_Shredded_Chicken 0.0058 543 -478 892 89
Rice_with_Shredded_Chicken 0.0044 284 -377 1146 -10
Rice_with_Shredded_Chicken 0.0032 471 752 839 913
Rice_with_Shredded_Chicken 0.0029 379 -561 1195 128
Rice_with_Shredded_Chicken 0.0027 402 -10 848 637
Rice_with_Shredded_Chicken 0.0024 480 525 862 1111
Rice_with_Shredded_Chicken 0.0024 200 618 1138 1020
Rice_with_Shredded_Chicken 0.0019 -15 -839 1424 380
Rice_with_Shredded_Chicken 0.0019 542 -328 962 -49
Rice_with_Shredded_Chicken 0.0015 761 -662 1545 218
Rice_with_Shredded_Chicken 0.0011 608 -353 799 74
Rice_with_Shredded_Chicken 0.0010 154 -260 627 150
Rice_with_Shredded_Chicken 0.0010 438 -364 597 78
migao 0.0257 444 -12 891 640
migao 0.0209 96 58 1093 625
migao 0.0096 533 -260 871 -106
migao 0.0076 236 -120 951 799
migao 0.0066 543 -478 892 89
migao 0.0056 471 752 839 913
migao 0.0051 284 -377 1146 -10
migao 0.0033 480 525 862 1111
migao 0.0032 379 -561 1195 128
migao 0.0031 200 618 1138 1020
migao 0.0028 438 -364 597 78
migao 0.0019 542 -328 962 -49
migao 0.0015 -15 -839 1424 380
migao 0.0015 608 -353 799 74
migao 0.0012 133 -279 938 -11
migao 0.0011 673 -583 1619 176
migao 0.0011 356 681 703 892
migao 0.0010 577 211 1530 1203
migao 0.0010 260 -517 806 223
wagui 0.0730 96 58 1093 625
wagui 0.0136 402 -10 848 637
wagui 0.0094 236 -120 951 799
wagui 0.0061 533 -260 871 -106
wagui 0.0049 543 -478 892 89
wagui 0.0044 284 -377 1146 -10
wagui 0.0027 471 752 839 913
wagui 0.0025 356 681 703 892
wagui 0.0025 -15 -839 1424 380
wagui 0.0024 379 -561 1195 128
wagui 0.0022 200 618 1138 1020
wagui 0.0022 480 525 862 1111
wagui 0.0017 346 -346 716 -117
wagui 0.0015 438 -364 597 78
wagui 0.0010 761 -662 1545 218
