Kongrou 0.0382 42 10 220 182
Kongrou 0.0069 55 4 174 142
Kongrou 0.0034 19 5 130 139
Kongrou 0.0015 121 -78 189 42
Kongrou 0.0014 116 -28 186 -1
Kongrou 0.0014 78 -108 258 61
Kongrou 0.0011 -5 11 193 113
Kongrou 0.0011 -14 -43 83 49
Kongrou 0.0010 0 -48 107 14
Kongrou 0.0010 4 37 163 166
Rouzaofun 0.5647 20 29 238 166
Rouzaofun 0.0083 116 37 213 166
Rouzaofun 0.0066 39 69 170 174
Rouzaofun 0.0023 38 3 170 142
Rouzaofun 0.0011 78 -108 258 61
Rouzaofun 0.0011 53 -21 281 214
Rouzaofun 0.0010 121 -78 189 42
Rouzaofun 0.0010 116 -28 186 -1
Rouzaofun 0.0010 118 -41 205 9
Rouzaofun 0.0010 0 -48 107 14
Rice_with_Shredded_Chicken 0.1687 20 29 238 166
Rice_with_Shredded_Chicken 0.0016 38 3 170 142
Rice_with_Shredded_Chicken 0.0014 78 -108 258 61
Rice_with_Shredded_Chicken 0.0013 39 69 170 174
Rice_with_Shredded_Chicken 0.0012 121 -78 189 42
Rice_with_Shredded_Chicken 0.0010 96 47 251 156
migao 0.2001 20 29 238 166
migao 0.0016 116 37 213 166
migao 0.0015 116 -28 186 -1
migao 0.0014 38 3 170 142
migao 0.0013 121 -78 189 42
migao 0.0012 39 69 170 174
migao 0.0012 80 -94 257 49
migao 0.0010 118 -41 205 9
wagui 0.0290 42 10 220 182
wagui 0.0017 14 20 192 125
wagui 0.0012 116 -28 186 -1
wagui 0.0012 64 -133 277 84
wagui 0.0010 231 61 261 127
