Kongrou 0.0096 131 -71 220 -21
Kongrou 0.0080 131 -119 227 21
Kongrou 0.0075 134 15 242 142
Kongrou 0.0060 44 31 122 61
Kongrou 0.0054 78 -97 279 0
Kongrou 0.0046 63 37 292 141
Kongrou 0.0026 112 182 215 232
Kongrou 0.0023 40 17 127 75
Kongrou 0.0021 52 -138 294 27
Kongrou 0.0019 114 136 220 272
Kongrou 0.0018 89 169 175 223
Kongrou 0.0018 11 -192 338 78
Kongrou 0.0017 56 148 277 259
Kongrou 0.0016 86 -85 179 -30
Kongrou 0.0015 133 -33 348 110
Rouzaofun 0.1098 133 30 244 147
Rouzaofun 0.0354 63 37 292 141
Rouzaofun 0.0167 44 31 122 61
Rouzaofun 0.0083 131 -71 220 -21
Rouzaofun 0.0063 131 -119 227 21
Rouzaofun 0.0051 40 17 127 75
Rouzaofun 0.0048 78 -97 279 0
Rouzaofun 0.0025 112 182 215 232
Rouzaofun 0.0020 110 -83 148 11
Rouzaofun 0.0019 56 148 277 259
Rouzaofun 0.0019 11 -192 338 78
Rouzaofun 0.0017 52 -138 294 27
Rouzaofun 0.0014 149 -71 334 145
Rouzaofun 0.0014 114 136 220 272
Rouzaofun 0.0010 34 -70 233 -2
Rice_with_Shredded_Chicken 0.1157 119 29 236 148
Rice_with_Shredded_Chicken 0.0330 63 37 292 141
Rice_with_Shredded_Chicken 0.0097 44 31 122 61
Rice_with_Shredded_Chicken 0.0081 131 -71 220 -21
Rice_with_Shredded_Chicken 0.0061 131 -119 227 21
Rice_with_Shredded_Chicken 0.0047 78 -97 279 0
Rice_with_Shredded_Chicken 0.0032 40 17 127 75
Rice_with_Shredded_Chicken 0.0026 11 -192 338 78
Rice_with_Shredded_Chicken 0.0026 52 -138 294 27
Rice_with_Shredded_Chicken 0.0019 112 182 215 232
Rice_with_Shredded_Chicken 0.0016 56 148 277 259
Rice_with_Shredded_Chicken 0.0013 114 136 220 272
migao 0.0823 119 29 236 148
migao 0.0225 63 37 292 141
migao 0.0171 44 31 122 61
migao 0.0099 131 -71 220 -21
migao 0.0070 131 -119 227 21
migao 0.0054 78 -97 279 0
migao 0.0032 112 182 215 232
migao 0.0031 40 17 127 75
migao 0.0030 52 -138 294 27
migao 0.0023 110 -83 148 11
migao 0.0021 11 -192 338 78
migao 0.0019 56 148 277 259
migao 0.0018 114 136 220 272
migao 0.0012 149 -71 334 145
migao 0.0010 34 -70 233 -2
wagui 0.3518 119 29 236 148
wagui 0.0505 63 37 292 141
wagui 0.0186 44 31 122 61
wagui 0.0059 131 -71 220 -21
wagui 0.0058 131 -119 227 21
wagui 0.0048 78 -97 279 0
wagui 0.0036 40 17 127 75
wagui 0.0031 11 -192 338 78
wagui 0.0024 86 -85 179 -30
wagui 0.0022 52 -138 294 27
wagui 0.0022 133 -33 348 110
wagui 0.0014 110 -83 148 11
wagui 0.0013 186 -20 286 106
wagui 0.0013 56 148 277 259
wagui 0.0013 114 136 220 272
wagui 0.0013 89 169 175 223
wagui 0.0012 112 182 215 232
wagui 0.0011 120 -101 363 173
