Kongrou 0.0238 21 16 93 82
Kongrou 0.0201 92 1 171 77
Kongrou 0.0126 51 73 113 144
Kongrou 0.0086 52 143 142 194
Kongrou 0.0085 122 77 201 160
Kongrou 0.0071 32 31 81 78
Kongrou 0.0052 100 15 162 54
Kongrou 0.0045 67 89 106 129
Kongrou 0.0040 72 15 191 63
Kongrou 0.0032 96 90 226 148
Kongrou 0.0026 10 3 249 189
Kongrou 0.0020 43 92 100 136
Kongrou 0.0018 125 48 221 176
Kongrou 0.0014 23 87 130 141
Kongrou 0.0014 58 -3 200 160
Kongrou 0.0012 103 28 159 71
Kongrou 0.0010 80 -111 254 63
Rouzaofun 0.0676 92 1 171 77
Rouzaofun 0.0503 51 73 113 144
Rouzaofun 0.0502 21 16 93 82
Rouzaofun 0.0228 32 31 81 78
Rouzaofun 0.0223 123 55 205 188
Rouzaofun 0.0130 52 143 142 194
Rouzaofun 0.0118 67 89 106 129
Rouzaofun 0.0113 72 15 191 63
Rouzaofun 0.0109 100 15 162 54
Rouzaofun 0.0076 116 85 197 163
Rouzaofun 0.0049 23 87 130 141
Rouzaofun 0.0047 43 92 100 136
Rouzaofun 0.0037 103 28 159 71
Rouzaofun 0.0037 95 83 228 144
Rouzaofun 0.0036 10 3 249 189
Rouzaofun 0.0029 95 70 252 174
Rouzaofun 0.0022 50 89 93 118
Rouzaofun 0.0018 58 -3 200 160
Rouzaofun 0.0012 125 103 188 145
Rice_with_Shredded_Chicken 0.0436 92 1 171 77
Rice_with_Shredded_Chicken 0.0434 21 16 93 82
Rice_with_Shredded_Chicken 0.0258 50 79 114 148
Rice_with_Shredded_Chicken 0.0159 32 31 81 78
Rice_with_Shredded_Chicken 0.0126 52 143 142 194
Rice_with_Shredded_Chicken 0.0118 125 57 222 186
Rice_with_Shredded_Chicken 0.0085 72 15 191 63
Rice_with_Shredded_Chicken 0.0074 122 77 201 160
Rice_with_Shredded_Chicken 0.0066 100 15 162 54
Rice_with_Shredded_Chicken 0.0053 67 89 106 129
Rice_with_Shredded_Chicken 0.0043 96 90 226 148
Rice_with_Shredded_Chicken 0.0028 23 84 131 134
Rice_with_Shredded_Chicken 0.0025 43 92 100 136
Rice_with_Shredded_Chicken 0.0024 10 3 249 189
Rice_with_Shredded_Chicken 0.0019 103 28 159 71
Rice_with_Shredded_Chicken 0.0014 58 -3 200 160
Rice_with_Shredded_Chicken 0.0013 50 89 93 118
Rice_with_Shredded_Chicken 0.0011 54 -143 287 93
Rice_with_Shredded_Chicken 0.0011 84 -92 254 47
migao 0.0543 92 1 171 77
migao 0.0539 21 16 93 82
migao 0.0343 50 79 114 148
migao 0.0189 32 31 81 78
migao 0.0138 123 55 205 188
migao 0.0124 52 143 142 194
migao 0.0108 72 15 191 63
migao 0.0093 67 89 106 129
migao 0.0085 100 15 162 54
migao 0.0060 96 90 226 148
migao 0.0042 43 92 100 136
migao 0.0040 95 70 252 174
migao 0.0034 23 84 131 134
migao 0.0029 103 28 159 71
migao 0.0024 10 3 249 189
migao 0.0022 112 78 190 160
migao 0.0018 50 89 93 118
migao 0.0015 58 -3 200 160
migao 0.0010 84 -92 254 47
migao 0.0010 97 -16 126 17
wagui 0.0993 21 16 93 82
wagui 0.0496 92 1 171 77
wagui 0.0402 125 57 222 186
wagui 0.0315 32 31 81 78
wagui 0.0255 52 143 142 194
wagui 0.0248 51 73 113 144
wagui 0.0100 97 16 155 52
wagui 0.0097 67 89 106 129
wagui 0.0090 72 15 191 63
wagui 0.0086 122 77 201 160
wagui 0.0044 96 90 226 148
wagui 0.0041 103 28 159 71
wagui 0.0039 43 92 100 136
wagui 0.0032 10 3 249 189
wagui 0.0028 23 87 130 141
wagui 0.0021 50 89 93 118
wagui 0.0012 58 -3 200 160
wagui 0.0011 54 -143 287 93
