Kongrou 0.0661 485 42 1123 842
Kongrou 0.0228 267 195 1354 802
Kongrou 0.0178 675 -441 1158 -98
Kongrou 0.0126 651 -682 1214 121
Kongrou 0.0099 431 -567 1424 3
Kongrou 0.0049 653 899 1176 1198
Kongrou 0.0034 654 684 1212 1387
Kongrou 0.0034 653 -343 1051 -180
Kongrou 0.0034 495 -473 733 41
Kongrou 0.0027 409 746 1446 1317
Kongrou 0.0027 1150 255 1578 653
Kongrou 0.0023 463 -479 918 -176
Kongrou 0.0020 122 -412 1145 -26
Kongrou 0.0018 247 -676 1015 240
Kongrou 0.0013 392 -864 1385 229
Kongrou 0.0012 756 -422 952 6
Kongrou 0.0011 474 214 994 695
Kongrou 0.0011 -15 -584 540 35
Kongrou 0.0010 -23 40 292 687
Kongrou 0.0010 473 849 905 1135
Kongrou 0.0010 50 27 1505 1028
Rouzaofun 0.0711 499 54 1115 938
Rouzaofun 0.0597 267 195 1354 802
Rouzaofun 0.0148 675 -441 1158 -98
Rouzaofun 0.0102 651 -682 1214 121
Rouzaofun 0.0091 431 -567 1424 3
Rouzaofun 0.0052 495 -473 733 41
Rouzaofun 0.0049 653 899 1176 1198
Rouzaofun 0.0033 409 746 1446 1317
Rouzaofun 0.0029 122 -412 1145 -26
Rouzaofun 0.0028 654 684 1212 1387
Rouzaofun 0.0021 1153 275 1576 692
Rouzaofun 0.0019 -8 -10 220 141
Rouzaofun 0.0017 653 -343 1051 -180
Rouzaofun 0.0016 474 214 994 695
Rouzaofun 0.0014 247 -676 1015 240
Rouzaofun 0.0013 -23 40 292 687
Rouzaofun 0.0013 -15 -584 540 35
Rouzaofun 0.0012 756 -422 952 6
Rouzaofun 0.0011 369 -487 891 -171
Rouzaofun 0.0011 306 252 1160 595
Rouzaofun 0.0010 392 -864 1385 229
Rouzaofun 0.0010 283 -487 721 51
Rouzaofun 0.0010 574 855 951 1138
Rice_with_Shredded_Chicken 0.0172 267 195 1354 802
Rice_with_Shredded_Chicken 0.0156 675 -441 1158 -98
Rice_with_Shredded_Chicken 0.0097 651 -682 1214 121
Rice_with_Shredded_Chicken 0.0086 431 -567 1424 3
Rice_with_Shredded_Chicken 0.0052 653 899 1176 1198
Rice_with_Shredded_Chicken 0.0046 499 54 1115 938
Rice_with_Shredded_Chicken 0.0027 409 746 1446 1317
Rice_with_Shredded_Chicken 0.0025 654 684 1212 1387
Rice_with_Shredded_Chicken 0.0024 573 -473 772 46
Rice_with_Shredded_Chicken 0.0022 122 -412 1145 -26
Rice_with_Shredded_Chicken 0.0016 653 -343 1051 -180
Rice_with_Shredded_Chicken 0.0015 1150 255 1578 653
Rice_with_Shredded_Chicken 0.0014 247 -676 1015 240
Rice_with_Shredded_Chicken 0.0014 -15 -584 540 35
Rice_with_Shredded_Chicken 0.0014 756 -422 952 6
Rice_with_Shredded_Chicken 0.0014 -8 -10 220 141
Rice_with_Shredded_Chicken 0.0012 392 -864 1385 229
Rice_with_Shredded_Chicken 0.0012 -135 -753 1218 132
migao 0.1047 267 195 1354 802
migao 0.0823 499 54 1115 938
migao 0.0180 675 -441 1158 -98
migao 0.0119 651 -682 1214 121
migao 0.0100 431 -567 1424 3
migao 0.0068 495 -473 733 41
migao 0.0064 653 899 1176 1198
migao 0.0035 654 684 1212 1387
migao 0.0033 409 746 1446 1317
migao 0.0033 122 -412 1145 -26
migao 0.0029 653 -343 1051 -180
migao 0.0025 -8 -10 220 141
migao 0.0024 1153 275 1576 692
migao 0.0023 247 -676 1015 240
migao 0.0022 756 -422 952 6
migao 0.0013 -90 116 360 673
migao 0.0011 327 274 1140 633
migao 0.0010 -403 651 541 1610
migao 0.0010 -15 -584 540 35
migao 0.0010 574 855 951 1138
wagui 0.0142 267 195 1354 802
wagui 0.0110 651 -682 1214 121
wagui 0.0092 675 -441 1158 -98
wagui 0.0081 431 -567 1424 3
wagui 0.0062 499 54 1115 938
wagui 0.0061 495 -473 733 41
wagui 0.0032 -8 -10 220 141
wagui 0.0032 463 -479 918 -176
wagui 0.0029 122 -412 1145 -26
wagui 0.0028 653 -343 1051 -180
wagui 0.0025 654 684 1212 1387
wagui 0.0023 653 899 1176 1198
wagui 0.0023 409 746 1446 1317
wagui 0.0021 1153 275 1576 692
wagui 0.0018 -135 -753 1218 132
wagui 0.0017 756 -422 952 6
wagui 0.0016 283 -487 721 51
wagui 0.0012 211 -944 1610 292
wagui 0.0011 -90 116 360 673
wagui 0.0010 574 855 951 1138
wagui 0.0010 247 -676 1015 240
wagui 0.0010 -15 -584 540 35
