Kongrou 0.0064 37 8 259 186
Kongrou 0.0025 209 165 253 192
Kongrou 0.0013 193 139 270 217
Kongrou 0.0012 -75 4 134 270
Kongrou 0.0012 56 -115 240 67
Kongrou 0.0011 -32 -29 90 186
Rouzaofun 0.5122 37 8 259 186
Rouzaofun 0.0040 44 31 184 152
Rouzaofun 0.0029 209 165 253 192
Rouzaofun 0.0028 135 109 233 214
Rouzaofun 0.0021 85 14 263 128
Rouzaofun 0.0019 132 32 237 131
Rouzaofun 0.0018 74 46 224 225
Rouzaofun 0.0015 193 139 270 217
Rouzaofun 0.0015 90 86 258 196
Rouzaofun 0.0014 -32 -29 90 186
Rouzaofun 0.0013 -16 -40 234 157
Rouzaofun 0.0013 -48 34 106 238
Rouzaofun 0.0012 49 -22 248 100
Rouzaofun 0.0010 120 62 229 182
Rice_with_Shredded_Chicken 0.0255 15 10 242 184
Rice_with_Shredded_Chicken 0.0023 209 165 253 192
Rice_with_Shredded_Chicken 0.0013 193 139 270 217
Rice_with_Shredded_Chicken 0.0013 -32 -29 90 186
Rice_with_Shredded_Chicken 0.0012 54 -85 244 36
Rice_with_Shredded_Chicken 0.0011 25 -120 275 71
migao 0.1480 15 10 242 184
migao 0.0034 209 165 253 192
migao 0.0012 193 139 270 217
migao 0.0011 -32 -29 90 186
migao 0.0010 -75 4 134 270
migao 0.0010 56 -115 240 67
migao 0.0010 44 31 184 152
wagui 0.0137 15 10 242 184
wagui 0.0048 209 165 253 192
wagui 0.0015 193 139 270 217
wagui 0.0014 -32 -29 90 186
wagui 0.0011 -48 34 106 238
wagui 0.0011 56 -115 240 67
wagui 0.0011 105 -13 138 14
