Kongrou 0.0069 178 5 264 83
Kongrou 0.0037 13 45 207 189
Kongrou 0.0032 209 105 263 201
Kongrou 0.0022 149 18 283 71
Kongrou 0.0013 62 -109 234 61
Kongrou 0.0013 52 21 176 163
Kongrou 0.0012 115 172 168 252
Kongrou 0.0011 190 24 253 64
Kongrou 0.0011 189 122 283 185
Kongrou 0.0010 105 148 184 274
Rouzaofun 0.3926 20 38 200 188
Rouzaofun 0.1255 175 -11 252 96
Rouzaofun 0.0075 199 3 263 85
Rouzaofun 0.0074 209 105 263 201
Rouzaofun 0.0069 149 18 283 71
Rouzaofun 0.0068 78 25 190 158
Rouzaofun 0.0044 0 -1 261 156
Rouzaofun 0.0040 -5 -23 224 98
Rouzaofun 0.0033 143 0 284 104
Rouzaofun 0.0026 189 122 283 185
Rouzaofun 0.0024 190 24 253 64
Rouzaofun 0.0014 62 -109 234 61
Rouzaofun 0.0013 115 172 168 252
Rouzaofun 0.0011 37 25 151 157
Rouzaofun 0.0010 175 30 237 69
Rouzaofun 0.0010 -37 174 66 267
Rice_with_Shredded_Chicken 0.0223 20 38 200 188
Rice_with_Shredded_Chicken 0.0120 175 -11 252 96
Rice_with_Shredded_Chicken 0.0041 209 105 263 201
Rice_with_Shredded_Chicken 0.0040 149 18 283 71
Rice_with_Shredded_Chicken 0.0028 199 3 263 85
Rice_with_Shredded_Chicken 0.0019 189 122 283 185
Rice_with_Shredded_Chicken 0.0018 -5 -23 224 98
Rice_with_Shredded_Chicken 0.0018 34 -88 264 38
Rice_with_Shredded_Chicken 0.0014 115 172 168 252
Rice_with_Shredded_Chicken 0.0014 143 0 284 104
Rice_with_Shredded_Chicken 0.0011 184 23 248 65
migao 0.1328 20 38 200 188
migao 0.0537 175 -11 252 96
migao 0.0057 209 105 263 201
migao 0.0053 149 18 283 71
migao 0.0044 199 3 263 85
migao 0.0028 189 122 283 185
migao 0.0020 115 172 168 252
migao 0.0019 143 0 284 104
migao 0.0016 184 23 248 65
migao 0.0016 34 -88 264 38
migao 0.0014 0 -1 261 156
migao 0.0013 78 25 190 158
migao 0.0011 -5 -23 224 98
migao 0.0011 105 148 184 274
wagui 0.0127 20 38 200 188
wagui 0.0084 173 6 259 82
wagui 0.0038 209 105 263 201
wagui 0.0026 143 18 279 70
wagui 0.0019 189 122 283 185
wagui 0.0019 145 -11 282 96
wagui 0.0013 62 -109 234 61
wagui 0.0010 190 24 253 64
