Kongrou 0.0249 216 25 275 130
Kongrou 0.0247 96 34 187 158
Kongrou 0.0074 201 44 290 111
Kongrou 0.0056 -7 -7 75 57
Kongrou 0.0046 46 41 218 151
Kongrou 0.0040 69 72 210 126
Kongrou 0.0035 242 30 281 125
Kongrou 0.0028 118 -50 203 -5
Kongrou 0.0025 119 -94 210 34
Kongrou 0.0021 113 -15 213 62
Kongrou 0.0019 101 76 178 122
Kongrou 0.0018 82 -131 276 57
Kongrou 0.0017 66 -77 261 17
Kongrou 0.0014 221 53 269 113
Kongrou 0.0014 6 -8 266 192
Kongrou 0.0013 112 186 188 223
Kongrou 0.0011 114 141 193 261
Kongrou 0.0010 1 2 56 48
Rouzaofun 0.1174 96 34 187 158
Rouzaofun 0.0322 216 25 275 130
Rouzaofun 0.0152 46 41 218 151
Rouzaofun 0.0112 201 44 290 111
Rouzaofun 0.0087 -7 -7 75 57
Rouzaofun 0.0078 69 72 210 126
Rouzaofun 0.0055 113 -15 213 62
Rouzaofun 0.0030 118 -50 203 -5
Rouzaofun 0.0029 242 30 281 125
Rouzaofun 0.0029 101 76 178 122
Rouzaofun 0.0021 221 53 269 113
Rouzaofun 0.0021 119 -94 210 34
Rouzaofun 0.0018 1 2 56 48
Rouzaofun 0.0016 -2 75 17 154
Rouzaofun 0.0015 66 -77 261 17
Rouzaofun 0.0014 6 -8 266 192
Rouzaofun 0.0013 -8 49 24 180
Rouzaofun 0.0012 77 -148 283 73
Rouzaofun 0.0011 112 186 188 223
Rice_with_Shredded_Chicken 0.0195 216 25 275 130
Rice_with_Shredded_Chicken 0.0154 92 61 187 137
Rice_with_Shredded_Chicken 0.0111 84 28 179 164
Rice_with_Shredded_Chicken 0.0091 101 -16 205 62
Rice_with_Shredded_Chicken 0.0088 201 44 290 111
Rice_with_Shredded_Chicken 0.0081 46 41 218 151
Rice_with_Shredded_Chicken 0.0051 -7 -7 75 57
Rice_with_Shredded_Chicken 0.0029 118 -50 203 -5
Rice_with_Shredded_Chicken 0.0020 119 -94 210 34
Rice_with_Shredded_Chicken 0.0018 242 30 281 125
Rice_with_Shredded_Chicken 0.0015 66 -77 261 17
Rice_with_Shredded_Chicken 0.0015 77 -148 283 73
Rice_with_Shredded_Chicken 0.0013 -2 75 17 154
Rice_with_Shredded_Chicken 0.0012 101 76 178 122
migao 0.0974 96 34 187 158
migao 0.0374 216 25 275 130
migao 0.0175 46 41 218 151
migao 0.0137 201 44 290 111
migao 0.0075 69 72 210 126
migao 0.0072 -7 -7 75 57
migao 0.0037 113 -15 213 62
migao 0.0034 118 -50 203 -5
migao 0.0029 242 30 281 125
migao 0.0023 119 -94 210 34
migao 0.0018 101 76 178 122
migao 0.0018 66 -77 261 17
migao 0.0016 -2 75 17 154
migao 0.0016 112 186 188 223
migao 0.0015 6 -8 266 192
migao 0.0015 1 2 56 48
migao 0.0013 77 -148 283 73
migao 0.0012 248 -2 275 21
migao 0.0012 221 53 269 113
migao 0.0011 114 141 193 261
wagui 0.0622 84 28 179 164
wagui 0.0259 216 25 275 130
wagui 0.0171 101 -16 205 62
wagui 0.0167 92 61 187 137
wagui 0.0159 46 41 218 151
wagui 0.0115 201 44 290 111
wagui 0.0057 -7 -7 75 57
wagui 0.0034 -2 75 17 154
wagui 0.0032 248 -2 275 21
wagui 0.0027 242 30 281 125
wagui 0.0021 118 -50 203 -5
wagui 0.0019 119 -94 210 34
wagui 0.0016 66 -77 261 17
wagui 0.0016 5 -173 318 95
wagui 0.0015 6 -8 266 192
wagui 0.0014 82 -131 276 57
wagui 0.0013 101 76 178 122
wagui 0.0012 -8 49 24 180
wagui 0.0011 1 2 56 48
wagui 0.0011 1 90 24 161
wagui 0.0010 58 -31 247 77
wagui 0.0010 221 53 269 113
