Kongrou 0.0025 8 9 218 142
Kongrou 0.0020 203 48 243 186
Kongrou 0.0012 187 76 259 159
Rouzaofun 0.3064 13 14 212 128
Rouzaofun 0.0058 29 20 125 138
Rouzaofun 0.0038 203 48 243 186
Rouzaofun 0.0029 60 -10 176 108
Rouzaofun 0.0025 75 37 201 140
Rouzaofun 0.0021 187 76 259 159
Rouzaofun 0.0015 50 5 177 181
Rouzaofun 0.0012 20 38 246 189
Rice_with_Shredded_Chicken 0.0082 13 14 212 128
Rice_with_Shredded_Chicken 0.0023 203 48 243 186
Rice_with_Shredded_Chicken 0.0017 187 76 259 159
migao 0.0859 13 14 212 128
migao 0.0027 203 48 243 186
migao 0.0026 187 76 259 159
migao 0.0013 29 20 125 138
wagui 0.0067 13 14 212 128
wagui 0.0022 203 48 243 186
wagui 0.0019 187 76 259 159
