Kongrou 0.0511 218 -8 297 94
Kongrou 0.0136 196 11 319 74
Kongrou 0.0118 39 -10 214 181
Kongrou 0.0049 225 18 290 78
Kongrou 0.0042 86 168 174 223
Kongrou 0.0028 126 -70 219 -15
Kongrou 0.0022 125 -117 227 27
Kongrou 0.0018 121 189 201 225
Kongrou 0.0015 74 -97 277 6
Kongrou 0.0015 123 132 205 275
Kongrou 0.0014 79 -153 256 49
Kongrou 0.0010 47 155 281 253
Kongrou 0.0010 56 92 284 303
Kongrou 0.0010 13 -182 331 74
Kongrou 0.0010 53 161 144 230
Rouzaofun 0.5609 11 0 237 170
Rouzaofun 0.1051 219 -4 296 101
Rouzaofun 0.0274 196 11 319 74
Rouzaofun 0.0088 225 18 290 78
Rouzaofun 0.0043 92 15 214 166
Rouzaofun 0.0029 126 -70 219 -15
Rouzaofun 0.0020 50 43 187 185
Rouzaofun 0.0019 125 -117 227 27
Rouzaofun 0.0018 54 -10 184 124
Rouzaofun 0.0015 74 -97 277 6
Rouzaofun 0.0013 79 -153 256 49
Rouzaofun 0.0011 123 132 205 275
Rouzaofun 0.0011 121 189 201 225
Rouzaofun 0.0010 13 -182 331 74
Rice_with_Shredded_Chicken 0.0738 11 0 237 170
Rice_with_Shredded_Chicken 0.0574 219 -4 296 101
Rice_with_Shredded_Chicken 0.0206 196 11 319 74
Rice_with_Shredded_Chicken 0.0037 225 18 290 78
Rice_with_Shredded_Chicken 0.0032 126 -70 219 -15
Rice_with_Shredded_Chicken 0.0019 125 -117 227 27
Rice_with_Shredded_Chicken 0.0018 59 -130 280 26
Rice_with_Shredded_Chicken 0.0015 13 -182 331 74
Rice_with_Shredded_Chicken 0.0011 123 132 205 275
Rice_with_Shredded_Chicken 0.0010 169 -16 318 109
Rice_with_Shredded_Chicken 0.0010 121 189 201 225
migao 0.1544 11 0 237 170
migao 0.1091 219 -4 296 101
migao 0.0296 196 11 319 74
migao 0.0055 225 18 290 78
migao 0.0031 126 -70 219 -15
migao 0.0021 125 -117 227 27
migao 0.0019 121 189 201 225
migao 0.0018 59 -130 280 26
migao 0.0015 123 132 205 275
migao 0.0012 13 -182 331 74
migao 0.0011 86 168 174 223
migao 0.0010 47 155 281 253
wagui 0.0620 219 -4 296 101
wagui 0.0216 196 11 319 74
wagui 0.0201 11 0 237 170
wagui 0.0033 225 18 290 78
wagui 0.0019 126 -70 219 -15
wagui 0.0018 125 -117 227 27
wagui 0.0017 13 -182 331 74
wagui 0.0016 86 168 174 223
wagui 0.0015 74 -97 277 6
wagui 0.0012 121 189 201 225
wagui 0.0011 79 -153 256 49
wagui 0.0011 169 -16 318 109
