Kongrou 0.0420 160 110 850 810
Kongrou 0.0083 603 776 795 916
Kongrou 0.0059 306 -424 1027 236
Kongrou 0.0051 549 697 847 996
Kongrou 0.0039 321 176 738 707
Kongrou 0.0016 487 577 815 1097
Kongrou 0.0015 654 758 861 895
Kongrou 0.0014 222 134 607 751
Kongrou 0.0013 592 803 727 928
Kongrou 0.0012 454 -178 825 49
Kongrou 0.0011 325 621 975 1046
Kongrou 0.0011 432 -324 870 184
Kongrou 0.0011 -30 -561 1230 359
Kongrou 0.0010 -111 -386 215 178
Kongrou 0.0010 743 214 1191 517
Kongrou 0.0010 395 678 671 854
Rouzaofun 0.0161 125 194 859 691
Rouzaofun 0.0098 603 776 795 916
Rouzaofun 0.0068 549 697 847 996
Rouzaofun 0.0049 306 -424 1027 236
Rouzaofun 0.0019 392 193 750 689
Rouzaofun 0.0017 654 758 861 895
Rouzaofun 0.0017 592 803 727 928
Rouzaofun 0.0015 454 -178 825 49
Rouzaofun 0.0014 487 577 815 1097
Rouzaofun 0.0013 -30 -561 1230 359
Rouzaofun 0.0013 325 621 975 1046
Rouzaofun 0.0012 395 678 671 854
Rouzaofun 0.0010 -306 -356 422 137
Rice_with_Shredded_Chicken 0.0103 603 776 795 916
Rice_with_Shredded_Chicken 0.0064 549 697 847 996
Rice_with_Shredded_Chicken 0.0055 306 -424 1027 236
Rice_with_Shredded_Chicken 0.0044 125 194 859 691
Rice_with_Shredded_Chicken 0.0019 -30 -561 1230 359
Rice_with_Shredded_Chicken 0.0019 578 804 700 929
Rice_with_Shredded_Chicken 0.0015 654 758 861 895
Rice_with_Shredded_Chicken 0.0014 487 577 815 1097
Rice_with_Shredded_Chicken 0.0013 454 -178 825 49
Rice_with_Shredded_Chicken 0.0011 325 621 975 1046
Rice_with_Shredded_Chicken 0.0010 -111 -386 215 178
migao 0.0439 160 110 850 810
migao 0.0098 603 776 795 916
migao 0.0057 549 697 847 996
migao 0.0048 306 -424 1027 236
migao 0.0036 321 176 738 707
migao 0.0018 563 779 716 915
migao 0.0017 454 -178 825 49
migao 0.0017 654 758 861 895
migao 0.0017 487 577 815 1097
migao 0.0015 -30 -561 1230 359
migao 0.0014 507 677 694 1005
migao 0.0012 325 621 975 1046
migao 0.0011 432 -324 870 184
migao 0.0011 -111 -386 215 178
migao 0.0010 569 807 671 927
migao 0.0010 -290 555 369 1165
wagui 0.0116 603 776 795 916
wagui 0.0063 549 697 847 996
wagui 0.0048 306 -424 1027 236
wagui 0.0027 160 110 850 810
wagui 0.0025 -30 -561 1230 359
wagui 0.0021 592 803 727 928
wagui 0.0021 654 758 861 895
wagui 0.0020 395 678 671 854
wagui 0.0015 487 577 815 1097
wagui 0.0012 743 214 1191 517
wagui 0.0011 569 807 671 927
wagui 0.0010 -290 555 369 1165
wagui 0.0010 658 802 817 928
wagui 0.0010 432 -324 870 184
