Kongrou 0.0352 547 66 855 271
Kongrou 0.0319 344 221 635 462
Kongrou 0.0131 -9 226 219 572
Kongrou 0.0037 400 653 694 831
Kongrou 0.0033 393 497 724 970
Kongrou 0.0026 225 554 888 908
Kongrou 0.0025 233 245 745 437
Kongrou 0.0023 -73 284 283 513
Kongrou 0.0022 212 -461 930 192
Kongrou 0.0014 174 348 1289 1067
Kongrou 0.0013 -8 106 219 383
Kongrou 0.0011 404 417 1054 1031
Kongrou 0.0010 298 618 585 796
Rouzaofun 0.0401 344 221 635 462
Rouzaofun 0.0342 547 66 855 271
Rouzaofun 0.0136 -9 226 219 572
Rouzaofun 0.0053 233 245 745 437
Rouzaofun 0.0037 400 653 694 831
Rouzaofun 0.0033 -73 284 283 513
Rouzaofun 0.0029 225 554 888 908
Rouzaofun 0.0026 393 497 724 970
Rouzaofun 0.0019 212 -461 930 192
Rouzaofun 0.0016 174 348 1289 1067
Rouzaofun 0.0015 -8 106 219 383
Rouzaofun 0.0013 358 177 673 594
Rouzaofun 0.0011 404 417 1054 1031
Rouzaofun 0.0011 529 5 818 378
Rice_with_Shredded_Chicken 0.0278 557 45 845 254
Rice_with_Shredded_Chicken 0.0252 344 221 635 462
Rice_with_Shredded_Chicken 0.0097 -9 226 219 572
Rice_with_Shredded_Chicken 0.0044 233 245 745 437
Rice_with_Shredded_Chicken 0.0044 529 5 818 378
Rice_with_Shredded_Chicken 0.0033 400 653 694 831
Rice_with_Shredded_Chicken 0.0026 -73 284 283 513
Rice_with_Shredded_Chicken 0.0026 393 497 724 970
Rice_with_Shredded_Chicken 0.0026 216 -399 939 131
Rice_with_Shredded_Chicken 0.0023 225 554 888 908
Rice_with_Shredded_Chicken 0.0022 45 -541 1123 265
Rice_with_Shredded_Chicken 0.0017 421 79 943 258
Rice_with_Shredded_Chicken 0.0017 174 348 1289 1067
Rice_with_Shredded_Chicken 0.0015 358 177 673 594
Rice_with_Shredded_Chicken 0.0013 31 -35 465 201
Rice_with_Shredded_Chicken 0.0011 404 417 1054 1031
Rice_with_Shredded_Chicken 0.0010 -33 -445 721 186
migao 0.0453 547 66 855 271
migao 0.0445 337 245 643 476
migao 0.0179 -9 226 219 572
migao 0.0050 220 267 759 453
migao 0.0048 400 653 694 831
migao 0.0043 -73 284 283 513
migao 0.0035 393 497 724 970
migao 0.0028 225 554 888 908
migao 0.0027 216 -399 939 131
migao 0.0017 45 -541 1123 265
migao 0.0015 -8 106 219 383
migao 0.0011 404 417 1054 1031
migao 0.0010 174 348 1289 1067
wagui 0.0764 331 147 629 554
wagui 0.0450 557 45 845 254
wagui 0.0198 356 224 701 459
wagui 0.0133 -9 226 219 572
wagui 0.0060 529 5 818 378
wagui 0.0033 -73 284 283 513
wagui 0.0032 215 251 802 430
wagui 0.0027 400 653 694 831
wagui 0.0026 393 497 724 970
wagui 0.0025 225 554 888 908
wagui 0.0022 45 -541 1123 265
wagui 0.0020 216 -399 939 131
wagui 0.0016 15 135 196 318
wagui 0.0015 421 79 943 258
wagui 0.0014 31 -35 465 201
wagui 0.0012 334 615 626 799
wagui 0.0011 364 247 614 398
wagui 0.0010 223 414 1243 1004
