Kongrou 0.0152 218 2 272 111
Kongrou 0.0057 58 11 220 170
Kongrou 0.0029 208 18 294 95
Kongrou 0.0025 223 25 268 88
Kongrou 0.0012 66 -132 250 60
Kongrou 0.0011 13 148 144 254
Rouzaofun 0.5794 41 22 233 160
Rouzaofun 0.0298 218 2 272 111
Rouzaofun 0.0054 208 13 294 90
Rouzaofun 0.0047 114 31 214 160
Rouzaofun 0.0043 223 25 268 88
Rouzaofun 0.0017 19 -72 253 84
Rouzaofun 0.0015 231 -13 281 85
Rouzaofun 0.0014 141 202 170 240
Rouzaofun 0.0011 62 57 201 179
Rice_with_Shredded_Chicken 0.0239 41 22 233 160
Rice_with_Shredded_Chicken 0.0197 218 2 272 111
Rice_with_Shredded_Chicken 0.0040 208 18 294 95
Rice_with_Shredded_Chicken 0.0023 223 25 268 88
Rice_with_Shredded_Chicken 0.0022 19 -72 253 84
Rice_with_Shredded_Chicken 0.0016 141 202 170 240
Rice_with_Shredded_Chicken 0.0012 63 -107 253 35
Rice_with_Shredded_Chicken 0.0010 199 3 302 68
migao 0.2071 41 22 233 160
migao 0.0298 218 2 272 111
migao 0.0060 208 18 294 95
migao 0.0030 223 25 268 88
migao 0.0018 19 -72 253 84
migao 0.0015 141 202 170 240
migao 0.0012 199 3 302 68
migao 0.0011 231 -13 281 85
migao 0.0011 63 -107 253 35
wagui 0.0290 218 2 272 111
wagui 0.0166 41 22 233 160
wagui 0.0055 208 18 294 95
wagui 0.0047 19 -72 253 84
wagui 0.0035 223 25 268 88
wagui 0.0017 141 202 170 240
wagui 0.0014 231 -13 281 85
wagui 0.0013 199 3 302 68
wagui 0.0012 95 -16 191 41
wagui 0.0011 87 1 182 18
wagui 0.0010 15 -62 141 2
