Kongrou 0.1737 69 51 531 419
Kongrou 0.0097 495 280 600 472
Kongrou 0.0051 -8 179 65 435
Kongrou 0.0041 136 84 395 406
Kongrou 0.0040 -9 233 43 381
Kongrou 0.0020 508 -20 610 151
Kongrou 0.0012 -44 223 102 392
Kongrou 0.0010 -41 206 53 456
Kongrou 0.0010 -19 267 30 393
Rouzaofun 0.0324 495 280 600 472
Rouzaofun 0.0182 69 51 531 419
Rouzaofun 0.0104 -8 179 65 435
Rouzaofun 0.0073 -9 233 43 381
Rouzaofun 0.0025 534 310 606 444
Rouzaofun 0.0023 518 3 600 128
Rouzaofun 0.0022 -44 223 102 392
Rouzaofun 0.0019 478 311 640 442
Rouzaofun 0.0019 -41 206 53 456
Rouzaofun 0.0016 487 -20 609 150
Rouzaofun 0.0016 -19 267 30 393
Rouzaofun 0.0016 223 -48 490 78
Rouzaofun 0.0015 535 265 629 488
Rouzaofun 0.0012 -75 258 109 450
Rouzaofun 0.0011 63 394 376 511
Rouzaofun 0.0010 -17 224 28 344
Rice_with_Shredded_Chicken 0.1444 69 51 531 419
Rice_with_Shredded_Chicken 0.0280 495 280 600 472
Rice_with_Shredded_Chicken 0.0084 -8 179 65 435
Rice_with_Shredded_Chicken 0.0072 240 -23 473 97
Rice_with_Shredded_Chicken 0.0053 -9 233 43 381
Rice_with_Shredded_Chicken 0.0036 63 394 376 511
Rice_with_Shredded_Chicken 0.0018 -44 223 102 392
Rice_with_Shredded_Chicken 0.0015 534 310 606 444
Rice_with_Shredded_Chicken 0.0015 136 84 395 406
Rice_with_Shredded_Chicken 0.0014 478 311 640 442
Rice_with_Shredded_Chicken 0.0014 508 -20 610 151
Rice_with_Shredded_Chicken 0.0011 -41 206 53 456
Rice_with_Shredded_Chicken 0.0010 -19 267 30 393
migao 0.0985 69 51 531 419
migao 0.0241 495 280 600 472
migao 0.0083 -8 179 65 435
migao 0.0070 -9 233 43 381
migao 0.0026 -44 223 102 392
migao 0.0022 508 -20 610 151
migao 0.0019 534 310 606 444
migao 0.0017 478 311 640 442
migao 0.0013 -19 267 30 393
migao 0.0011 -75 258 109 450
migao 0.0010 -41 206 53 456
wagui 0.0257 495 280 600 472
wagui 0.0160 69 51 531 419
wagui 0.0077 -8 179 65 435
wagui 0.0067 -9 233 43 381
wagui 0.0057 240 -23 473 97
wagui 0.0045 63 394 376 511
wagui 0.0025 518 3 600 128
wagui 0.0021 -44 223 102 392
wagui 0.0019 534 310 606 444
wagui 0.0017 486 -18 610 172
wagui 0.0014 478 311 640 442
wagui 0.0013 -19 267 30 393
wagui 0.0011 -17 224 28 344
