Kongrou 0.1066 26 -15 272 180
Kongrou 0.0264 139 46 246 179
Kongrou 0.0061 134 -79 221 -18
Kongrou 0.0051 133 -123 229 21
Kongrou 0.0037 83 -107 276 3
Kongrou 0.0020 102 -6 235 162
Kongrou 0.0016 77 -163 267 46
Kongrou 0.0014 130 176 225 237
Kongrou 0.0013 138 139 223 270
Kongrou 0.0012 114 77 252 152
Rouzaofun 0.0614 8 -9 249 173
Rouzaofun 0.0051 134 -79 221 -18
Rouzaofun 0.0042 133 -123 229 21
Rouzaofun 0.0040 139 46 246 179
Rouzaofun 0.0033 83 -107 276 3
Rouzaofun 0.0020 45 12 176 164
Rouzaofun 0.0016 114 77 252 152
Rouzaofun 0.0015 130 176 225 237
Rouzaofun 0.0014 77 -163 267 46
Rouzaofun 0.0013 99 178 173 215
Rouzaofun 0.0012 72 147 288 260
Rouzaofun 0.0010 138 139 223 270
Rice_with_Shredded_Chicken 0.3315 26 -15 272 180
Rice_with_Shredded_Chicken 0.0056 134 -79 221 -18
Rice_with_Shredded_Chicken 0.0046 139 46 246 179
Rice_with_Shredded_Chicken 0.0041 133 -123 229 21
Rice_with_Shredded_Chicken 0.0032 83 -107 276 3
Rice_with_Shredded_Chicken 0.0018 17 -184 336 64
Rice_with_Shredded_Chicken 0.0015 130 176 225 237
Rice_with_Shredded_Chicken 0.0012 90 -14 225 146
Rice_with_Shredded_Chicken 0.0011 114 77 252 152
Rice_with_Shredded_Chicken 0.0010 72 147 288 260
migao 0.1908 26 -15 272 180
migao 0.0087 139 46 246 179
migao 0.0064 134 -79 221 -18
migao 0.0048 133 -123 229 21
migao 0.0034 83 -107 276 3
migao 0.0019 130 176 225 237
migao 0.0016 114 77 252 152
migao 0.0014 110 170 186 223
migao 0.0014 17 -184 336 64
migao 0.0012 138 139 223 270
migao 0.0012 72 147 288 260
migao 0.0011 111 -90 150 14
migao 0.0010 105 22 277 157
wagui 0.0375 26 -15 272 180
wagui 0.0206 139 46 246 179
wagui 0.0041 133 -123 229 21
wagui 0.0040 134 -79 221 -18
wagui 0.0034 83 -107 276 3
wagui 0.0021 17 -184 336 64
wagui 0.0016 -8 2 96 18
wagui 0.0016 114 77 252 152
wagui 0.0014 99 178 173 215
wagui 0.0012 105 22 277 157
wagui 0.0011 -5 -2 104 12
