Kongrou 0.4459 -47 -36 463 395
Kongrou 0.0122 42 2 348 331
Kongrou 0.0036 254 390 403 594
Kongrou 0.0025 305 440 420 529
Kongrou 0.0024 180 369 490 610
Kongrou 0.0015 323 51 666 376
Kongrou 0.0012 291 473 389 541
Rouzaofun 0.0220 -47 -36 463 395
Rouzaofun 0.0035 254 390 403 594
Rouzaofun 0.0029 305 440 420 529
Rouzaofun 0.0029 42 2 348 331
Rouzaofun 0.0024 180 369 490 610
Rouzaofun 0.0016 288 474 369 541
Rouzaofun 0.0013 330 77 657 395
Rice_with_Shredded_Chicken 0.0086 -47 -36 463 395
Rice_with_Shredded_Chicken 0.0032 254 390 403 594
Rice_with_Shredded_Chicken 0.0025 305 440 420 529
Rice_with_Shredded_Chicken 0.0024 180 369 490 610
Rice_with_Shredded_Chicken 0.0018 288 474 369 541
Rice_with_Shredded_Chicken 0.0013 330 77 657 395
migao 0.1523 -47 -36 463 395
migao 0.0050 254 390 403 594
migao 0.0039 42 2 348 331
migao 0.0029 305 440 420 529
migao 0.0026 180 369 490 610
migao 0.0016 288 474 369 541
migao 0.0015 330 77 657 395
wagui 0.0094 -47 -36 463 395
wagui 0.0033 305 440 420 529
wagui 0.0029 254 390 403 594
wagui 0.0019 180 369 490 610
wagui 0.0019 330 77 657 395
wagui 0.0018 288 474 369 541
wagui 0.0010 78 20 359 358
