Kongrou 0.0120 33 1 224 188
Kongrou 0.0031 118 -37 204 6
Kongrou 0.0027 114 -76 214 40
Kongrou 0.0019 71 -62 257 26
Rouzaofun 0.7801 8 15 246 177
Rouzaofun 0.0031 0 4 222 111
Rouzaofun 0.0027 118 -37 204 6
Rouzaofun 0.0027 22 33 186 150
Rouzaofun 0.0019 114 -76 214 40
Rouzaofun 0.0019 71 -62 257 26
Rouzaofun 0.0011 59 58 201 215
Rice_with_Shredded_Chicken 0.0405 33 1 224 188
Rice_with_Shredded_Chicken 0.0024 118 -37 204 6
Rice_with_Shredded_Chicken 0.0020 114 -76 214 40
Rice_with_Shredded_Chicken 0.0016 71 -62 257 26
migao 0.2406 -10 14 268 175
migao 0.0096 49 32 205 198
migao 0.0037 118 -37 204 6
migao 0.0025 114 -76 214 40
migao 0.0021 71 -62 257 26
migao 0.0010 7 6 252 109
wagui 0.0255 8 15 246 177
wagui 0.0019 118 -37 204 6
wagui 0.0019 114 -76 214 40
wagui 0.0016 71 -62 257 26
wagui 0.0010 84 -47 164 -3
