Kongrou 0.0144 132 -10 673 542
Kongrou 0.0027 342 513 597 675
Kongrou 0.0025 325 363 629 815
Kongrou 0.0020 220 438 729 734
Kongrou 0.0015 552 -22 817 138
Kongrou 0.0014 125 264 795 874
Kongrou 0.0013 198 -376 714 164
Kongrou 0.0011 344 547 529 648
Rouzaofun 0.1370 81 38 715 500
Rouzaofun 0.0313 538 -57 782 190
Rouzaofun 0.0090 175 40 468 400
Rouzaofun 0.0039 554 2 814 114
Rouzaofun 0.0031 342 513 597 675
Rouzaofun 0.0029 583 -94 922 167
Rouzaofun 0.0023 220 438 729 734
Rouzaofun 0.0022 456 -107 862 243
Rouzaofun 0.0021 303 93 650 529
Rouzaofun 0.0019 325 363 629 815
Rouzaofun 0.0012 198 -376 714 164
Rouzaofun 0.0012 425 590 512 697
Rouzaofun 0.0011 640 -30 822 147
Rouzaofun 0.0011 618 23 781 124
Rouzaofun 0.0010 473 -20 894 136
Rouzaofun 0.0010 192 303 862 834
Rice_with_Shredded_Chicken 0.4843 81 38 715 500
Rice_with_Shredded_Chicken 0.0232 538 -57 782 190
Rice_with_Shredded_Chicken 0.0031 342 513 597 675
Rice_with_Shredded_Chicken 0.0021 303 93 650 529
Rice_with_Shredded_Chicken 0.0021 456 -107 862 243
Rice_with_Shredded_Chicken 0.0018 220 438 729 734
Rice_with_Shredded_Chicken 0.0018 325 363 629 815
Rice_with_Shredded_Chicken 0.0016 554 2 814 114
Rice_with_Shredded_Chicken 0.0015 167 -310 754 99
Rice_with_Shredded_Chicken 0.0013 425 590 512 697
Rice_with_Shredded_Chicken 0.0013 64 -433 868 210
Rice_with_Shredded_Chicken 0.0013 159 286 770 855
Rice_with_Shredded_Chicken 0.0013 175 40 468 400
Rice_with_Shredded_Chicken 0.0011 -34 -263 474 182
migao 0.1271 81 38 715 500
migao 0.0065 538 -57 782 190
migao 0.0036 342 513 597 675
migao 0.0032 554 2 814 114
migao 0.0025 325 363 629 815
migao 0.0022 220 438 729 734
migao 0.0021 175 40 468 400
migao 0.0015 167 -310 754 99
migao 0.0014 125 264 795 874
migao 0.0012 425 590 512 697
migao 0.0012 344 547 529 648
migao 0.0010 303 93 650 529
wagui 0.0138 132 -10 673 542
wagui 0.0022 325 363 629 815
wagui 0.0021 538 -57 782 190
wagui 0.0017 220 438 729 734
wagui 0.0015 342 513 597 675
wagui 0.0014 425 590 512 697
wagui 0.0013 554 2 814 114
wagui 0.0013 64 -433 868 210
wagui 0.0011 125 264 795 874
wagui 0.0011 167 -310 754 99
