Kongrou 0.0352 34 42 227 191
Kongrou 0.0089 173 -17 253 64
Kongrou 0.0021 52 23 176 161
Kongrou 0.0019 234 49 268 178
Kongrou 0.0018 242 80 260 147
Kongrou 0.0017 5 -10 255 164
Kongrou 0.0010 141 -27 285 73
Kongrou 0.0010 15 -10 113 53
Rouzaofun 0.1670 27 38 230 193
Rouzaofun 0.0740 15 -10 113 53
Rouzaofun 0.0082 173 -17 253 64
Rouzaofun 0.0034 242 80 260 147
Rouzaofun 0.0032 234 49 268 178
Rouzaofun 0.0028 -25 -26 154 72
Rouzaofun 0.0017 45 30 164 173
Rouzaofun 0.0016 141 -27 285 73
Rouzaofun 0.0010 217 75 285 153
Rouzaofun 0.0010 60 78 189 204
Rice_with_Shredded_Chicken 0.4393 27 38 230 193
Rice_with_Shredded_Chicken 0.1816 15 -10 113 53
Rice_with_Shredded_Chicken 0.0103 162 -12 246 76
Rice_with_Shredded_Chicken 0.0042 -25 -26 154 72
Rice_with_Shredded_Chicken 0.0037 242 80 260 147
Rice_with_Shredded_Chicken 0.0027 234 49 268 178
Rice_with_Shredded_Chicken 0.0014 141 -27 285 73
migao 0.1825 27 38 230 193
migao 0.0312 15 -10 113 53
migao 0.0070 173 -17 253 64
migao 0.0045 242 80 260 147
migao 0.0023 234 49 268 178
migao 0.0014 141 -27 285 73
migao 0.0012 217 75 285 153
migao 0.0010 -25 -26 154 72
wagui 0.0517 15 -10 113 53
wagui 0.0301 34 42 227 191
wagui 0.0062 242 80 260 147
wagui 0.0029 234 49 268 178
wagui 0.0025 174 -12 253 77
wagui 0.0017 -25 -26 154 72
wagui 0.0010 247 77 264 141
wagui 0.0010 217 75 285 153
