Kongrou 0.0486 391 167 561 350
Kongrou 0.0081 295 -100 509 20
Kongrou 0.0059 103 44 304 226
Kongrou 0.0058 278 -191 542 101
Kongrou 0.0035 362 199 615 319
Kongrou 0.0035 163 267 369 476
Kongrou 0.0020 -145 -292 295 173
Kongrou 0.0016 102 299 429 443
Kongrou 0.0014 192 -279 647 164
Kongrou 0.0010 322 -139 485 109
Kongrou 0.0010 -85 -129 515 327
Rouzaofun 0.0510 408 167 569 351
Rouzaofun 0.0079 184 217 385 532
Rouzaofun 0.0077 103 44 304 226
Rouzaofun 0.0077 295 -100 509 20
Rouzaofun 0.0068 362 199 615 319
Rouzaofun 0.0048 154 270 352 472
Rouzaofun 0.0047 278 -191 542 101
Rouzaofun 0.0033 102 299 429 443
Rouzaofun 0.0017 -145 -292 295 173
Rouzaofun 0.0011 76 -8 564 493
Rouzaofun 0.0010 192 -279 647 164
Rouzaofun 0.0010 314 488 441 577
Rouzaofun 0.0010 335 -142 488 103
Rouzaofun 0.0010 20 77 363 218
Rice_with_Shredded_Chicken 0.0469 184 217 385 532
Rice_with_Shredded_Chicken 0.0373 391 167 561 350
Rice_with_Shredded_Chicken 0.0078 295 -100 509 20
Rice_with_Shredded_Chicken 0.0055 362 199 615 319
Rice_with_Shredded_Chicken 0.0051 96 263 470 494
Rice_with_Shredded_Chicken 0.0049 103 44 304 226
Rice_with_Shredded_Chicken 0.0046 278 -191 542 101
Rice_with_Shredded_Chicken 0.0023 154 270 352 472
Rice_with_Shredded_Chicken 0.0021 -145 -292 295 173
Rice_with_Shredded_Chicken 0.0013 174 -290 670 167
Rice_with_Shredded_Chicken 0.0013 -5 -51 445 331
Rice_with_Shredded_Chicken 0.0013 322 -139 485 109
Rice_with_Shredded_Chicken 0.0010 35 -124 283 38
migao 0.0844 408 167 569 351
migao 0.0120 184 217 385 532
migao 0.0091 295 -100 509 20
migao 0.0079 362 199 615 319
migao 0.0074 103 44 304 226
migao 0.0054 278 -191 542 101
migao 0.0029 102 299 429 443
migao 0.0026 154 270 352 472
migao 0.0014 322 -139 485 109
migao 0.0014 -103 -269 266 156
migao 0.0011 196 -246 642 136
migao 0.0011 307 127 655 381
wagui 0.0482 391 167 561 350
wagui 0.0190 184 217 385 532
wagui 0.0087 103 44 304 226
wagui 0.0053 362 199 615 319
wagui 0.0046 295 -100 509 20
wagui 0.0045 278 -191 542 101
wagui 0.0029 -5 -51 445 331
wagui 0.0022 96 263 470 494
wagui 0.0020 154 270 352 472
wagui 0.0012 -145 -292 295 173
wagui 0.0011 192 -279 647 164
wagui 0.0010 335 -142 488 103
