Kongrou 0.0233 0 78 668 468
Kongrou 0.0100 583 21 816 279
Kongrou 0.0091 162 77 488 482
Kongrou 0.0030 523 65 875 235
Kongrou 0.0010 675 76 786 257
Rouzaofun 0.0849 162 77 488 482
Rouzaofun 0.0473 0 78 668 468
Rouzaofun 0.0113 612 33 818 298
Rouzaofun 0.0051 529 76 869 255
Rouzaofun 0.0013 675 76 786 257
Rouzaofun 0.0011 545 10 792 230
Rice_with_Shredded_Chicken 0.0493 0 78 668 468
Rice_with_Shredded_Chicken 0.0276 162 77 488 482
Rice_with_Shredded_Chicken 0.0070 583 21 816 279
Rice_with_Shredded_Chicken 0.0040 523 65 875 235
Rice_with_Shredded_Chicken 0.0015 72 305 570 510
Rice_with_Shredded_Chicken 0.0014 186 -36 519 112
Rice_with_Shredded_Chicken 0.0011 -2 -242 674 264
Rice_with_Shredded_Chicken 0.0011 153 262 1016 875
migao 0.0608 0 78 668 468
migao 0.0304 162 77 488 482
migao 0.0124 612 33 818 298
migao 0.0058 529 76 869 255
wagui 0.1412 0 78 668 468
wagui 0.0128 583 21 816 279
wagui 0.0086 162 77 488 482
wagui 0.0057 551 -37 771 355
wagui 0.0054 523 65 875 235
wagui 0.0046 186 -36 519 112
wagui 0.0032 72 305 570 510
wagui 0.0014 204 -5 518 61
wagui 0.0011 -2 -242 674 264
wagui 0.0011 675 76 786 257
