Kongrou 0.0103 533 165 885 626
Kongrou 0.0054 439 -167 730 -34
Kongrou 0.0049 449 -364 748 142
Kongrou 0.0034 216 -275 976 55
Kongrou 0.0027 475 289 813 589
Kongrou 0.0016 377 -267 799 -17
Kongrou 0.0014 101 93 418 322
Kongrou 0.0014 406 314 957 524
Kongrou 0.0012 300 -492 1007 225
Kongrou 0.0011 -8 46 357 354
Kongrou 0.0011 36 511 532 890
Kongrou 0.0010 416 675 676 817
Rouzaofun 0.3063 539 206 881 650
Rouzaofun 0.0128 368 248 986 608
Rouzaofun 0.0051 475 289 813 589
Rouzaofun 0.0046 439 -167 730 -34
Rouzaofun 0.0037 449 -364 748 142
Rouzaofun 0.0029 216 -275 976 55
Rouzaofun 0.0015 585 283 933 556
Rouzaofun 0.0014 85 41 494 500
Rouzaofun 0.0012 377 -267 799 -17
Rouzaofun 0.0012 101 93 418 322
Rouzaofun 0.0010 555 352 809 526
Rice_with_Shredded_Chicken 0.0304 539 206 881 650
Rice_with_Shredded_Chicken 0.0181 76 4 500 464
Rice_with_Shredded_Chicken 0.0053 368 248 986 608
Rice_with_Shredded_Chicken 0.0042 439 -167 730 -34
Rice_with_Shredded_Chicken 0.0037 449 -364 748 142
Rice_with_Shredded_Chicken 0.0029 216 -275 976 55
Rice_with_Shredded_Chicken 0.0021 475 289 813 589
Rice_with_Shredded_Chicken 0.0017 -90 -56 634 536
Rice_with_Shredded_Chicken 0.0012 377 -267 799 -17
Rice_with_Shredded_Chicken 0.0012 300 -492 1007 225
Rice_with_Shredded_Chicken 0.0011 0 139 995 679
Rice_with_Shredded_Chicken 0.0010 36 511 532 890
Rice_with_Shredded_Chicken 0.0010 101 93 418 322
migao 0.1451 539 206 881 650
migao 0.0092 399 199 1021 580
migao 0.0059 439 -167 730 -34
migao 0.0043 449 -364 748 142
migao 0.0035 216 -275 976 55
migao 0.0031 475 289 813 589
migao 0.0025 406 314 957 524
migao 0.0015 377 -267 799 -17
migao 0.0015 76 4 500 464
migao 0.0010 101 93 418 322
migao 0.0010 -8 164 67 289
migao 0.0010 500 -225 673 95
migao 0.0010 300 -492 1007 225
migao 0.0010 416 675 676 817
wagui 0.0402 76 4 500 464
wagui 0.0108 539 206 881 650
wagui 0.0044 4 50 418 355
wagui 0.0037 439 -167 730 -34
wagui 0.0032 449 -364 748 142
wagui 0.0029 216 -275 976 55
wagui 0.0027 399 199 1021 580
wagui 0.0023 -8 164 67 289
wagui 0.0021 475 289 813 589
wagui 0.0015 406 314 957 524
wagui 0.0015 120 137 397 278
wagui 0.0014 37 -593 1136 312
wagui 0.0013 -90 -56 634 536
wagui 0.0013 -149 33 194 363
wagui 0.0011 36 511 532 890
