Kongrou 0.0085 165 315 973 728
Kongrou 0.0077 364 249 779 794
Kongrou 0.0053 157 31 507 454
Kongrou 0.0042 577 37 939 317
Kongrou 0.0023 408 -141 713 16
Kongrou 0.0020 402 -312 743 171
Kongrou 0.0016 225 -269 916 129
Kongrou 0.0013 -120 -373 227 163
Kongrou 0.0012 -40 64 630 426
Kongrou 0.0011 419 -23 1037 359
Rouzaofun 0.1267 157 31 507 454
Rouzaofun 0.0545 602 -65 930 395
Rouzaofun 0.0120 364 249 779 794
Rouzaofun 0.0117 -40 64 630 426
Rouzaofun 0.0093 165 315 973 728
Rouzaofun 0.0049 419 -23 1037 359
Rouzaofun 0.0022 463 74 1012 278
Rouzaofun 0.0020 408 -141 713 16
Rouzaofun 0.0016 402 -312 743 171
Rouzaofun 0.0013 -180 -299 207 164
Rouzaofun 0.0013 225 -269 916 129
Rouzaofun 0.0011 237 90 569 381
Rouzaofun 0.0011 -320 -340 433 117
Rice_with_Shredded_Chicken 0.1912 602 -65 930 395
Rice_with_Shredded_Chicken 0.0999 364 249 779 794
Rice_with_Shredded_Chicken 0.0415 165 315 973 728
Rice_with_Shredded_Chicken 0.0414 105 33 485 454
Rice_with_Shredded_Chicken 0.0113 419 -23 1037 359
Rice_with_Shredded_Chicken 0.0018 408 -141 713 16
Rice_with_Shredded_Chicken 0.0016 402 -312 743 171
Rice_with_Shredded_Chicken 0.0016 -39 92 628 471
Rice_with_Shredded_Chicken 0.0014 483 78 1031 274
Rice_with_Shredded_Chicken 0.0013 -180 -299 207 164
Rice_with_Shredded_Chicken 0.0012 225 -269 916 129
Rice_with_Shredded_Chicken 0.0010 396 397 1266 1295
migao 0.0472 157 31 507 454
migao 0.0304 602 -65 930 395
migao 0.0144 364 249 779 794
migao 0.0085 165 315 973 728
migao 0.0056 -40 64 630 426
migao 0.0027 408 -141 713 16
migao 0.0024 419 -23 1037 359
migao 0.0019 402 -312 743 171
migao 0.0018 483 78 1031 274
migao 0.0015 225 -269 916 129
migao 0.0015 -180 -299 207 164
migao 0.0011 -320 -340 433 117
wagui 0.0097 567 -62 890 389
wagui 0.0037 165 315 973 728
wagui 0.0032 364 249 779 794
wagui 0.0028 599 35 956 318
wagui 0.0018 419 -23 1037 359
wagui 0.0017 408 -141 713 16
wagui 0.0015 402 -312 743 171
wagui 0.0014 225 -269 916 129
wagui 0.0013 378 708 703 788
wagui 0.0012 105 33 485 454
