Kongrou 0.0517 239 214 1556 1254
Kongrou 0.0419 529 155 1206 1248
Kongrou 0.0025 1327 -36 1825 367
Kongrou 0.0018 702 1145 1163 1396
Kongrou 0.0014 512 647 1838 1900
Kongrou 0.0014 1053 1324 1265 1574
Kongrou 0.0011 275 973 1599 1550
Kongrou 0.0010 416 -844 1636 361
Rouzaofun 0.0424 529 155 1206 1248
Rouzaofun 0.0379 310 305 1427 1102
Rouzaofun 0.0178 76 118 1726 1341
Rouzaofun 0.0051 1327 -36 1825 367
Rouzaofun 0.0036 702 1145 1163 1396
Rouzaofun 0.0025 1053 1324 1265 1574
Rouzaofun 0.0014 1215 -105 1760 536
Rouzaofun 0.0012 769 -361 1340 -13
Rouzaofun 0.0011 275 973 1599 1550
Rouzaofun 0.0011 705 645 1680 1950
Rouzaofun 0.0011 390 408 1302 894
Rice_with_Shredded_Chicken 0.0091 310 305 1427 1102
Rice_with_Shredded_Chicken 0.0051 1215 -105 1760 536
Rice_with_Shredded_Chicken 0.0041 76 118 1726 1341
Rice_with_Shredded_Chicken 0.0027 1053 1324 1265 1574
Rice_with_Shredded_Chicken 0.0026 1327 -36 1825 367
Rice_with_Shredded_Chicken 0.0018 702 1145 1163 1396
Rice_with_Shredded_Chicken 0.0016 529 155 1206 1248
Rice_with_Shredded_Chicken 0.0012 705 645 1680 1950
Rice_with_Shredded_Chicken 0.0011 376 -690 1695 212
Rice_with_Shredded_Chicken 0.0011 769 -361 1340 -13
Rice_with_Shredded_Chicken 0.0011 111 -1026 1999 517
migao 0.0646 310 305 1427 1102
migao 0.0423 529 155 1206 1248
migao 0.0201 76 118 1726 1341
migao 0.0040 1327 -36 1825 367
migao 0.0028 702 1145 1163 1396
migao 0.0025 1053 1324 1265 1574
migao 0.0014 705 645 1680 1950
migao 0.0013 275 973 1599 1550
migao 0.0012 769 -361 1340 -13
migao 0.0012 376 -690 1695 212
migao 0.0010 623 427 1254 2090
wagui 0.0436 239 214 1556 1254
wagui 0.0301 523 285 1218 1247
wagui 0.0132 1215 -105 1760 536
wagui 0.0039 1327 -36 1825 367
wagui 0.0033 702 1145 1163 1396
wagui 0.0030 1053 1324 1265 1574
wagui 0.0013 111 -1026 1999 517
wagui 0.0011 275 973 1599 1550
wagui 0.0010 512 647 1838 1900
