Kongrou 0.0531 85 69 490 641
Kongrou 0.0169 585 220 914 730
Kongrou 0.0139 436 294 1061 725
Kongrou 0.0012 654 331 941 667
Kongrou 0.0012 548 759 740 895
Kongrou 0.0011 552 -266 1205 403
Kongrou 0.0010 509 398 1048 639
Kongrou 0.0010 -49 73 623 489
Rouzaofun 0.0105 -62 126 635 583
Rouzaofun 0.0045 436 341 1063 754
Rouzaofun 0.0027 788 -1 999 118
Rouzaofun 0.0024 145 80 507 627
Rouzaofun 0.0015 616 357 940 680
Rouzaofun 0.0014 548 759 740 895
Rouzaofun 0.0011 632 -300 1144 412
Rouzaofun 0.0011 576 246 924 842
Rouzaofun 0.0011 482 690 804 964
Rouzaofun 0.0011 -151 -272 176 144
Rice_with_Shredded_Chicken 0.0225 -62 126 635 583
Rice_with_Shredded_Chicken 0.0169 436 294 1061 725
Rice_with_Shredded_Chicken 0.0117 576 246 924 842
Rice_with_Shredded_Chicken 0.0026 788 -1 999 118
Rice_with_Shredded_Chicken 0.0021 145 80 507 627
Rice_with_Shredded_Chicken 0.0012 548 759 740 895
Rice_with_Shredded_Chicken 0.0012 509 398 1048 639
Rice_with_Shredded_Chicken 0.0011 632 -300 1144 412
Rice_with_Shredded_Chicken 0.0010 -151 -272 176 144
Rice_with_Shredded_Chicken 0.0010 191 -360 963 172
migao 0.0259 -62 126 635 583
migao 0.0136 436 294 1061 725
migao 0.0048 576 246 924 842
migao 0.0045 145 80 507 627
migao 0.0036 788 -1 999 118
migao 0.0014 509 398 1048 639
migao 0.0013 548 759 740 895
migao 0.0012 -151 -272 176 144
migao 0.0010 632 -300 1144 412
migao 0.0010 654 331 941 667
migao 0.0010 191 -360 963 172
wagui 0.0115 -62 126 635 583
wagui 0.0085 788 -1 999 118
wagui 0.0031 145 80 507 627
wagui 0.0023 436 294 1061 725
wagui 0.0013 548 759 740 895
wagui 0.0010 509 398 1048 639
wagui 0.0010 498 -202 1281 343
wagui 0.0010 -151 -272 176 144
