Kongrou 0.0116 37 8 276 173
Kongrou 0.0023 63 -133 251 60
Kongrou 0.0014 82 97 276 291
Kongrou 0.0011 -5 131 100 211
Rouzaofun 0.5409 37 8 276 173
Rouzaofun 0.0039 126 31 264 161
Rouzaofun 0.0020 164 65 269 191
Rouzaofun 0.0019 63 -133 251 60
Rouzaofun 0.0019 65 35 220 159
Rouzaofun 0.0016 43 31 158 141
Rouzaofun 0.0016 146 203 175 238
Rouzaofun 0.0016 16 67 262 197
Rouzaofun 0.0015 -21 -16 210 197
Rouzaofun 0.0013 82 97 276 291
Rice_with_Shredded_Chicken 0.0820 5 5 266 176
Rice_with_Shredded_Chicken 0.0022 63 -133 251 60
Rice_with_Shredded_Chicken 0.0019 146 203 175 238
Rice_with_Shredded_Chicken 0.0014 101 27 290 164
Rice_with_Shredded_Chicken 0.0014 57 99 302 292
Rice_with_Shredded_Chicken 0.0010 -11 131 84 211
migao 0.1619 5 5 266 176
migao 0.0020 59 -111 257 37
migao 0.0017 146 203 175 238
migao 0.0016 101 27 290 164
migao 0.0012 100 119 262 277
wagui 0.0242 5 5 266 176
wagui 0.0020 36 -144 283 69
wagui 0.0020 146 203 175 238
wagui 0.0012 82 97 276 291
