Kongrou 0.0060 -5 207 131 411
Kongrou 0.0038 304 -43 502 103
Kongrou 0.0020 110 82 555 340
Kongrou 0.0018 174 -184 598 217
Kongrou 0.0015 212 18 456 361
Kongrou 0.0012 300 -2 495 69
Kongrou 0.0011 527 2 591 62
Rouzaofun 0.0236 -5 207 131 411
Rouzaofun 0.0135 207 31 461 391
Rouzaofun 0.0065 110 82 555 340
Rouzaofun 0.0023 0 264 102 378
Rouzaofun 0.0023 527 2 591 62
Rouzaofun 0.0014 300 -2 495 69
Rouzaofun 0.0014 403 276 577 412
Rouzaofun 0.0013 15 238 133 357
Rice_with_Shredded_Chicken 0.0413 207 31 461 391
Rice_with_Shredded_Chicken 0.0182 110 82 555 340
Rice_with_Shredded_Chicken 0.0132 -5 207 131 411
Rice_with_Shredded_Chicken 0.0034 12 -52 195 242
Rice_with_Shredded_Chicken 0.0029 527 2 591 62
Rice_with_Shredded_Chicken 0.0018 174 -184 598 217
Rice_with_Shredded_Chicken 0.0013 304 -43 502 103
Rice_with_Shredded_Chicken 0.0012 0 264 102 378
Rice_with_Shredded_Chicken 0.0010 403 276 577 412
migao 0.0132 -5 207 131 411
migao 0.0048 207 31 461 391
migao 0.0036 527 2 591 62
migao 0.0033 110 82 555 340
migao 0.0019 0 264 102 378
migao 0.0013 289 -21 506 87
migao 0.0011 417 296 562 392
migao 0.0011 298 371 405 565
migao 0.0010 174 -184 598 217
wagui 0.0092 -5 207 131 411
wagui 0.0075 527 2 591 62
wagui 0.0030 95 39 508 363
wagui 0.0019 521 290 596 398
wagui 0.0016 417 296 562 392
wagui 0.0013 451 -54 681 107
wagui 0.0012 289 -21 506 87
wagui 0.0010 0 264 102 378
