Kongrou 0.0476 498 37 2457 1705
Kongrou 0.0056 851 -1119 2506 450
Kongrou 0.0049 1114 -419 1883 -99
Kongrou 0.0046 1170 -918 1895 349
Kongrou 0.0037 1296 -189 2549 815
Kongrou 0.0035 469 -682 2589 124
Kongrou 0.0031 194 -325 2760 846
Kongrou 0.0017 1350 1903 1652 2218
Kongrou 0.0016 61 -1596 2936 886
Kongrou 0.0014 974 -675 2038 -52
Kongrou 0.0012 651 378 1808 1828
Rouzaofun 0.3464 430 252 2531 1790
Rouzaofun 0.0041 1114 -419 1883 -99
Rouzaofun 0.0040 851 -1119 2506 450
Rouzaofun 0.0035 1170 -918 1895 349
Rouzaofun 0.0029 1350 1903 1652 2218
Rouzaofun 0.0028 469 -682 2589 124
Rouzaofun 0.0028 194 -325 2760 846
Rouzaofun 0.0020 1296 -189 2549 815
Rouzaofun 0.0018 61 -1596 2936 886
Rouzaofun 0.0015 12 472 528 1574
Rouzaofun 0.0012 1460 1898 1837 2216
Rouzaofun 0.0012 912 138 2141 1471
Rouzaofun 0.0011 1124 1642 1882 2487
Rice_with_Shredded_Chicken 0.0246 430 252 2531 1790
Rice_with_Shredded_Chicken 0.0044 821 -1221 2518 531
Rice_with_Shredded_Chicken 0.0036 1350 1903 1652 2218
Rice_with_Shredded_Chicken 0.0035 1114 -419 1883 -99
Rice_with_Shredded_Chicken 0.0035 1170 -918 1895 349
Rice_with_Shredded_Chicken 0.0029 469 -682 2589 124
Rice_with_Shredded_Chicken 0.0024 61 -1596 2936 886
Rice_with_Shredded_Chicken 0.0023 1296 -189 2549 815
Rice_with_Shredded_Chicken 0.0020 -6 -293 2570 813
Rice_with_Shredded_Chicken 0.0013 1460 1898 1837 2216
Rice_with_Shredded_Chicken 0.0012 381 -654 2171 1156
Rice_with_Shredded_Chicken 0.0011 1178 1650 1925 2478
Rice_with_Shredded_Chicken 0.0010 81 -625 1176 70
migao 0.2209 430 252 2531 1790
migao 0.0056 1114 -419 1883 -99
migao 0.0050 851 -1119 2506 450
migao 0.0042 1170 -918 1895 349
migao 0.0035 469 -682 2589 124
migao 0.0031 1350 1903 1652 2218
migao 0.0027 194 -325 2760 846
migao 0.0021 61 -1596 2936 886
migao 0.0018 1296 -189 2549 815
migao 0.0013 974 -675 2038 -52
migao 0.0012 1460 1898 1837 2216
migao 0.0011 -86 666 627 1485
migao 0.0010 1369 1754 1830 2167
wagui 0.0126 430 252 2531 1790
wagui 0.0039 821 -1221 2518 531
wagui 0.0037 1114 -419 1883 -99
wagui 0.0036 1350 1903 1652 2218
wagui 0.0031 61 -1596 2936 886
wagui 0.0031 1170 -918 1895 349
wagui 0.0031 469 -682 2589 124
wagui 0.0026 1296 -189 2549 815
wagui 0.0023 194 -325 2760 846
wagui 0.0015 1460 1898 1837 2216
wagui 0.0015 12 472 528 1574
wagui 0.0011 81 -625 1176 70
wagui 0.0010 1178 1650 1925 2478
wagui 0.0010 1369 1754 1830 2167
