Kongrou 0.0312 661 228 877 518
Kongrou 0.0311 401 267 654 582
Kongrou 0.0092 329 310 690 505
Kongrou 0.0075 667 311 838 470
Kongrou 0.0042 592 275 947 470
Kongrou 0.0037 596 44 874 286
Kongrou 0.0032 426 338 628 512
Kongrou 0.0019 628 95 807 202
Kongrou 0.0019 341 606 643 760
Kongrou 0.0017 -48 107 424 553
Kongrou 0.0012 206 506 797 839
Kongrou 0.0011 53 191 309 486
Kongrou 0.0011 381 66 640 298
Kongrou 0.0011 344 451 663 897
Kongrou 0.0010 -391 -11 460 908
Rouzaofun 0.0898 401 267 654 582
Rouzaofun 0.0313 661 228 877 518
Rouzaofun 0.0307 335 3 596 378
Rouzaofun 0.0202 329 310 690 505
Rouzaofun 0.0096 577 44 858 286
Rouzaofun 0.0080 667 311 838 470
Rouzaofun 0.0069 59 34 317 557
Rouzaofun 0.0069 426 338 628 512
Rouzaofun 0.0068 592 275 947 470
Rouzaofun 0.0058 -48 107 424 553
Rouzaofun 0.0054 381 66 640 298
Rouzaofun 0.0043 628 95 807 202
Rouzaofun 0.0022 423 113 598 251
Rouzaofun 0.0018 601 118 834 248
Rouzaofun 0.0016 341 606 643 760
Rouzaofun 0.0013 -22 223 385 454
Rouzaofun 0.0013 206 506 797 839
Rouzaofun 0.0011 -391 -11 460 908
Rouzaofun 0.0011 715 300 894 481
Rouzaofun 0.0010 20 -324 876 249
Rouzaofun 0.0010 296 82 551 318
Rice_with_Shredded_Chicken 0.0536 401 267 654 582
Rice_with_Shredded_Chicken 0.0223 661 228 877 518
Rice_with_Shredded_Chicken 0.0214 335 3 596 378
Rice_with_Shredded_Chicken 0.0191 56 73 321 586
Rice_with_Shredded_Chicken 0.0145 329 310 690 505
Rice_with_Shredded_Chicken 0.0065 592 275 947 470
Rice_with_Shredded_Chicken 0.0052 577 44 858 286
Rice_with_Shredded_Chicken 0.0045 667 311 838 470
Rice_with_Shredded_Chicken 0.0036 426 338 628 512
Rice_with_Shredded_Chicken 0.0023 381 66 640 298
Rice_with_Shredded_Chicken 0.0022 628 95 807 202
Rice_with_Shredded_Chicken 0.0012 -72 190 448 608
Rice_with_Shredded_Chicken 0.0012 453 -122 994 467
Rice_with_Shredded_Chicken 0.0010 423 113 598 251
Rice_with_Shredded_Chicken 0.0010 20 -324 876 249
Rice_with_Shredded_Chicken 0.0010 -391 -11 460 908
migao 0.0661 401 267 654 582
migao 0.0371 661 228 877 518
migao 0.0205 329 310 690 505
migao 0.0091 592 275 947 470
migao 0.0073 335 3 596 378
migao 0.0068 667 311 838 470
migao 0.0049 577 44 858 286
migao 0.0046 -48 107 424 553
migao 0.0046 426 338 628 512
migao 0.0035 628 95 807 202
migao 0.0024 381 66 640 298
migao 0.0023 341 606 643 760
migao 0.0022 59 34 317 557
migao 0.0018 423 113 598 251
migao 0.0015 601 118 834 248
migao 0.0012 206 506 797 839
migao 0.0012 344 451 663 897
migao 0.0011 -22 223 385 454
wagui 0.0391 401 267 654 582
wagui 0.0304 661 228 877 518
wagui 0.0141 329 310 690 505
wagui 0.0068 667 311 838 470
wagui 0.0065 592 275 947 470
wagui 0.0028 596 44 874 286
wagui 0.0027 -48 107 424 553
wagui 0.0022 426 338 628 512
wagui 0.0017 628 95 807 202
wagui 0.0013 381 66 640 298
wagui 0.0010 59 34 317 557
