Kongrou 0.0095 130 -74 221 -19
Kongrou 0.0061 127 -121 231 24
Kongrou 0.0056 115 184 212 230
Kongrou 0.0051 81 -98 275 0
Kongrou 0.0041 121 138 214 269
Kongrou 0.0040 58 149 276 259
Kongrou 0.0034 52 12 258 143
Kongrou 0.0025 110 -3 224 158
Kongrou 0.0017 80 -151 261 39
Kongrou 0.0016 85 171 179 221
Kongrou 0.0013 10 -201 340 86
Rouzaofun 0.3757 57 8 243 156
Rouzaofun 0.0112 93 -15 217 127
Rouzaofun 0.0084 130 -74 221 -19
Rouzaofun 0.0056 115 184 212 230
Rouzaofun 0.0048 127 -121 231 24
Rouzaofun 0.0047 58 149 276 259
Rouzaofun 0.0047 81 -98 275 0
Rouzaofun 0.0030 121 138 214 269
Rouzaofun 0.0028 106 40 227 161
Rouzaofun 0.0015 80 -151 261 39
Rouzaofun 0.0014 10 -201 340 86
Rouzaofun 0.0013 -33 -42 238 207
Rouzaofun 0.0011 15 -29 286 106
Rouzaofun 0.0011 123 47 204 137
Rice_with_Shredded_Chicken 0.1479 57 8 243 156
Rice_with_Shredded_Chicken 0.0082 130 -74 221 -19
Rice_with_Shredded_Chicken 0.0047 127 -121 231 24
Rice_with_Shredded_Chicken 0.0043 81 -98 275 0
Rice_with_Shredded_Chicken 0.0038 115 184 212 230
Rice_with_Shredded_Chicken 0.0038 58 149 276 259
Rice_with_Shredded_Chicken 0.0027 121 138 214 269
Rice_with_Shredded_Chicken 0.0020 56 -139 289 28
Rice_with_Shredded_Chicken 0.0019 10 -201 340 86
migao 0.0793 57 8 243 156
migao 0.0094 130 -74 221 -19
migao 0.0071 115 184 212 230
migao 0.0054 127 -121 231 24
migao 0.0050 81 -98 275 0
migao 0.0048 58 149 276 259
migao 0.0042 121 138 214 269
migao 0.0022 56 -139 289 28
migao 0.0017 93 -15 217 127
migao 0.0016 10 -201 340 86
migao 0.0014 109 -94 149 22
wagui 0.0236 57 8 243 156
wagui 0.0049 130 -74 221 -19
wagui 0.0044 127 -121 231 24
wagui 0.0044 81 -98 275 0
wagui 0.0029 58 149 276 259
wagui 0.0027 121 138 214 269
wagui 0.0023 10 -201 340 86
wagui 0.0021 115 184 212 230
wagui 0.0016 56 -139 289 28
wagui 0.0016 85 -86 179 -29
wagui 0.0012 109 -94 149 22
