Kongrou 0.0274 21 2 253 179
Kongrou 0.0013 67 107 293 283
Kongrou 0.0011 125 -93 203 32
Kongrou 0.0010 120 -45 200 -9
Rouzaofun 0.4190 16 -2 258 185
Rouzaofun 0.0064 54 34 209 160
Rouzaofun 0.0010 67 107 293 283
Rouzaofun 0.0010 120 -45 200 -9
Rice_with_Shredded_Chicken 0.1813 21 2 253 179
Rice_with_Shredded_Chicken 0.0013 67 107 293 283
Rice_with_Shredded_Chicken 0.0010 -9 -125 199 53
migao 0.2384 21 2 253 179
migao 0.0015 54 34 209 160
migao 0.0012 120 -45 200 -9
migao 0.0011 114 115 250 280
migao 0.0010 125 -93 203 32
wagui 0.0363 21 2 253 179
wagui 0.0012 94 173 170 214
wagui 0.0011 67 107 293 283
