Kongrou 0.0107 6 1 292 167
Kongrou 0.0043 90 169 174 222
Kongrou 0.0041 134 -64 215 -26
Kongrou 0.0037 138 -116 220 19
Kongrou 0.0035 94 -160 295 49
Kongrou 0.0026 118 186 208 227
Kongrou 0.0026 69 -92 287 -3
Kongrou 0.0019 117 130 216 277
Kongrou 0.0019 86 -85 178 -29
Kongrou 0.0019 108 -87 149 16
Kongrou 0.0017 59 152 273 254
Kongrou 0.0012 -5 -98 105 4
Kongrou 0.0011 53 86 292 308
Rouzaofun 0.5642 7 8 291 161
Rouzaofun 0.0037 30 21 187 181
Rouzaofun 0.0033 120 13 259 165
Rouzaofun 0.0030 134 -64 215 -26
Rouzaofun 0.0028 138 -116 220 19
Rouzaofun 0.0028 108 -87 149 16
Rouzaofun 0.0023 94 -160 295 49
Rouzaofun 0.0022 118 186 208 227
Rouzaofun 0.0019 69 -92 287 -3
Rouzaofun 0.0017 59 152 273 254
Rouzaofun 0.0014 117 130 216 277
Rouzaofun 0.0014 35 -68 230 -3
Rouzaofun 0.0013 90 169 174 222
Rouzaofun 0.0012 56 42 239 215
Rouzaofun 0.0011 -5 -98 105 4
Rouzaofun 0.0010 -4 -213 356 98
Rice_with_Shredded_Chicken 0.0137 7 8 291 161
Rice_with_Shredded_Chicken 0.0032 94 -160 295 49
Rice_with_Shredded_Chicken 0.0030 134 -64 215 -26
Rice_with_Shredded_Chicken 0.0029 138 -116 220 19
Rice_with_Shredded_Chicken 0.0021 69 -92 287 -3
Rice_with_Shredded_Chicken 0.0016 118 186 208 227
Rice_with_Shredded_Chicken 0.0014 59 152 273 254
Rice_with_Shredded_Chicken 0.0014 108 -87 149 16
Rice_with_Shredded_Chicken 0.0013 117 130 216 277
Rice_with_Shredded_Chicken 0.0013 -4 -213 356 98
Rice_with_Shredded_Chicken 0.0012 -5 -98 105 4
Rice_with_Shredded_Chicken 0.0010 35 -68 230 -3
Rice_with_Shredded_Chicken 0.0010 197 -62 375 138
Rice_with_Shredded_Chicken 0.0010 53 96 293 298
migao 0.1074 7 8 291 161
migao 0.0040 134 -64 215 -26
migao 0.0036 108 -87 149 16
migao 0.0034 138 -116 220 19
migao 0.0031 91 -141 302 34
migao 0.0029 118 186 208 227
migao 0.0023 69 -92 287 -3
migao 0.0020 117 130 216 277
migao 0.0018 59 152 273 254
migao 0.0013 90 169 174 222
migao 0.0013 35 -68 230 -3
migao 0.0012 151 -84 199 15
migao 0.0011 -4 -213 356 98
migao 0.0010 -5 -98 105 4
migao 0.0010 53 86 292 308
migao 0.0010 65 -132 200 59
wagui 0.0112 6 1 292 167
wagui 0.0028 94 -160 295 49
wagui 0.0028 86 -85 178 -29
wagui 0.0027 134 -64 215 -26
wagui 0.0025 138 -116 220 19
wagui 0.0024 90 169 174 222
wagui 0.0023 108 -87 149 16
wagui 0.0021 69 -92 287 -3
wagui 0.0018 -4 -213 356 98
wagui 0.0014 36 149 73 172
wagui 0.0013 117 130 216 277
wagui 0.0013 186 128 307 190
wagui 0.0013 59 152 273 254
wagui 0.0013 16 148 58 173
wagui 0.0012 118 186 208 227
wagui 0.0010 279 28 301 64
wagui 0.0010 -29 -147 235 38
wagui 0.0010 53 96 293 298
wagui 0.0010 82 147 131 165
