Kongrou 0.0069 587 -45 1026 635
Kongrou 0.0044 529 -337 881 -80
Kongrou 0.0040 501 -513 934 78
Kongrou 0.0037 290 -634 1082 144
Kongrou 0.0034 158 40 511 426
Kongrou 0.0033 424 96 1192 572
Kongrou 0.0026 921 116 1179 396
Kongrou 0.0016 628 75 1008 345
Kongrou 0.0013 21 441 480 888
Kongrou 0.0012 533 -360 1178 490
Kongrou 0.0010 -28 19 1228 618
Kongrou 0.0010 664 304 1447 1083
Kongrou 0.0010 674 -654 1611 191
Kongrou 0.0010 20 119 602 394
Kongrou 0.0010 509 738 801 885
Kongrou 0.0010 524 514 817 1073
Rouzaofun 0.0753 620 -2 1088 671
Rouzaofun 0.0139 461 105 1242 563
Rouzaofun 0.0057 163 77 506 482
Rouzaofun 0.0043 529 -337 881 -80
Rouzaofun 0.0035 65 118 603 395
Rouzaofun 0.0034 501 -513 934 78
Rouzaofun 0.0033 290 -634 1082 144
Rouzaofun 0.0017 921 116 1179 396
Rouzaofun 0.0017 628 75 1008 345
Rouzaofun 0.0017 50 9 459 563
Rouzaofun 0.0014 541 -224 1163 349
Rouzaofun 0.0012 21 441 480 888
Rouzaofun 0.0011 -28 19 1228 618
Rouzaofun 0.0010 502 674 908 939
Rouzaofun 0.0010 303 560 1123 1028
Rice_with_Shredded_Chicken 0.0515 620 -2 1088 671
Rice_with_Shredded_Chicken 0.0203 461 105 1242 563
Rice_with_Shredded_Chicken 0.0159 86 -17 510 589
Rice_with_Shredded_Chicken 0.0046 529 -337 881 -80
Rice_with_Shredded_Chicken 0.0042 208 -576 1175 88
Rice_with_Shredded_Chicken 0.0032 501 -513 934 78
Rice_with_Shredded_Chicken 0.0025 65 118 603 395
Rice_with_Shredded_Chicken 0.0018 921 116 1179 396
Rice_with_Shredded_Chicken 0.0015 21 441 480 888
Rice_with_Shredded_Chicken 0.0014 533 -360 1178 490
Rice_with_Shredded_Chicken 0.0013 195 74 520 485
Rice_with_Shredded_Chicken 0.0011 834 -687 1466 193
Rice_with_Shredded_Chicken 0.0010 -381 -546 472 274
Rice_with_Shredded_Chicken 0.0010 -107 -857 1319 360
Rice_with_Shredded_Chicken 0.0010 628 75 1008 345
migao 0.0330 620 -2 1088 671
migao 0.0112 461 105 1242 563
migao 0.0048 529 -337 881 -80
migao 0.0043 208 -576 1175 88
migao 0.0038 501 -513 934 78
migao 0.0036 163 53 506 460
migao 0.0031 65 118 603 395
migao 0.0030 921 116 1179 396
migao 0.0014 628 75 1008 345
migao 0.0014 533 -360 1178 490
migao 0.0012 509 738 801 885
migao 0.0011 502 674 908 939
migao 0.0011 21 441 480 888
migao 0.0011 615 -138 1093 258
wagui 0.0434 86 -17 510 589
wagui 0.0076 582 8 1037 661
wagui 0.0055 424 96 1192 572
wagui 0.0035 501 -513 934 78
wagui 0.0035 128 -713 1269 209
wagui 0.0034 921 116 1179 396
wagui 0.0028 65 118 603 395
wagui 0.0027 529 -337 881 -80
wagui 0.0025 323 -433 1105 -4
wagui 0.0018 195 74 520 485
wagui 0.0017 615 -138 1093 258
wagui 0.0015 282 8 571 89
wagui 0.0015 562 -6 707 56
wagui 0.0014 -149 43 662 537
wagui 0.0014 533 -360 1178 490
wagui 0.0011 347 -368 713 -140
wagui 0.0010 779 0 953 96
