Kongrou 0.0234 4 25 90 122
Kongrou 0.0151 174 38 228 94
Kongrou 0.0057 185 48 225 84
Kongrou 0.0025 0 52 81 106
Kongrou 0.0020 4 15 219 207
Kongrou 0.0014 -23 33 135 112
Kongrou 0.0013 23 98 123 205
Kongrou 0.0012 144 -34 261 77
Kongrou 0.0011 190 0 220 37
Kongrou 0.0010 165 -20 242 62
Kongrou 0.0010 -19 125 150 210
Rouzaofun 0.3004 112 62 207 167
Rouzaofun 0.1883 23 107 123 228
Rouzaofun 0.1874 6 35 88 127
Rouzaofun 0.0972 -12 125 158 210
Rouzaofun 0.0474 174 38 228 94
Rouzaofun 0.0434 75 66 243 148
Rouzaofun 0.0192 185 48 225 84
Rouzaofun 0.0086 98 11 168 83
Rouzaofun 0.0045 -23 48 135 130
Rouzaofun 0.0045 -5 53 229 171
Rouzaofun 0.0031 165 -20 242 62
Rouzaofun 0.0027 144 -34 261 77
Rouzaofun 0.0022 97 33 166 64
Rouzaofun 0.0021 -27 74 185 220
Rouzaofun 0.0018 -28 62 110 105
Rouzaofun 0.0015 190 0 220 37
Rouzaofun 0.0014 92 -46 305 98
Rouzaofun 0.0012 109 82 189 146
Rouzaofun 0.0011 23 50 102 108
Rouzaofun 0.0010 8 103 87 214
Rice_with_Shredded_Chicken 0.2085 13 36 98 125
Rice_with_Shredded_Chicken 0.0684 112 62 207 167
Rice_with_Shredded_Chicken 0.0441 -5 112 156 216
Rice_with_Shredded_Chicken 0.0341 174 38 228 94
Rice_with_Shredded_Chicken 0.0184 77 76 241 155
Rice_with_Shredded_Chicken 0.0092 89 11 161 82
Rice_with_Shredded_Chicken 0.0087 185 48 225 84
Rice_with_Shredded_Chicken 0.0054 -23 33 135 112
Rice_with_Shredded_Chicken 0.0038 4 15 219 207
Rice_with_Shredded_Chicken 0.0018 -1 55 83 111
Rice_with_Shredded_Chicken 0.0018 165 -20 242 62
Rice_with_Shredded_Chicken 0.0016 144 -34 261 77
Rice_with_Shredded_Chicken 0.0016 190 0 220 37
Rice_with_Shredded_Chicken 0.0013 48 109 132 226
Rice_with_Shredded_Chicken 0.0011 -24 62 115 104
Rice_with_Shredded_Chicken 0.0010 97 33 166 64
migao 0.1267 6 35 88 127
migao 0.0446 178 49 223 83
migao 0.0426 112 56 207 160
migao 0.0391 -5 112 156 216
migao 0.0118 75 66 243 148
migao 0.0093 169 38 224 94
migao 0.0034 -27 32 122 114
migao 0.0027 4 15 219 207
migao 0.0027 89 11 161 82
migao 0.0022 144 -34 261 77
migao 0.0022 165 -20 242 62
migao 0.0020 190 0 220 37
migao 0.0018 97 33 166 64
migao 0.0015 -28 62 110 105
migao 0.0013 48 109 132 226
migao 0.0012 210 7 227 38
migao 0.0010 92 -46 305 98
migao 0.0010 183 -12 228 50
wagui 0.0814 13 36 98 125
wagui 0.0549 178 49 223 83
wagui 0.0143 89 11 161 82
wagui 0.0131 169 38 224 94
wagui 0.0082 -5 112 156 216
wagui 0.0073 112 62 207 167
wagui 0.0046 -23 33 135 112
wagui 0.0044 77 76 241 155
wagui 0.0035 165 -20 242 62
wagui 0.0033 190 0 220 37
wagui 0.0028 144 -34 261 77
wagui 0.0019 -1 55 83 111
wagui 0.0019 210 7 227 38
wagui 0.0015 4 15 219 207
wagui 0.0013 183 -12 228 50
wagui 0.0013 92 -46 305 98
wagui 0.0012 175 43 218 72
wagui 0.0012 97 33 166 64
