Kongrou 0.0112 81 18 203 155
Kongrou 0.0036 108 183 192 225
Kongrou 0.0031 110 137 197 265
Kongrou 0.0030 -1 48 38 170
Kongrou 0.0029 24 23 250 200
Kongrou 0.0027 64 -130 250 57
Kongrou 0.0023 49 151 257 251
Kongrou 0.0021 215 28 275 138
Kongrou 0.0016 -22 71 59 148
Kongrou 0.0015 197 45 294 121
Kongrou 0.0012 145 114 265 204
Kongrou 0.0010 122 169 179 258
Rouzaofun 0.3368 82 20 202 172
Rouzaofun 0.0869 39 43 244 149
Rouzaofun 0.0066 227 31 274 145
Rouzaofun 0.0039 -1 48 38 170
Rouzaofun 0.0039 197 45 294 121
Rouzaofun 0.0038 200 9 275 163
Rouzaofun 0.0033 108 183 192 225
Rouzaofun 0.0025 110 137 197 265
Rouzaofun 0.0025 64 -130 250 57
Rouzaofun 0.0023 -19 73 56 156
Rouzaofun 0.0020 49 151 257 251
Rouzaofun 0.0011 122 169 179 258
Rouzaofun 0.0010 145 114 265 204
Rouzaofun 0.0010 -1 75 27 144
Rouzaofun 0.0010 230 63 271 124
Rice_with_Shredded_Chicken 0.0421 39 43 244 149
Rice_with_Shredded_Chicken 0.0416 82 20 202 172
Rice_with_Shredded_Chicken 0.0029 -1 48 38 170
Rice_with_Shredded_Chicken 0.0028 227 31 274 145
Rice_with_Shredded_Chicken 0.0027 28 -146 291 70
Rice_with_Shredded_Chicken 0.0024 110 137 197 265
Rice_with_Shredded_Chicken 0.0023 108 183 192 225
Rice_with_Shredded_Chicken 0.0022 197 45 294 121
Rice_with_Shredded_Chicken 0.0019 -22 71 59 148
Rice_with_Shredded_Chicken 0.0017 49 151 257 251
Rice_with_Shredded_Chicken 0.0014 122 169 179 258
Rice_with_Shredded_Chicken 0.0011 200 9 275 163
Rice_with_Shredded_Chicken 0.0010 145 114 265 204
migao 0.1036 82 20 202 172
migao 0.0606 39 43 244 149
migao 0.0044 108 183 192 225
migao 0.0039 227 31 274 145
migao 0.0036 -1 48 38 170
migao 0.0031 197 45 294 121
migao 0.0030 110 137 197 265
migao 0.0027 54 -111 262 38
migao 0.0026 -22 71 59 148
migao 0.0022 49 151 257 251
migao 0.0020 200 9 275 163
migao 0.0017 122 169 179 258
migao 0.0010 145 114 265 204
wagui 0.0475 82 20 202 172
wagui 0.0336 39 43 244 149
wagui 0.0051 -1 48 38 170
wagui 0.0029 -22 71 59 148
wagui 0.0027 28 -146 291 70
wagui 0.0025 108 183 192 225
wagui 0.0025 215 28 275 138
wagui 0.0022 110 137 197 265
wagui 0.0021 49 151 257 251
wagui 0.0021 197 45 294 121
wagui 0.0019 -1 75 27 144
wagui 0.0013 2 -64 133 5
