Kongrou 0.0171 2 -4 187 183
Kongrou 0.0102 121 -42 200 -12
Kongrou 0.0094 206 39 274 148
Kongrou 0.0092 126 -101 203 40
Kongrou 0.0066 51 -72 276 12
Kongrou 0.0054 188 56 292 131
Kongrou 0.0046 118 -58 226 0
Kongrou 0.0035 52 14 168 158
Kongrou 0.0027 88 -131 270 58
Kongrou 0.0021 137 -56 184 20
Kongrou 0.0017 112 131 288 267
Kongrou 0.0015 20 97 298 294
Kongrou 0.0013 19 -3 139 134
Kongrou 0.0013 214 68 267 119
Kongrou 0.0012 94 171 169 217
Kongrou 0.0011 -24 126 97 216
Kongrou 0.0010 146 112 334 245
Rouzaofun 0.0192 206 39 274 148
Rouzaofun 0.0153 2 -4 187 183
Rouzaofun 0.0105 188 56 292 131
Rouzaofun 0.0072 121 -42 200 -12
Rouzaofun 0.0066 126 -101 203 40
Rouzaofun 0.0052 51 -72 276 12
Rouzaofun 0.0049 118 -58 226 0
Rouzaofun 0.0029 137 -56 184 20
Rouzaofun 0.0020 214 68 267 119
Rouzaofun 0.0020 82 -117 279 46
Rouzaofun 0.0015 60 106 343 285
Rouzaofun 0.0013 18 -65 116 6
Rouzaofun 0.0013 112 131 288 267
Rouzaofun 0.0011 177 17 297 155
Rouzaofun 0.0010 16 146 119 237
Rouzaofun 0.0010 220 80 270 139
Rouzaofun 0.0010 221 65 280 164
Rice_with_Shredded_Chicken 0.2599 2 -4 187 183
Rice_with_Shredded_Chicken 0.0101 206 39 274 148
Rice_with_Shredded_Chicken 0.0074 188 56 292 131
Rice_with_Shredded_Chicken 0.0071 126 -101 203 40
Rice_with_Shredded_Chicken 0.0056 121 -42 200 -12
Rice_with_Shredded_Chicken 0.0051 51 -72 276 12
Rice_with_Shredded_Chicken 0.0043 118 -58 226 0
Rice_with_Shredded_Chicken 0.0027 88 -131 270 58
Rice_with_Shredded_Chicken 0.0022 137 -56 184 20
Rice_with_Shredded_Chicken 0.0018 177 17 297 155
Rice_with_Shredded_Chicken 0.0017 60 106 343 285
Rice_with_Shredded_Chicken 0.0014 18 -65 116 6
Rice_with_Shredded_Chicken 0.0014 52 14 168 158
Rice_with_Shredded_Chicken 0.0013 4 143 109 219
Rice_with_Shredded_Chicken 0.0013 112 131 288 267
Rice_with_Shredded_Chicken 0.0010 214 68 267 119
migao 0.0653 2 -4 187 183
migao 0.0137 206 39 274 148
migao 0.0106 188 56 292 131
migao 0.0101 121 -42 200 -12
migao 0.0080 126 -101 203 40
migao 0.0064 51 -72 276 12
migao 0.0051 118 -58 226 0
migao 0.0040 137 -56 184 20
migao 0.0027 82 -117 279 46
migao 0.0018 112 131 288 267
migao 0.0017 60 106 343 285
migao 0.0016 177 17 297 155
migao 0.0013 214 68 267 119
migao 0.0010 52 14 168 158
migao 0.0010 117 189 182 220
wagui 0.0174 2 -4 187 183
wagui 0.0093 206 39 274 148
wagui 0.0075 188 56 292 131
wagui 0.0071 121 -42 200 -12
wagui 0.0054 126 -101 203 40
wagui 0.0053 51 -72 276 12
wagui 0.0025 137 -56 184 20
wagui 0.0023 118 -58 226 0
wagui 0.0021 88 -131 270 58
wagui 0.0013 60 106 343 285
wagui 0.0013 -12 -180 336 102
wagui 0.0011 177 17 297 155
wagui 0.0010 214 68 267 119
wagui 0.0010 77 -62 166 -15
wagui 0.0010 52 14 168 158
