Kongrou 0.0176 97 27 530 411
Kongrou 0.0085 277 -110 471 0
Kongrou 0.0080 285 -203 480 82
Kongrou 0.0050 136 -171 625 50
Kongrou 0.0030 203 -311 633 160
Kongrou 0.0016 181 -141 385 -19
Rouzaofun 0.0082 97 27 530 411
Rouzaofun 0.0078 277 -110 471 0
Rouzaofun 0.0062 285 -203 480 82
Rouzaofun 0.0045 136 -171 625 50
Rouzaofun 0.0025 44 -379 702 222
Rouzaofun 0.0024 178 -283 554 132
Rouzaofun 0.0012 230 -131 321 64
Rice_with_Shredded_Chicken 0.1204 97 27 530 411
Rice_with_Shredded_Chicken 0.0082 277 -110 471 0
Rice_with_Shredded_Chicken 0.0065 285 -203 480 82
Rice_with_Shredded_Chicken 0.0045 136 -171 625 50
Rice_with_Shredded_Chicken 0.0036 44 -379 702 222
Rice_with_Shredded_Chicken 0.0029 178 -283 554 132
migao 0.0420 97 27 530 411
migao 0.0100 277 -110 471 0
migao 0.0076 285 -203 480 82
migao 0.0051 136 -171 625 50
migao 0.0028 44 -379 702 222
migao 0.0020 178 -283 554 132
migao 0.0013 230 -131 321 64
wagui 0.0066 277 -110 471 0
wagui 0.0061 97 27 530 411
wagui 0.0057 285 -203 480 82
wagui 0.0046 136 -171 625 50
wagui 0.0040 44 -379 702 222
wagui 0.0023 181 -141 385 -19
wagui 0.0021 178 -283 554 132
