Kongrou 0.0630 246 59 636 641
Kongrou 0.0289 110 159 846 544
Kongrou 0.0016 226 -485 917 218
Kongrou 0.0011 335 175 644 471
Rouzaofun 0.0235 89 157 796 546
Rouzaofun 0.0174 246 59 636 641
Rouzaofun 0.0135 539 -55 960 220
Rouzaofun 0.0017 335 175 644 471
Rouzaofun 0.0015 335 -92 1160 265
Rouzaofun 0.0014 226 -485 917 218
Rouzaofun 0.0010 192 330 970 1094
Rice_with_Shredded_Chicken 0.0470 539 -55 960 220
Rice_with_Shredded_Chicken 0.0163 110 159 846 544
Rice_with_Shredded_Chicken 0.0077 278 56 675 645
Rice_with_Shredded_Chicken 0.0022 335 -92 1160 265
Rice_with_Shredded_Chicken 0.0018 203 -400 950 135
Rice_with_Shredded_Chicken 0.0016 64 -542 1105 264
Rice_with_Shredded_Chicken 0.0011 192 330 970 1094
migao 0.0634 110 159 846 544
migao 0.0484 278 56 675 645
migao 0.0069 539 -55 960 220
migao 0.0020 203 -400 950 135
migao 0.0012 64 -542 1105 264
migao 0.0010 335 175 644 471
wagui 0.0745 539 -55 960 220
wagui 0.0044 110 159 846 544
wagui 0.0027 335 -92 1160 265
wagui 0.0017 64 -542 1105 264
wagui 0.0016 278 56 675 645
wagui 0.0015 203 -400 950 135
wagui 0.0010 192 330 970 1094
