Kongrou 0.0612 300 172 584 472
Kongrou 0.0308 90 319 361 679
Kongrou 0.0094 14 390 436 608
Kongrou 0.0084 635 5 977 543
Kongrou 0.0037 325 224 558 382
Kongrou 0.0036 180 219 664 425
Kongrou 0.0024 115 399 336 601
Kongrou 0.0024 452 412 788 667
Kongrou 0.0017 427 -12 576 109
Kongrou 0.0013 88 -32 364 323
Kongrou 0.0012 256 -497 915 210
Kongrou 0.0011 557 749 722 878
Kongrou 0.0010 457 85 1078 537
Rouzaofun 0.1312 300 172 584 472
Rouzaofun 0.0743 90 319 361 679
Rouzaofun 0.0215 14 390 436 608
Rouzaofun 0.0080 180 219 664 425
Rouzaofun 0.0071 349 219 574 388
Rouzaofun 0.0048 115 399 336 601
Rouzaofun 0.0034 452 412 788 667
Rouzaofun 0.0033 513 39 1098 506
Rouzaofun 0.0019 311 251 534 434
Rouzaofun 0.0018 427 -12 576 109
Rouzaofun 0.0017 557 749 722 878
Rouzaofun 0.0014 88 -32 364 323
Rouzaofun 0.0013 -38 310 473 710
Rouzaofun 0.0011 521 748 640 881
Rouzaofun 0.0011 427 -217 774 -9
Rouzaofun 0.0011 -23 29 475 263
Rouzaofun 0.0010 256 -497 915 210
Rouzaofun 0.0010 46 79 983 577
Rouzaofun 0.0010 412 -1 670 136
Rice_with_Shredded_Chicken 0.0825 300 172 584 472
Rice_with_Shredded_Chicken 0.0416 90 319 361 679
Rice_with_Shredded_Chicken 0.0147 14 390 436 608
Rice_with_Shredded_Chicken 0.0091 635 5 977 543
Rice_with_Shredded_Chicken 0.0089 496 362 802 733
Rice_with_Shredded_Chicken 0.0051 180 219 664 425
Rice_with_Shredded_Chicken 0.0032 349 219 574 388
Rice_with_Shredded_Chicken 0.0026 493 -38 1139 550
Rice_with_Shredded_Chicken 0.0022 115 399 336 601
Rice_with_Shredded_Chicken 0.0017 557 749 722 878
Rice_with_Shredded_Chicken 0.0015 208 -410 973 122
Rice_with_Shredded_Chicken 0.0013 33 -58 321 368
Rice_with_Shredded_Chicken 0.0012 521 748 640 881
Rice_with_Shredded_Chicken 0.0012 58 -546 1138 248
Rice_with_Shredded_Chicken 0.0010 354 346 941 752
Rice_with_Shredded_Chicken 0.0010 46 79 983 577
Rice_with_Shredded_Chicken 0.0010 457 654 755 1001
Rice_with_Shredded_Chicken 0.0010 166 -246 856 433
Rice_with_Shredded_Chicken 0.0010 427 -217 774 -9
migao 0.1356 300 172 584 472
migao 0.0616 90 319 361 679
migao 0.0213 14 390 436 608
migao 0.0075 191 238 653 446
migao 0.0066 513 39 1098 506
migao 0.0048 349 219 574 388
migao 0.0030 115 399 336 601
migao 0.0024 496 362 802 733
migao 0.0020 427 -12 576 109
migao 0.0016 557 749 722 878
migao 0.0016 208 -410 973 122
migao 0.0012 311 251 534 434
migao 0.0011 521 748 640 881
migao 0.0011 463 635 660 942
migao 0.0010 427 -217 774 -9
migao 0.0010 88 -32 364 323
wagui 0.0662 300 172 584 472
wagui 0.0294 90 319 361 679
wagui 0.0124 14 390 436 608
wagui 0.0045 191 238 653 446
wagui 0.0041 33 -58 321 368
wagui 0.0030 325 224 558 382
wagui 0.0020 513 39 1098 506
wagui 0.0019 557 749 722 878
wagui 0.0016 452 412 788 667
wagui 0.0014 115 399 336 601
wagui 0.0013 427 -12 576 109
wagui 0.0012 521 748 640 881
wagui 0.0012 58 -546 1138 248
wagui 0.0011 208 -410 973 122
