Kongrou 0.1887 162 48 461 330
Kongrou 0.1308 21 -3 579 400
Kongrou 0.0036 138 -284 550 126
Kongrou 0.0022 83 27 537 258
Kongrou 0.0016 139 224 644 625
Kongrou 0.0012 512 -21 605 247
Kongrou 0.0010 88 102 512 482
Kongrou 0.0010 318 444 385 522
Rouzaofun 0.0206 21 -3 579 400
Rouzaofun 0.0096 68 78 550 300
Rouzaofun 0.0029 198 50 468 327
Rouzaofun 0.0029 138 -284 550 126
Rouzaofun 0.0029 512 -6 606 256
Rouzaofun 0.0017 318 444 385 522
Rouzaofun 0.0013 557 50 607 175
Rouzaofun 0.0010 139 224 644 625
Rice_with_Shredded_Chicken 0.0184 162 48 461 330
Rice_with_Shredded_Chicken 0.0145 21 -3 579 400
Rice_with_Shredded_Chicken 0.0034 138 -284 550 126
Rice_with_Shredded_Chicken 0.0020 318 444 385 522
Rice_with_Shredded_Chicken 0.0016 512 -6 606 256
Rice_with_Shredded_Chicken 0.0012 139 224 644 625
Rice_with_Shredded_Chicken 0.0010 83 27 537 258
migao 0.0579 21 -3 579 400
migao 0.0443 162 48 461 330
migao 0.0034 118 -243 573 82
migao 0.0020 512 -6 606 256
migao 0.0017 318 444 385 522
migao 0.0014 239 258 558 606
migao 0.0013 83 27 537 258
migao 0.0013 557 50 607 175
migao 0.0010 481 26 637 200
wagui 0.0227 21 -3 579 400
wagui 0.0076 162 48 461 330
wagui 0.0031 67 -322 630 159
wagui 0.0022 318 444 385 522
wagui 0.0019 512 -6 606 256
wagui 0.0015 557 50 607 175
wagui 0.0012 139 224 644 625
