Kongrou 0.0438 495 144 1365 1126
Kongrou 0.0107 1096 -41 1638 372
Kongrou 0.0075 742 368 1297 933
Kongrou 0.0056 239 368 1623 1025
Kongrou 0.0024 586 455 1454 846
Kongrou 0.0021 -66 75 584 605
Kongrou 0.0019 52 -12 465 759
Kongrou 0.0019 330 -107 671 507
Kongrou 0.0016 819 -306 1806 669
Kongrou 0.0014 202 -153 838 595
Kongrou 0.0014 1556 471 1800 1313
Kongrou 0.0013 429 -424 1021 -86
Kongrou 0.0012 356 -848 1700 359
Kongrou 0.0010 808 1163 1303 1518
Kongrou 0.0010 781 918 1370 1736
Kongrou 0.0010 302 601 1764 1959
Rouzaofun 0.0553 448 272 1280 1121
Rouzaofun 0.0075 738 415 1302 955
Rouzaofun 0.0062 1096 -41 1638 372
Rouzaofun 0.0030 590 452 1520 849
Rouzaofun 0.0029 -66 75 584 605
Rouzaofun 0.0027 52 -12 465 759
Rouzaofun 0.0026 330 -107 671 507
Rouzaofun 0.0025 1556 471 1800 1313
Rouzaofun 0.0020 91 -233 941 675
Rouzaofun 0.0014 205 0 797 404
Rouzaofun 0.0013 250 231 1609 895
Rouzaofun 0.0010 356 -848 1700 359
Rouzaofun 0.0010 808 1163 1303 1518
Rice_with_Shredded_Chicken 0.0175 448 272 1280 1121
Rice_with_Shredded_Chicken 0.0048 1096 -41 1638 372
Rice_with_Shredded_Chicken 0.0044 738 415 1302 955
Rice_with_Shredded_Chicken 0.0022 590 452 1520 849
Rice_with_Shredded_Chicken 0.0019 -66 75 584 605
Rice_with_Shredded_Chicken 0.0019 250 231 1609 895
Rice_with_Shredded_Chicken 0.0018 1556 471 1800 1313
Rice_with_Shredded_Chicken 0.0018 330 -107 671 507
Rice_with_Shredded_Chicken 0.0015 370 -699 1709 223
Rice_with_Shredded_Chicken 0.0015 819 -306 1806 669
Rice_with_Shredded_Chicken 0.0014 21 -15 426 762
Rice_with_Shredded_Chicken 0.0013 109 -958 1998 451
Rice_with_Shredded_Chicken 0.0011 808 1163 1303 1518
Rice_with_Shredded_Chicken 0.0010 41 -417 1006 878
migao 0.0488 437 162 1288 1110
migao 0.0136 239 368 1623 1025
migao 0.0120 1096 -41 1638 372
migao 0.0082 738 415 1302 955
migao 0.0033 -66 75 584 605
migao 0.0030 590 452 1520 849
migao 0.0027 330 -107 671 507
migao 0.0024 52 -12 465 759
migao 0.0023 91 -233 941 675
migao 0.0020 1556 471 1800 1313
migao 0.0015 370 -699 1709 223
migao 0.0013 808 1163 1303 1518
migao 0.0012 205 0 797 404
migao 0.0010 819 -306 1806 669
migao 0.0010 781 918 1370 1736
wagui 0.0147 437 162 1288 1110
wagui 0.0087 1096 -41 1638 372
wagui 0.0051 738 415 1302 955
wagui 0.0045 187 361 1538 1030
wagui 0.0030 -66 75 584 605
wagui 0.0028 202 -153 838 595
wagui 0.0026 330 -107 671 507
wagui 0.0024 590 452 1520 849
wagui 0.0021 52 -12 465 759
wagui 0.0020 1556 471 1800 1313
wagui 0.0013 109 -958 1998 451
wagui 0.0012 429 -424 1021 -86
wagui 0.0011 370 -699 1709 223
wagui 0.0011 41 -417 1006 878
