Kongrou 0.0062 102 74 202 192
Kongrou 0.0044 15 6 202 189
Kongrou 0.0035 29 38 113 113
Kongrou 0.0028 62 94 243 190
Kongrou 0.0026 126 108 212 182
Kongrou 0.0023 100 3 179 31
Kongrou 0.0012 147 22 222 80
Kongrou 0.0012 3 50 138 101
Rouzaofun 0.4118 102 79 204 205
Rouzaofun 0.2904 31 17 115 131
Rouzaofun 0.0886 62 94 243 190
Rouzaofun 0.0180 136 6 228 101
Rouzaofun 0.0119 -4 26 151 121
Rouzaofun 0.0074 7 5 248 191
Rouzaofun 0.0070 126 105 213 174
Rouzaofun 0.0069 43 38 128 103
Rouzaofun 0.0067 100 3 179 31
Rouzaofun 0.0031 36 36 180 201
Rouzaofun 0.0030 5 51 146 100
Rouzaofun 0.0024 147 22 222 80
Rouzaofun 0.0022 91 -7 189 41
Rouzaofun 0.0022 19 45 103 117
Rouzaofun 0.0017 48 51 113 91
Rouzaofun 0.0017 86 100 174 170
Rouzaofun 0.0012 -66 -73 162 108
Rouzaofun 0.0011 44 -59 142 30
Rouzaofun 0.0010 144 128 205 162
Rouzaofun 0.0010 40 60 102 101
Rice_with_Shredded_Chicken 0.0367 30 26 117 138
Rice_with_Shredded_Chicken 0.0258 102 79 204 205
Rice_with_Shredded_Chicken 0.0230 62 94 243 190
Rice_with_Shredded_Chicken 0.0202 136 6 228 101
Rice_with_Shredded_Chicken 0.0064 100 3 179 31
Rice_with_Shredded_Chicken 0.0044 7 5 248 191
Rice_with_Shredded_Chicken 0.0036 88 -16 177 45
Rice_with_Shredded_Chicken 0.0033 -6 37 154 129
Rice_with_Shredded_Chicken 0.0031 126 105 213 174
Rice_with_Shredded_Chicken 0.0030 43 38 128 103
Rice_with_Shredded_Chicken 0.0022 36 36 180 201
Rice_with_Shredded_Chicken 0.0017 5 51 146 100
Rice_with_Shredded_Chicken 0.0015 147 22 222 80
migao 0.1355 102 79 204 205
migao 0.0952 31 17 115 131
migao 0.0531 62 94 243 190
migao 0.0108 136 6 228 101
migao 0.0074 100 3 179 31
migao 0.0072 -4 26 151 121
migao 0.0053 15 6 202 189
migao 0.0043 43 38 128 103
migao 0.0037 126 105 213 174
migao 0.0021 5 51 146 100
migao 0.0021 152 33 216 69
migao 0.0013 91 -7 189 41
migao 0.0012 48 51 113 91
migao 0.0010 19 45 103 117
migao 0.0010 86 100 174 170
wagui 0.1223 136 6 228 101
wagui 0.0448 31 17 115 131
wagui 0.0306 102 79 204 205
wagui 0.0206 62 94 243 190
wagui 0.0181 100 3 179 31
wagui 0.0065 -4 26 151 121
wagui 0.0043 7 5 248 191
wagui 0.0043 152 33 216 69
wagui 0.0037 91 -7 189 41
wagui 0.0029 43 38 128 103
wagui 0.0022 126 108 212 182
wagui 0.0016 36 36 180 201
wagui 0.0013 5 51 146 100
wagui 0.0012 167 -18 276 70
wagui 0.0010 19 45 103 117
wagui 0.0010 155 23 233 80
