Kongrou 0.0192 22 22 237 171
Kongrou 0.0013 117 -42 206 10
Kongrou 0.0011 187 72 281 173
Kongrou 0.0011 113 -74 216 38
Kongrou 0.0010 74 -115 262 67
Rouzaofun 0.6125 6 17 213 179
Rouzaofun 0.0026 29 40 159 163
Rouzaofun 0.0014 117 -42 206 10
Rouzaofun 0.0011 85 19 204 143
Rouzaofun 0.0011 -37 167 65 274
Rouzaofun 0.0010 67 48 242 174
Rice_with_Shredded_Chicken 0.0266 39 17 219 177
Rice_with_Shredded_Chicken 0.0014 117 -42 206 10
Rice_with_Shredded_Chicken 0.0010 74 -115 262 67
migao 0.2458 6 17 213 179
migao 0.0016 117 -42 206 10
migao 0.0010 113 -74 216 38
wagui 0.0198 22 22 237 171
