Kongrou 0.0032 46 23 221 146
Kongrou 0.0026 65 -128 253 48
Kongrou 0.0025 119 -56 207 -5
Kongrou 0.0022 121 -98 212 32
Kongrou 0.0018 14 -155 311 74
Kongrou 0.0017 190 92 276 169
Kongrou 0.0017 21 91 102 169
Kongrou 0.0016 83 -66 198 157
Kongrou 0.0016 2 -27 279 116
Rouzaofun 0.1225 79 12 188 157
Rouzaofun 0.0093 26 99 108 172
Rouzaofun 0.0067 28 -3 253 143
Rouzaofun 0.0049 23 48 115 188
Rouzaofun 0.0048 188 72 272 182
Rouzaofun 0.0030 0 93 133 157
Rouzaofun 0.0030 119 -56 207 -5
Rouzaofun 0.0030 45 49 221 161
Rouzaofun 0.0022 65 -128 253 48
Rouzaofun 0.0019 37 105 96 145
Rouzaofun 0.0019 121 -98 212 32
Rouzaofun 0.0017 14 -155 311 74
Rouzaofun 0.0017 165 100 312 160
Rouzaofun 0.0015 152 11 217 46
Rouzaofun 0.0012 103 47 180 127
Rouzaofun 0.0012 209 170 278 187
Rouzaofun 0.0011 41 119 103 163
Rouzaofun 0.0011 118 -23 154 7
Rouzaofun 0.0011 212 90 286 170
Rouzaofun 0.0010 90 75 172 154
Rice_with_Shredded_Chicken 0.0416 46 23 221 146
Rice_with_Shredded_Chicken 0.0149 188 72 272 182
Rice_with_Shredded_Chicken 0.0034 26 99 108 172
Rice_with_Shredded_Chicken 0.0034 52 -113 269 34
Rice_with_Shredded_Chicken 0.0031 2 -27 279 116
Rice_with_Shredded_Chicken 0.0030 119 -56 207 -5
Rice_with_Shredded_Chicken 0.0029 79 42 188 168
Rice_with_Shredded_Chicken 0.0026 14 -155 311 74
Rice_with_Shredded_Chicken 0.0019 83 -66 198 157
Rice_with_Shredded_Chicken 0.0017 121 -98 212 32
Rice_with_Shredded_Chicken 0.0015 0 93 133 157
Rice_with_Shredded_Chicken 0.0014 152 11 217 46
Rice_with_Shredded_Chicken 0.0012 209 170 278 187
Rice_with_Shredded_Chicken 0.0011 18 -60 142 -5
Rice_with_Shredded_Chicken 0.0010 165 100 312 160
Rice_with_Shredded_Chicken 0.0010 118 -23 154 7
migao 0.0248 46 23 221 146
migao 0.0043 26 99 108 172
migao 0.0034 52 -113 269 34
migao 0.0031 119 -56 207 -5
migao 0.0029 188 72 272 182
migao 0.0024 2 -27 279 116
migao 0.0021 14 -155 311 74
migao 0.0020 121 -98 212 32
migao 0.0017 152 11 217 46
migao 0.0016 0 93 133 157
migao 0.0016 79 42 188 168
migao 0.0016 83 -66 198 157
migao 0.0015 37 105 96 145
migao 0.0013 209 170 278 187
migao 0.0011 165 100 312 160
migao 0.0011 118 -23 154 7
wagui 0.0063 46 23 221 146
wagui 0.0041 209 170 278 187
wagui 0.0035 142 10 216 36
wagui 0.0028 14 -155 311 74
wagui 0.0025 52 -113 269 34
wagui 0.0024 26 99 108 172
wagui 0.0022 2 -27 279 116
wagui 0.0018 119 -56 207 -5
wagui 0.0017 121 -98 212 32
wagui 0.0016 83 -66 198 157
wagui 0.0016 18 -60 142 -5
wagui 0.0013 202 165 274 182
wagui 0.0012 190 92 276 169
wagui 0.0011 118 -23 154 7
