Kongrou 0.0369 -8 91 180 483
Kongrou 0.0100 -59 155 232 420
Kongrou 0.0057 728 156 1020 418
Kongrou 0.0029 123 186 909 600
Kongrou 0.0027 24 183 186 393
Kongrou 0.0024 329 120 784 668
Kongrou 0.0022 385 -72 808 248
Kongrou 0.0015 782 -1 1005 117
Kongrou 0.0015 1 120 170 340
Kongrou 0.0015 521 53 690 137
Kongrou 0.0014 814 483 1012 746
Kongrou 0.0013 765 189 1023 311
Kongrou 0.0012 473 240 874 629
Kongrou 0.0011 815 204 1010 373
Rouzaofun 0.0553 -8 91 180 483
Rouzaofun 0.0213 728 156 1020 418
Rouzaofun 0.0145 -59 155 232 420
Rouzaofun 0.0071 279 122 758 666
Rouzaofun 0.0068 782 -1 1005 117
Rouzaofun 0.0045 24 183 186 393
Rouzaofun 0.0042 814 483 1012 746
Rouzaofun 0.0038 70 72 934 681
Rouzaofun 0.0034 815 204 1010 373
Rouzaofun 0.0023 14 -5 196 122
Rouzaofun 0.0018 765 189 1023 311
Rouzaofun 0.0017 385 -72 808 248
Rouzaofun 0.0016 1 120 170 340
Rouzaofun 0.0016 521 53 690 137
Rouzaofun 0.0011 437 205 831 661
Rouzaofun 0.0010 686 98 1103 363
Rouzaofun 0.0010 -1 219 136 434
Rice_with_Shredded_Chicken 0.0796 141 91 849 678
Rice_with_Shredded_Chicken 0.0356 -8 91 180 483
Rice_with_Shredded_Chicken 0.0115 -59 155 232 420
Rice_with_Shredded_Chicken 0.0108 728 156 1020 418
Rice_with_Shredded_Chicken 0.0038 782 -1 1005 117
Rice_with_Shredded_Chicken 0.0035 393 198 800 668
Rice_with_Shredded_Chicken 0.0033 788 505 1000 762
Rice_with_Shredded_Chicken 0.0022 385 -72 808 248
Rice_with_Shredded_Chicken 0.0021 24 183 186 393
Rice_with_Shredded_Chicken 0.0020 14 -5 196 122
Rice_with_Shredded_Chicken 0.0015 292 96 747 542
Rice_with_Shredded_Chicken 0.0015 815 204 1010 373
Rice_with_Shredded_Chicken 0.0010 765 189 1023 311
Rice_with_Shredded_Chicken 0.0010 521 53 690 137
migao 0.0653 -8 91 180 483
migao 0.0201 -59 155 232 420
migao 0.0127 728 156 1020 418
migao 0.0074 782 -1 1005 117
migao 0.0057 141 91 849 678
migao 0.0028 24 183 186 393
migao 0.0027 827 522 997 708
migao 0.0026 14 -5 196 122
migao 0.0026 815 204 1010 373
migao 0.0018 521 53 690 137
migao 0.0015 765 189 1023 311
migao 0.0012 1 120 170 340
migao 0.0011 385 -72 808 248
wagui 0.0357 -8 91 180 483
wagui 0.0134 -59 155 232 420
wagui 0.0069 728 156 1020 418
wagui 0.0043 782 -1 1005 117
wagui 0.0039 788 505 1000 762
wagui 0.0039 141 91 849 678
wagui 0.0038 14 -5 196 122
wagui 0.0018 11 191 161 424
wagui 0.0015 521 53 690 137
wagui 0.0015 16 128 193 333
wagui 0.0012 824 523 1001 669
wagui 0.0011 815 204 1010 373
wagui 0.0011 908 614 1035 732
