Kongrou 0.0188 10 -2 264 182
Kongrou 0.0044 74 47 170 168
Kongrou 0.0040 117 -50 204 -6
Kongrou 0.0036 118 -96 211 35
Kongrou 0.0026 63 -76 264 16
Kongrou 0.0017 81 -136 277 63
Kongrou 0.0015 100 102 340 292
Kongrou 0.0011 106 18 284 152
Rouzaofun 0.1176 10 -2 264 182
Rouzaofun 0.0114 87 9 283 141
Rouzaofun 0.0045 116 -22 233 131
Rouzaofun 0.0043 117 -50 204 -6
Rouzaofun 0.0038 152 16 260 156
Rouzaofun 0.0030 118 -96 211 35
Rouzaofun 0.0029 172 -10 262 99
Rouzaofun 0.0026 100 102 340 292
Rouzaofun 0.0023 63 -76 264 16
Rouzaofun 0.0017 49 46 191 169
Rouzaofun 0.0015 119 50 230 163
Rouzaofun 0.0011 81 -136 277 63
Rice_with_Shredded_Chicken 0.0744 10 -2 264 182
Rice_with_Shredded_Chicken 0.0040 117 -50 204 -6
Rice_with_Shredded_Chicken 0.0033 78 20 249 150
Rice_with_Shredded_Chicken 0.0030 118 -96 211 35
Rice_with_Shredded_Chicken 0.0023 63 -76 264 16
Rice_with_Shredded_Chicken 0.0015 100 102 340 292
Rice_with_Shredded_Chicken 0.0015 81 -136 277 63
Rice_with_Shredded_Chicken 0.0010 -1 -175 325 97
Rice_with_Shredded_Chicken 0.0010 146 203 175 239
migao 0.0531 10 -2 264 182
migao 0.0050 117 -50 204 -6
migao 0.0047 87 9 283 141
migao 0.0035 118 -96 211 35
migao 0.0027 63 -76 264 16
migao 0.0016 74 47 170 168
migao 0.0015 100 102 340 292
migao 0.0013 76 -144 283 70
migao 0.0010 112 -23 216 132
wagui 0.0588 10 -2 264 182
wagui 0.0034 9 25 127 168
wagui 0.0033 117 -50 204 -6
wagui 0.0028 118 -96 211 35
wagui 0.0025 63 -76 264 16
wagui 0.0024 -17 -27 164 170
wagui 0.0022 67 32 156 162
wagui 0.0020 -3 -2 19 21
wagui 0.0013 81 -136 277 63
wagui 0.0013 -1 -175 325 97
wagui 0.0013 100 102 340 292
wagui 0.0011 146 203 175 239
wagui 0.0011 78 20 249 150
wagui 0.0010 18 -62 118 1
