Kongrou 0.0111 87 56 180 189
Kongrou 0.0070 114 -30 188 2
Kongrou 0.0066 116 -77 191 43
Kongrou 0.0057 45 42 214 194
Kongrou 0.0051 46 -57 261 25
Kongrou 0.0038 114 -47 208 16
Kongrou 0.0033 73 -106 263 62
Kongrou 0.0021 87 173 161 215
Kongrou 0.0013 84 -44 162 -3
Kongrou 0.0013 130 -46 172 37
Kongrou 0.0012 94 81 178 149
Kongrou 0.0011 132 203 169 235
Kongrou 0.0011 0 -145 301 98
Kongrou 0.0010 116 172 186 254
Kongrou 0.0010 32 114 81 205
Rouzaofun 0.0049 116 -77 191 43
Rouzaofun 0.0049 114 -30 188 2
Rouzaofun 0.0046 45 42 214 194
Rouzaofun 0.0045 114 -47 208 16
Rouzaofun 0.0043 87 56 180 189
Rouzaofun 0.0035 46 -57 261 25
Rouzaofun 0.0025 73 -106 263 62
Rouzaofun 0.0020 87 173 161 215
Rouzaofun 0.0017 130 -46 172 37
Rouzaofun 0.0016 132 203 169 235
Rouzaofun 0.0012 0 -145 301 98
Rouzaofun 0.0011 94 81 178 149
Rouzaofun 0.0011 75 96 197 163
Rouzaofun 0.0011 32 114 81 205
Rouzaofun 0.0010 -93 64 143 178
Rice_with_Shredded_Chicken 0.0170 45 42 214 194
Rice_with_Shredded_Chicken 0.0053 116 -77 191 43
Rice_with_Shredded_Chicken 0.0042 114 -47 208 16
Rice_with_Shredded_Chicken 0.0040 114 -30 188 2
Rice_with_Shredded_Chicken 0.0039 46 -57 261 25
Rice_with_Shredded_Chicken 0.0030 73 -106 263 62
Rice_with_Shredded_Chicken 0.0018 87 56 180 189
Rice_with_Shredded_Chicken 0.0017 0 -145 301 98
Rice_with_Shredded_Chicken 0.0016 132 203 169 235
Rice_with_Shredded_Chicken 0.0016 130 -46 172 37
Rice_with_Shredded_Chicken 0.0012 116 172 186 254
Rice_with_Shredded_Chicken 0.0011 -22 67 71 178
migao 0.0154 45 42 214 194
migao 0.0094 87 56 180 189
migao 0.0070 114 -30 188 2
migao 0.0058 116 -77 191 43
migao 0.0047 114 -47 208 16
migao 0.0045 46 -57 261 25
migao 0.0025 73 -106 263 62
migao 0.0023 130 -46 172 37
migao 0.0015 87 173 161 215
migao 0.0015 132 203 169 235
migao 0.0015 116 172 186 254
migao 0.0012 0 -145 301 98
migao 0.0012 32 114 81 205
migao 0.0012 75 96 197 163
wagui 0.2051 45 42 214 194
wagui 0.0442 87 56 180 189
wagui 0.0051 114 -30 188 2
wagui 0.0042 46 -57 261 25
wagui 0.0040 116 -77 191 43
wagui 0.0030 87 173 161 215
wagui 0.0027 73 -106 263 62
wagui 0.0021 114 -47 208 16
wagui 0.0021 0 -145 301 98
wagui 0.0016 130 -46 172 37
wagui 0.0015 132 203 169 235
wagui 0.0012 32 114 81 205
wagui 0.0011 75 96 197 163
wagui 0.0010 87 151 181 213
wagui 0.0010 84 -44 162 -3
