Kongrou 0.3567 80 2 604 395
Kongrou 0.0097 258 13 550 361
Kongrou 0.0090 255 -113 447 -9
Kongrou 0.0080 257 -210 461 78
Kongrou 0.0057 126 -170 588 38
Kongrou 0.0019 148 -279 535 118
Kongrou 0.0015 44 -363 659 195
Rouzaofun 0.0557 2 21 598 373
Rouzaofun 0.0092 255 -113 447 -9
Rouzaofun 0.0064 257 -210 461 78
Rouzaofun 0.0055 126 -170 588 38
Rouzaofun 0.0024 216 72 634 350
Rouzaofun 0.0016 148 -279 535 118
Rouzaofun 0.0016 44 -363 659 195
Rouzaofun 0.0010 286 -140 418 62
Rice_with_Shredded_Chicken 0.0518 78 28 511 369
Rice_with_Shredded_Chicken 0.0090 255 -113 447 -9
Rice_with_Shredded_Chicken 0.0063 257 -210 461 78
Rice_with_Shredded_Chicken 0.0052 126 -170 588 38
Rice_with_Shredded_Chicken 0.0022 44 -363 659 195
Rice_with_Shredded_Chicken 0.0019 148 -279 535 118
Rice_with_Shredded_Chicken 0.0016 216 72 634 350
Rice_with_Shredded_Chicken 0.0011 286 -140 418 62
migao 0.1343 2 21 598 373
migao 0.0107 255 -113 447 -9
migao 0.0073 257 -210 461 78
migao 0.0061 126 -170 588 38
migao 0.0040 210 49 640 325
migao 0.0018 44 -363 659 195
migao 0.0014 286 -140 418 62
migao 0.0012 148 -279 535 118
wagui 0.3079 26 12 573 389
wagui 0.0065 255 -113 447 -9
wagui 0.0061 257 -210 461 78
wagui 0.0051 126 -170 588 38
wagui 0.0032 216 72 634 350
wagui 0.0025 44 -363 659 195
wagui 0.0014 148 -279 535 118
wagui 0.0010 172 -137 358 -31
