Kongrou 0.0112 39 7 232 177
Kongrou 0.0029 66 -127 248 59
Kongrou 0.0014 111 130 193 273
Kongrou 0.0012 110 -92 195 35
Kongrou 0.0012 111 184 188 225
Kongrou 0.0012 110 -47 188 -4
Kongrou 0.0010 51 -77 253 21
Rouzaofun 0.5094 19 9 253 174
Rouzaofun 0.0053 38 46 182 171
Rouzaofun 0.0027 66 -127 248 59
Rouzaofun 0.0017 86 11 218 142
Rouzaofun 0.0012 110 -47 188 -4
Rouzaofun 0.0012 111 184 188 225
Rouzaofun 0.0012 111 130 193 273
Rouzaofun 0.0010 110 -92 195 35
Rice_with_Shredded_Chicken 0.0432 19 9 253 174
Rice_with_Shredded_Chicken 0.0029 32 -145 283 75
Rice_with_Shredded_Chicken 0.0011 111 130 193 273
Rice_with_Shredded_Chicken 0.0011 110 -47 188 -4
Rice_with_Shredded_Chicken 0.0010 110 -92 195 35
migao 0.1395 19 9 253 174
migao 0.0026 54 -102 258 33
migao 0.0015 110 -47 188 -4
migao 0.0014 111 184 188 225
migao 0.0013 111 130 193 273
migao 0.0012 110 -92 195 35
migao 0.0010 121 172 178 255
wagui 0.0424 19 9 253 174
wagui 0.0031 32 -145 283 75
wagui 0.0010 111 184 188 225
wagui 0.0010 110 -47 188 -4
wagui 0.0010 110 -92 195 35
