Kongrou 0.0477 271 59 613 478
Kongrou 0.0115 22 11 827 544
Kongrou 0.0105 129 104 748 432
Kongrou 0.0030 351 569 578 697
Kongrou 0.0023 351 441 600 806
Kongrou 0.0020 180 472 767 776
Kongrou 0.0019 -66 -17 654 346
Kongrou 0.0018 189 192 642 390
Kongrou 0.0012 210 -396 761 170
Kongrou 0.0010 198 -202 485 -38
Rouzaofun 0.0242 31 10 688 561
Rouzaofun 0.0041 129 104 748 432
Rouzaofun 0.0026 189 192 642 390
Rouzaofun 0.0023 351 569 578 697
Rouzaofun 0.0022 271 59 613 478
Rouzaofun 0.0019 180 472 767 776
Rouzaofun 0.0018 351 441 600 806
Rouzaofun 0.0010 210 -396 761 170
Rice_with_Shredded_Chicken 0.0710 30 20 679 552
Rice_with_Shredded_Chicken 0.0055 271 59 613 478
Rice_with_Shredded_Chicken 0.0044 129 104 748 432
Rice_with_Shredded_Chicken 0.0019 351 569 578 697
Rice_with_Shredded_Chicken 0.0018 189 192 642 390
Rice_with_Shredded_Chicken 0.0017 180 472 767 776
Rice_with_Shredded_Chicken 0.0015 351 441 600 806
Rice_with_Shredded_Chicken 0.0013 178 -330 802 105
Rice_with_Shredded_Chicken 0.0013 -29 -395 611 177
Rice_with_Shredded_Chicken 0.0011 70 -476 921 241
migao 0.0375 30 20 679 552
migao 0.0126 271 59 613 478
migao 0.0095 129 104 748 432
migao 0.0033 351 569 578 697
migao 0.0024 189 192 642 390
migao 0.0024 351 441 600 806
migao 0.0020 180 472 767 776
migao 0.0013 178 -330 802 105
migao 0.0010 98 -60 610 362
wagui 0.6122 30 20 679 552
wagui 0.0477 271 59 613 478
wagui 0.0140 129 104 748 432
wagui 0.0020 189 192 642 390
wagui 0.0016 351 441 600 806
wagui 0.0016 98 -60 610 362
wagui 0.0016 21 29 402 439
wagui 0.0013 70 -476 921 241
wagui 0.0013 797 33 852 188
wagui 0.0013 180 472 767 776
wagui 0.0012 198 -202 485 -38
wagui 0.0011 -2 -106 857 410
wagui 0.0011 351 569 578 697
wagui 0.0011 -29 -395 611 177
wagui 0.0011 178 -330 802 105
