Kongrou 0.0514 479 285 664 487
Kongrou 0.0462 325 135 495 313
Kongrou 0.0299 121 77 296 263
Kongrou 0.0233 137 119 280 222
Kongrou 0.0199 506 86 691 281
Kongrou 0.0172 325 -3 496 156
Kongrou 0.0156 230 244 428 446
Kongrou 0.0147 496 313 646 432
Kongrou 0.0110 29 180 210 501
Kongrou 0.0051 47 377 182 448
Kongrou 0.0038 530 122 667 247
Kongrou 0.0035 247 286 410 405
Kongrou 0.0033 151 278 480 412
Kongrou 0.0033 57 226 251 438
Kongrou 0.0031 158 -295 647 135
Kongrou 0.0030 16 258 184 432
Kongrou 0.0029 435 299 735 445
Kongrou 0.0029 38 297 164 395
Kongrou 0.0026 341 143 478 252
Kongrou 0.0024 -85 161 343 545
Kongrou 0.0018 310 18 482 107
Kongrou 0.0018 508 350 635 476
Kongrou 0.0018 44 313 210 486
Kongrou 0.0010 -32 282 288 436
Kongrou 0.0010 249 285 382 352
Kongrou 0.0010 279 -231 504 101
Kongrou 0.0010 17 11 578 478
Kongrou 0.0010 281 -128 484 7
Rouzaofun 0.1075 472 283 644 488
Rouzaofun 0.0866 325 135 495 313
Rouzaofun 0.0824 121 77 296 263
Rouzaofun 0.0780 227 260 432 456
Rouzaofun 0.0613 137 119 280 222
Rouzaofun 0.0365 325 -3 496 156
Rouzaofun 0.0266 496 313 646 432
Rouzaofun 0.0262 506 86 691 281
Rouzaofun 0.0122 426 298 717 445
Rouzaofun 0.0117 151 278 480 412
Rouzaofun 0.0102 269 301 417 417
Rouzaofun 0.0078 39 233 242 458
Rouzaofun 0.0062 530 122 667 247
Rouzaofun 0.0052 61 379 194 447
Rouzaofun 0.0049 341 143 478 252
Rouzaofun 0.0033 508 350 635 476
Rouzaofun 0.0030 265 153 582 295
Rouzaofun 0.0028 310 18 482 107
Rouzaofun 0.0027 158 -295 647 135
Rouzaofun 0.0024 38 297 164 395
Rouzaofun 0.0019 31 322 197 504
Rouzaofun 0.0019 -32 282 288 436
Rouzaofun 0.0013 11 52 692 431
Rouzaofun 0.0013 227 285 404 379
Rouzaofun 0.0011 260 360 371 438
Rouzaofun 0.0011 256 11 591 140
Rouzaofun 0.0011 70 227 734 587
Rouzaofun 0.0010 6 249 168 442
Rice_with_Shredded_Chicken 0.0830 472 283 644 488
Rice_with_Shredded_Chicken 0.0597 325 135 495 313
Rice_with_Shredded_Chicken 0.0482 121 77 296 263
Rice_with_Shredded_Chicken 0.0409 227 260 432 456
Rice_with_Shredded_Chicken 0.0327 325 -3 496 156
Rice_with_Shredded_Chicken 0.0308 137 119 280 222
Rice_with_Shredded_Chicken 0.0233 506 86 691 281
Rice_with_Shredded_Chicken 0.0155 496 313 646 432
Rice_with_Shredded_Chicken 0.0102 426 298 717 445
Rice_with_Shredded_Chicken 0.0076 151 278 480 412
Rice_with_Shredded_Chicken 0.0052 247 286 410 405
Rice_with_Shredded_Chicken 0.0041 530 122 667 247
Rice_with_Shredded_Chicken 0.0041 39 233 242 458
Rice_with_Shredded_Chicken 0.0033 61 379 194 447
Rice_with_Shredded_Chicken 0.0030 341 143 478 252
Rice_with_Shredded_Chicken 0.0029 119 -363 694 192
Rice_with_Shredded_Chicken 0.0020 310 18 482 107
Rice_with_Shredded_Chicken 0.0019 265 153 582 295
Rice_with_Shredded_Chicken 0.0017 508 350 635 476
Rice_with_Shredded_Chicken 0.0017 -85 161 343 545
Rice_with_Shredded_Chicken 0.0014 31 322 197 504
Rice_with_Shredded_Chicken 0.0013 -32 282 288 436
Rice_with_Shredded_Chicken 0.0013 287 316 425 428
Rice_with_Shredded_Chicken 0.0011 38 297 164 395
Rice_with_Shredded_Chicken 0.0010 -88 -116 781 606
Rice_with_Shredded_Chicken 0.0010 11 52 692 431
Rice_with_Shredded_Chicken 0.0010 281 -128 484 7
migao 0.1346 472 283 644 488
migao 0.1222 325 135 495 313
migao 0.0856 121 77 296 263
migao 0.0678 137 119 280 222
migao 0.0428 227 260 432 456
migao 0.0394 325 -3 496 156
migao 0.0314 506 86 691 281
migao 0.0226 496 313 646 432
migao 0.0134 426 298 717 445
migao 0.0078 151 278 480 412
migao 0.0075 269 301 417 417
migao 0.0064 39 233 242 458
migao 0.0054 61 379 194 447
migao 0.0048 530 122 667 247
migao 0.0045 341 143 478 252
migao 0.0032 152 -270 654 109
migao 0.0026 508 350 635 476
migao 0.0024 310 18 482 107
migao 0.0023 38 297 164 395
migao 0.0022 265 153 582 295
migao 0.0019 -32 282 288 436
migao 0.0019 -85 161 343 545
migao 0.0018 31 322 197 504
migao 0.0012 281 -128 484 7
migao 0.0011 249 285 382 352
migao 0.0010 260 360 371 438
migao 0.0010 279 -231 504 101
wagui 0.1177 472 283 644 488
wagui 0.0907 325 135 495 313
wagui 0.0697 121 77 296 263
wagui 0.0682 137 119 280 222
wagui 0.0434 506 86 691 281
wagui 0.0430 325 -3 496 156
wagui 0.0264 496 313 646 432
wagui 0.0233 227 260 432 456
wagui 0.0103 426 298 717 445
wagui 0.0082 61 379 194 447
wagui 0.0070 530 122 667 247
wagui 0.0060 341 143 478 252
wagui 0.0048 151 278 480 412
wagui 0.0047 310 18 482 107
wagui 0.0036 39 233 242 458
wagui 0.0034 508 350 635 476
wagui 0.0029 247 286 410 405
wagui 0.0028 119 -363 694 192
wagui 0.0020 31 322 197 504
wagui 0.0020 38 297 164 395
wagui 0.0018 265 153 582 295
wagui 0.0011 -32 282 288 436
wagui 0.0010 287 316 425 428
wagui 0.0010 357 531 463 617
wagui 0.0010 318 170 448 278
wagui 0.0010 154 -157 409 -16
