Kongrou 0.0547 36 52 220 186
Kongrou 0.0090 31 -14 138 60
Kongrou 0.0046 56 42 173 162
Kongrou 0.0013 -14 -26 184 72
Kongrou 0.0011 4 181 124 241
Rouzaofun 0.1704 36 52 220 186
Rouzaofun 0.0067 38 -13 150 58
Rouzaofun 0.0033 60 82 187 200
Rouzaofun 0.0017 -14 -26 184 72
Rouzaofun 0.0015 56 42 173 162
Rouzaofun 0.0011 173 50 279 128
Rouzaofun 0.0011 3 -15 258 170
Rouzaofun 0.0010 40 5 148 97
Rice_with_Shredded_Chicken 0.0167 36 52 220 186
Rice_with_Shredded_Chicken 0.0083 37 -16 151 99
Rice_with_Shredded_Chicken 0.0012 -14 -26 184 72
Rice_with_Shredded_Chicken 0.0011 4 181 124 241
migao 0.2818 36 52 220 186
migao 0.0140 31 -14 138 60
migao 0.0027 -14 -26 184 72
migao 0.0011 56 42 173 162
migao 0.0011 60 82 187 200
wagui 0.1340 31 -14 138 60
wagui 0.0329 36 52 220 186
wagui 0.0082 -14 -26 184 72
wagui 0.0021 29 5 141 97
wagui 0.0016 236 139 256 188
wagui 0.0011 4 181 124 241
wagui 0.0010 166 51 276 127
