Kongrou 0.0173 85 6 207 155
Kongrou 0.0073 245 148 265 190
Kongrou 0.0067 26 13 238 175
Kongrou 0.0021 74 -114 269 62
Rouzaofun 0.0446 48 15 218 171
Rouzaofun 0.0227 245 148 265 190
Rouzaofun 0.0023 229 129 281 208
Rouzaofun 0.0017 74 -114 269 62
Rouzaofun 0.0013 -4 -9 29 105
Rouzaofun 0.0011 -72 -39 91 151
Rouzaofun 0.0010 81 119 263 269
Rouzaofun 0.0010 119 -46 209 8
Rice_with_Shredded_Chicken 0.0421 48 -5 218 162
Rice_with_Shredded_Chicken 0.0367 245 148 265 190
Rice_with_Shredded_Chicken 0.0021 72 -129 272 75
Rice_with_Shredded_Chicken 0.0020 229 129 281 208
Rice_with_Shredded_Chicken 0.0016 -72 -39 91 151
Rice_with_Shredded_Chicken 0.0011 -4 -9 29 105
Rice_with_Shredded_Chicken 0.0010 250 142 270 186
Rice_with_Shredded_Chicken 0.0010 238 136 261 181
migao 0.0470 245 148 265 190
migao 0.0449 48 15 218 171
migao 0.0017 79 -99 264 47
migao 0.0015 229 129 281 208
migao 0.0012 -4 -9 29 105
migao 0.0011 119 -46 209 8
migao 0.0011 238 136 261 181
migao 0.0010 250 142 270 186
wagui 0.2028 48 -5 218 162
wagui 0.1070 245 148 265 190
wagui 0.0042 -72 -39 91 151
wagui 0.0032 229 129 281 208
wagui 0.0030 238 136 261 181
wagui 0.0026 250 142 270 186
wagui 0.0019 74 -114 269 62
wagui 0.0017 -4 -9 29 105
wagui 0.0016 8 -151 298 95
wagui 0.0015 -2 5 17 40
wagui 0.0014 16 -50 154 9
wagui 0.0014 1 13 24 81
wagui 0.0013 118 -7 150 13
wagui 0.0010 -24 11 49 95
