Kongrou 0.0257 253 251 1424 1015
Kongrou 0.0052 571 114 1238 912
Kongrou 0.0024 709 -291 1186 -38
Kongrou 0.0020 719 -559 1219 202
Kongrou 0.0017 380 -742 1467 304
Kongrou 0.0013 56 -953 1840 501
Kongrou 0.0013 1074 -88 1602 367
Rouzaofun 0.0047 253 251 1424 1015
Rouzaofun 0.0025 709 -291 1186 -38
Rouzaofun 0.0016 719 -559 1219 202
Rouzaofun 0.0015 380 -742 1467 304
Rouzaofun 0.0014 1074 -88 1602 367
Rouzaofun 0.0013 56 -953 1840 501
Rouzaofun 0.0010 -36 808 587 1333
Rouzaofun 0.0010 829 1199 1006 1410
Rice_with_Shredded_Chicken 0.0237 376 233 1479 1062
Rice_with_Shredded_Chicken 0.0066 1000 -98 1558 377
Rice_with_Shredded_Chicken 0.0025 709 -291 1186 -38
Rice_with_Shredded_Chicken 0.0024 305 -649 1567 214
Rice_with_Shredded_Chicken 0.0020 56 -953 1840 501
Rice_with_Shredded_Chicken 0.0016 719 -559 1219 202
Rice_with_Shredded_Chicken 0.0012 -36 808 587 1333
Rice_with_Shredded_Chicken 0.0011 829 1199 1006 1410
migao 0.0171 253 251 1424 1015
migao 0.0030 709 -291 1186 -38
migao 0.0025 305 -649 1567 214
migao 0.0019 1074 -88 1602 367
migao 0.0019 719 -559 1219 202
migao 0.0015 56 -953 1840 501
migao 0.0011 703 1084 1067 1333
migao 0.0010 829 1199 1006 1410
wagui 0.0147 1074 -88 1602 367
wagui 0.0025 253 251 1424 1015
wagui 0.0022 56 -953 1840 501
wagui 0.0019 709 -291 1186 -38
wagui 0.0017 305 -649 1567 214
wagui 0.0015 719 -559 1219 202
wagui 0.0012 762 -205 1787 479
wagui 0.0011 829 1199 1006 1410
