Kongrou 0.0566 25 16 579 435
Kongrou 0.0148 322 454 450 537
Kongrou 0.0087 297 411 474 581
Kongrou 0.0043 133 40 396 384
Kongrou 0.0041 282 334 435 647
Kongrou 0.0035 309 471 394 543
Kongrou 0.0030 190 380 525 600
Kongrou 0.0013 243 376 468 515
Kongrou 0.0011 353 438 488 531
Rouzaofun 0.4153 90 19 603 433
Rouzaofun 0.0181 322 454 450 537
Rouzaofun 0.0119 297 411 474 581
Rouzaofun 0.0078 61 73 466 352
Rouzaofun 0.0050 309 471 394 543
Rouzaofun 0.0034 282 334 435 647
Rouzaofun 0.0030 252 109 649 406
Rouzaofun 0.0030 190 380 525 600
Rouzaofun 0.0022 288 199 520 460
Rouzaofun 0.0013 353 438 488 531
Rouzaofun 0.0012 140 3 389 332
Rouzaofun 0.0010 169 397 362 500
Rouzaofun 0.0010 112 131 485 499
Rouzaofun 0.0010 275 416 428 460
Rice_with_Shredded_Chicken 0.0178 322 454 450 537
Rice_with_Shredded_Chicken 0.0171 25 16 579 435
Rice_with_Shredded_Chicken 0.0110 297 411 474 581
Rice_with_Shredded_Chicken 0.0058 309 471 394 543
Rice_with_Shredded_Chicken 0.0056 61 73 466 352
Rice_with_Shredded_Chicken 0.0035 282 334 435 647
Rice_with_Shredded_Chicken 0.0035 190 380 525 600
Rice_with_Shredded_Chicken 0.0012 353 438 488 531
Rice_with_Shredded_Chicken 0.0010 252 109 649 406
migao 0.1695 90 19 603 433
migao 0.0172 322 454 450 537
migao 0.0088 297 411 474 581
migao 0.0062 61 73 466 352
migao 0.0051 309 471 394 543
migao 0.0042 282 334 435 647
migao 0.0030 190 380 525 600
migao 0.0015 252 109 649 406
migao 0.0012 353 438 488 531
migao 0.0011 243 376 468 515
wagui 0.0187 90 19 603 433
wagui 0.0168 322 454 450 537
wagui 0.0098 297 411 474 581
wagui 0.0053 309 471 394 543
wagui 0.0033 282 334 435 647
wagui 0.0025 61 73 466 352
wagui 0.0021 190 380 525 600
wagui 0.0014 353 438 488 531
wagui 0.0012 275 416 428 460
wagui 0.0011 169 397 362 500
