Kongrou 0.0060 323 229 734 539
Kongrou 0.0033 535 -280 925 -38
Kongrou 0.0028 -23 148 270 531
Kongrou 0.0025 557 -12 1278 664
Kongrou 0.0021 1067 212 1204 422
Kongrou 0.0021 333 -303 701 -103
Kongrou 0.0018 284 376 1059 1204
Kongrou 0.0017 -75 -641 874 252
Kongrou 0.0016 369 -381 1115 42
Kongrou 0.0015 537 -452 954 119
Kongrou 0.0013 514 726 856 936
Kongrou 0.0012 155 167 875 580
Kongrou 0.0012 335 313 632 455
Rouzaofun 0.0274 314 143 719 605
Rouzaofun 0.0139 74 432 600 762
Rouzaofun 0.0044 217 266 796 501
Rouzaofun 0.0036 1067 212 1204 422
Rouzaofun 0.0034 135 202 896 632
Rouzaofun 0.0032 535 -280 925 -38
Rouzaofun 0.0031 -23 148 270 531
Rouzaofun 0.0028 -100 370 771 824
Rouzaofun 0.0019 557 -12 1278 664
Rouzaofun 0.0019 437 -300 571 67
Rouzaofun 0.0017 1007 117 1266 513
Rouzaofun 0.0017 335 313 632 455
Rouzaofun 0.0017 909 177 1363 454
Rouzaofun 0.0016 369 -381 1115 42
Rouzaofun 0.0013 -37 448 438 930
Rouzaofun 0.0013 537 -452 954 119
Rouzaofun 0.0012 -109 204 356 473
Rouzaofun 0.0012 284 376 1059 1204
Rouzaofun 0.0012 514 726 856 936
Rouzaofun 0.0011 1072 295 1200 473
Rice_with_Shredded_Chicken 0.1132 313 152 721 676
Rice_with_Shredded_Chicken 0.0116 74 432 600 762
Rice_with_Shredded_Chicken 0.0087 155 167 875 580
Rice_with_Shredded_Chicken 0.0036 1067 212 1204 422
Rice_with_Shredded_Chicken 0.0032 217 266 796 501
Rice_with_Shredded_Chicken 0.0032 535 -280 925 -38
Rice_with_Shredded_Chicken 0.0029 -100 370 771 824
Rice_with_Shredded_Chicken 0.0027 -75 -641 874 252
Rice_with_Shredded_Chicken 0.0023 557 -12 1278 664
Rice_with_Shredded_Chicken 0.0020 -23 148 270 531
Rice_with_Shredded_Chicken 0.0016 284 376 1059 1204
Rice_with_Shredded_Chicken 0.0015 514 726 856 936
Rice_with_Shredded_Chicken 0.0014 369 -381 1115 42
Rice_with_Shredded_Chicken 0.0013 1007 117 1266 513
Rice_with_Shredded_Chicken 0.0012 1072 295 1200 473
Rice_with_Shredded_Chicken 0.0011 537 -452 954 119
Rice_with_Shredded_Chicken 0.0011 909 177 1363 454
Rice_with_Shredded_Chicken 0.0011 35 686 635 1045
Rice_with_Shredded_Chicken 0.0010 437 -300 571 67
Rice_with_Shredded_Chicken 0.0010 -194 -576 478 196
migao 0.0165 314 143 719 605
migao 0.0039 1067 212 1204 422
migao 0.0038 217 266 796 501
migao 0.0035 535 -280 925 -38
migao 0.0032 74 432 600 762
migao 0.0028 -23 148 270 531
migao 0.0027 557 -12 1278 664
migao 0.0023 437 -300 571 67
migao 0.0019 135 202 896 632
migao 0.0018 -75 -641 874 252
migao 0.0018 284 376 1059 1204
migao 0.0017 514 726 856 936
migao 0.0017 369 -381 1115 42
migao 0.0014 335 313 632 455
migao 0.0014 537 -452 954 119
migao 0.0013 -109 204 356 473
migao 0.0013 1072 295 1200 473
migao 0.0012 909 177 1363 454
migao 0.0011 492 -314 605 80
migao 0.0011 -100 370 771 824
migao 0.0010 1007 117 1266 513
wagui 0.0792 314 143 719 605
wagui 0.0147 74 432 600 762
wagui 0.0065 135 202 896 632
wagui 0.0060 1067 212 1204 422
wagui 0.0039 557 -12 1278 664
wagui 0.0032 -23 148 270 531
wagui 0.0031 -75 -641 874 252
wagui 0.0029 333 -303 701 -103
wagui 0.0025 -100 370 771 824
wagui 0.0024 1072 295 1200 473
wagui 0.0023 217 266 796 501
wagui 0.0015 284 376 1059 1204
wagui 0.0014 1007 117 1266 513
wagui 0.0013 1008 229 1173 404
wagui 0.0012 537 -452 954 119
wagui 0.0012 -109 204 356 473
wagui 0.0012 437 -300 571 67
wagui 0.0012 535 -280 925 -38
wagui 0.0012 909 177 1363 454
wagui 0.0011 369 -381 1115 42
wagui 0.0010 18 255 478 762
wagui 0.0010 335 313 632 455
wagui 0.0010 31 49 377 521
