Kongrou 0.0244 4 15 251 179
Kongrou 0.0015 22 -61 146 8
Kongrou 0.0015 111 146 178 276
Kongrou 0.0012 87 172 161 215
Kongrou 0.0010 -24 -82 192 25
Kongrou 0.0010 75 162 214 258
Rouzaofun 0.5699 4 15 251 179
Rouzaofun 0.0067 9 75 211 194
Rouzaofun 0.0042 50 -9 178 114
Rouzaofun 0.0029 16 3 132 119
Rouzaofun 0.0025 43 61 166 163
Rouzaofun 0.0023 74 40 214 162
Rouzaofun 0.0017 27 -52 140 18
Rouzaofun 0.0015 112 170 171 254
Rouzaofun 0.0014 13 71 117 172
Rouzaofun 0.0014 77 13 251 130
Rouzaofun 0.0013 -18 37 148 166
Rouzaofun 0.0012 87 172 161 215
Rouzaofun 0.0011 129 203 164 234
Rouzaofun 0.0011 79 87 189 195
Rouzaofun 0.0011 75 162 214 258
Rouzaofun 0.0010 3 -14 256 89
Rice_with_Shredded_Chicken 0.0462 43 14 214 177
Rice_with_Shredded_Chicken 0.0019 27 -52 140 18
Rice_with_Shredded_Chicken 0.0016 112 170 171 254
Rice_with_Shredded_Chicken 0.0012 129 203 164 234
Rice_with_Shredded_Chicken 0.0011 18 1 210 102
Rice_with_Shredded_Chicken 0.0011 16 -181 152 126
Rice_with_Shredded_Chicken 0.0011 75 162 214 258
migao 0.2556 4 15 251 179
migao 0.0021 112 170 171 254
migao 0.0012 8 0 200 103
migao 0.0011 9 75 211 194
migao 0.0011 129 203 164 234
migao 0.0010 75 162 214 258
wagui 0.0175 4 15 251 179
wagui 0.0020 87 172 161 215
wagui 0.0014 22 -61 146 8
wagui 0.0014 243 104 259 163
wagui 0.0012 111 146 178 276
wagui 0.0011 16 -181 152 126
wagui 0.0011 129 203 164 234
wagui 0.0010 214 93 289 175
