Kongrou 0.0754 102 36 1394 1078
Kongrou 0.0199 110 104 636 970
Kongrou 0.0150 506 82 1284 879
Kongrou 0.0137 152 740 713 1257
Kongrou 0.0073 647 317 1368 1103
Kongrou 0.0059 823 1136 1166 1343
Kongrou 0.0046 583 -63 1095 554
Kongrou 0.0040 710 980 1178 1479
Kongrou 0.0028 447 893 1449 1554
Kongrou 0.0022 -20 618 761 1380
Kongrou 0.0017 792 1176 1024 1360
Kongrou 0.0012 559 117 1608 1229
Kongrou 0.0012 721 751 1295 1702
Kongrou 0.0012 429 53 1269 348
Kongrou 0.0011 31 332 745 764
Kongrou 0.0011 279 274 1224 1315
Rouzaofun 0.0096 102 36 1394 1078
Rouzaofun 0.0074 823 1136 1166 1343
Rouzaofun 0.0047 764 1035 1222 1445
Rouzaofun 0.0039 587 9 1112 393
Rouzaofun 0.0035 152 740 713 1257
Rouzaofun 0.0032 22 222 719 849
Rouzaofun 0.0031 447 893 1449 1554
Rouzaofun 0.0029 676 815 1227 1637
Rouzaofun 0.0025 792 1176 1024 1360
Rouzaofun 0.0017 469 407 1540 1121
Rouzaofun 0.0016 -20 618 761 1380
Rouzaofun 0.0014 312 168 1463 787
Rouzaofun 0.0013 1031 646 1562 1233
Rouzaofun 0.0011 861 1207 1125 1387
Rouzaofun 0.0010 960 584 1857 1288
Rice_with_Shredded_Chicken 0.0213 102 36 1394 1078
Rice_with_Shredded_Chicken 0.0070 823 1136 1166 1343
Rice_with_Shredded_Chicken 0.0043 764 1035 1222 1445
Rice_with_Shredded_Chicken 0.0033 152 740 713 1257
Rice_with_Shredded_Chicken 0.0031 447 893 1449 1554
Rice_with_Shredded_Chicken 0.0030 676 815 1227 1637
Rice_with_Shredded_Chicken 0.0028 792 1176 1024 1360
Rice_with_Shredded_Chicken 0.0026 22 222 719 849
Rice_with_Shredded_Chicken 0.0026 312 168 1463 787
Rice_with_Shredded_Chicken 0.0025 469 407 1540 1121
Rice_with_Shredded_Chicken 0.0024 587 9 1112 393
Rice_with_Shredded_Chicken 0.0014 -20 618 761 1380
Rice_with_Shredded_Chicken 0.0011 838 1206 1090 1388
migao 0.0369 102 36 1394 1078
migao 0.0093 22 222 719 849
migao 0.0069 823 1136 1166 1343
migao 0.0056 152 740 713 1257
migao 0.0049 312 168 1463 787
migao 0.0043 710 980 1178 1479
migao 0.0039 630 9 1127 393
migao 0.0035 474 321 1535 1091
migao 0.0029 447 893 1449 1554
migao 0.0025 792 1176 1024 1360
migao 0.0017 -20 618 761 1380
migao 0.0013 721 751 1295 1702
migao 0.0011 861 1207 1125 1387
wagui 0.0105 110 104 636 970
wagui 0.0072 823 1136 1166 1343
wagui 0.0065 102 36 1394 1078
wagui 0.0040 764 1035 1222 1445
wagui 0.0033 630 9 1127 393
wagui 0.0030 676 815 1227 1637
wagui 0.0028 792 1176 1024 1360
wagui 0.0023 447 893 1449 1554
wagui 0.0017 152 740 713 1257
wagui 0.0013 31 332 745 764
wagui 0.0013 312 168 1463 787
wagui 0.0012 861 1207 1125 1387
wagui 0.0010 -20 618 761 1380
