Kongrou 0.0053 504 782 810 1188
Kongrou 0.0046 262 190 1126 892
Kongrou 0.0043 343 22 901 377
Kongrou 0.0032 352 742 992 1212
Kongrou 0.0031 469 642 872 1321
Kongrou 0.0026 580 308 1125 822
Kongrou 0.0017 591 947 770 1086
Kongrou 0.0015 113 29 1038 453
Rouzaofun 0.1803 343 22 901 377
Rouzaofun 0.0378 169 198 1215 877
Rouzaofun 0.0372 113 29 1038 453
Rouzaofun 0.0064 504 782 810 1188
Rouzaofun 0.0054 503 287 1111 841
Rouzaofun 0.0037 352 742 992 1212
Rouzaofun 0.0025 469 642 872 1321
Rouzaofun 0.0020 591 947 770 1086
Rouzaofun 0.0014 249 -2 726 481
Rouzaofun 0.0013 343 267 905 773
Rouzaofun 0.0011 48 815 639 1149
Rouzaofun 0.0010 370 814 675 1152
Rice_with_Shredded_Chicken 0.4311 169 198 1215 877
Rice_with_Shredded_Chicken 0.0366 334 26 914 452
Rice_with_Shredded_Chicken 0.0111 503 287 1111 841
Rice_with_Shredded_Chicken 0.0053 504 782 810 1188
Rice_with_Shredded_Chicken 0.0032 352 742 992 1212
Rice_with_Shredded_Chicken 0.0025 469 642 872 1321
Rice_with_Shredded_Chicken 0.0023 377 198 962 749
Rice_with_Shredded_Chicken 0.0020 591 947 770 1086
migao 0.0367 334 26 914 452
migao 0.0367 169 198 1215 877
migao 0.0083 504 782 810 1188
migao 0.0036 469 642 872 1321
migao 0.0034 352 742 992 1212
migao 0.0020 591 947 770 1086
migao 0.0019 503 287 1111 841
migao 0.0010 525 599 1239 1422
wagui 0.0150 169 198 1215 877
wagui 0.0038 504 782 810 1188
wagui 0.0030 334 26 914 452
wagui 0.0028 469 642 872 1321
wagui 0.0022 352 742 992 1212
wagui 0.0018 591 947 770 1086
wagui 0.0014 503 287 1111 841
wagui 0.0010 370 814 675 1152
