Kongrou 0.0462 243 276 432 485
Kongrou 0.0254 207 120 371 296
Kongrou 0.0179 415 275 581 461
Kongrou 0.0176 365 122 533 318
Kongrou 0.0150 289 50 410 146
Kongrou 0.0101 93 240 263 423
Kongrou 0.0098 201 315 474 446
Kongrou 0.0057 473 85 621 234
Kongrou 0.0038 26 77 207 266
Kongrou 0.0038 263 315 412 423
Kongrou 0.0029 491 100 603 194
Kongrou 0.0027 382 156 515 262
Kongrou 0.0020 312 145 560 272
Kongrou 0.0019 286 31 438 189
Kongrou 0.0014 440 306 580 407
Kongrou 0.0013 -120 359 372 707
Kongrou 0.0012 374 288 647 424
Kongrou 0.0012 -168 -23 223 499
Kongrou 0.0011 -44 -80 678 561
Kongrou 0.0011 -5 78 643 402
Kongrou 0.0010 218 165 335 277
Rouzaofun 0.1194 243 276 432 485
Rouzaofun 0.0919 207 120 371 296
Rouzaofun 0.0459 415 275 581 461
Rouzaofun 0.0410 365 122 533 318
Rouzaofun 0.0373 289 50 410 146
Rouzaofun 0.0272 93 240 263 423
Rouzaofun 0.0258 201 315 474 446
Rouzaofun 0.0130 473 85 621 234
Rouzaofun 0.0100 26 77 207 266
Rouzaofun 0.0077 263 315 412 423
Rouzaofun 0.0076 491 100 603 194
Rouzaofun 0.0057 382 160 515 282
Rouzaofun 0.0051 312 145 560 272
Rouzaofun 0.0049 286 31 438 189
Rouzaofun 0.0035 374 288 647 424
Rouzaofun 0.0032 218 165 335 277
Rouzaofun 0.0030 432 325 564 437
Rouzaofun 0.0020 240 143 362 250
Rouzaofun 0.0015 49 117 184 227
Rouzaofun 0.0015 124 274 256 391
Rouzaofun 0.0015 419 297 576 392
Rouzaofun 0.0014 -120 359 372 707
Rouzaofun 0.0014 -5 78 643 402
Rouzaofun 0.0012 -163 -43 212 525
Rouzaofun 0.0011 -44 -80 678 561
Rouzaofun 0.0010 267 355 409 457
Rice_with_Shredded_Chicken 0.0660 207 120 371 296
Rice_with_Shredded_Chicken 0.0651 243 276 432 485
Rice_with_Shredded_Chicken 0.0330 289 50 410 146
Rice_with_Shredded_Chicken 0.0321 415 275 581 461
Rice_with_Shredded_Chicken 0.0293 365 122 533 318
Rice_with_Shredded_Chicken 0.0180 201 315 474 446
Rice_with_Shredded_Chicken 0.0150 93 240 263 423
Rice_with_Shredded_Chicken 0.0103 473 85 621 234
Rice_with_Shredded_Chicken 0.0057 26 77 207 266
Rice_with_Shredded_Chicken 0.0045 491 100 603 194
Rice_with_Shredded_Chicken 0.0035 312 145 560 272
Rice_with_Shredded_Chicken 0.0034 382 156 515 262
Rice_with_Shredded_Chicken 0.0034 263 315 412 423
Rice_with_Shredded_Chicken 0.0029 286 31 438 189
Rice_with_Shredded_Chicken 0.0026 374 288 647 424
Rice_with_Shredded_Chicken 0.0023 -44 -80 678 561
Rice_with_Shredded_Chicken 0.0020 -5 78 643 402
Rice_with_Shredded_Chicken 0.0015 218 165 335 277
Rice_with_Shredded_Chicken 0.0014 432 325 564 437
Rice_with_Shredded_Chicken 0.0012 -168 -23 223 499
Rice_with_Shredded_Chicken 0.0010 -120 359 372 707
Rice_with_Shredded_Chicken 0.0010 225 136 352 233
migao 0.1083 243 276 432 485
migao 0.0757 207 120 371 296
migao 0.0508 289 50 410 146
migao 0.0357 415 275 581 461
migao 0.0344 365 122 533 318
migao 0.0270 201 315 474 446
migao 0.0201 93 240 263 423
migao 0.0120 489 109 605 211
migao 0.0060 26 77 207 266
migao 0.0050 263 315 412 423
migao 0.0047 312 145 560 272
migao 0.0038 382 160 515 282
migao 0.0032 286 31 438 189
migao 0.0026 374 288 647 424
migao 0.0024 218 165 335 277
migao 0.0022 432 325 564 437
migao 0.0017 476 86 642 233
migao 0.0013 225 136 352 233
migao 0.0012 -120 359 372 707
migao 0.0012 -168 -23 223 499
migao 0.0011 419 297 576 392
migao 0.0010 49 117 184 227
wagui 0.0707 289 50 410 146
wagui 0.0459 207 120 371 296
wagui 0.0438 243 276 432 485
wagui 0.0398 365 122 533 318
wagui 0.0178 415 275 581 461
wagui 0.0136 201 315 474 446
wagui 0.0116 93 240 263 423
wagui 0.0073 473 85 621 234
wagui 0.0062 491 100 603 194
wagui 0.0047 382 156 515 262
wagui 0.0046 26 77 207 266
wagui 0.0040 312 145 560 272
wagui 0.0038 286 31 438 189
wagui 0.0020 263 315 412 423
wagui 0.0015 374 288 647 424
wagui 0.0012 218 165 335 277
wagui 0.0011 -120 359 372 707
wagui 0.0010 -149 -68 220 278
