Kongrou 0.0274 410 187 582 341
Kongrou 0.0253 130 114 283 257
Kongrou 0.0239 -10 166 155 318
Kongrou 0.0219 92 238 276 380
Kongrou 0.0202 3 55 164 183
Kongrou 0.0167 107 -7 261 113
Kongrou 0.0160 234 48 379 168
Kongrou 0.0147 256 253 447 387
Kongrou 0.0139 400 80 548 202
Kongrou 0.0130 338 -7 476 113
Kongrou 0.0126 281 143 444 273
Kongrou 0.0052 147 264 264 356
Kongrou 0.0050 225 -3 364 42
Kongrou 0.0037 439 207 573 300
Kongrou 0.0036 19 184 146 279
Kongrou 0.0034 266 266 412 352
Kongrou 0.0019 397 52 739 402
Kongrou 0.0015 363 197 650 310
Kongrou 0.0015 478 71 656 384
Kongrou 0.0013 321 430 403 500
Kongrou 0.0010 2 193 96 291
Rouzaofun 0.0885 -10 166 155 318
Rouzaofun 0.0869 130 114 283 257
Rouzaofun 0.0858 410 187 582 341
Rouzaofun 0.0781 3 55 164 183
Rouzaofun 0.0753 102 238 288 379
Rouzaofun 0.0645 106 5 260 99
Rouzaofun 0.0598 235 57 376 160
Rouzaofun 0.0575 338 5 474 100
Rouzaofun 0.0571 400 80 548 202
Rouzaofun 0.0547 281 143 444 273
Rouzaofun 0.0474 256 253 447 387
Rouzaofun 0.0216 225 -3 364 42
Rouzaofun 0.0175 147 264 264 356
Rouzaofun 0.0088 19 184 146 279
Rouzaofun 0.0085 436 221 555 330
Rouzaofun 0.0071 266 266 412 352
Rouzaofun 0.0040 363 197 650 310
Rouzaofun 0.0029 310 273 435 368
Rouzaofun 0.0027 422 197 569 287
Rouzaofun 0.0027 2 193 96 291
Rouzaofun 0.0026 92 136 342 236
Rouzaofun 0.0024 397 52 739 402
Rouzaofun 0.0020 217 -33 374 72
Rouzaofun 0.0018 478 71 656 384
Rouzaofun 0.0017 321 430 403 500
Rouzaofun 0.0013 105 276 217 364
Rouzaofun 0.0012 69 204 142 281
Rouzaofun 0.0011 -10 285 21 354
Rouzaofun 0.0011 539 125 587 202
Rouzaofun 0.0011 275 161 380 256
Rouzaofun 0.0011 11 216 133 312
Rice_with_Shredded_Chicken 0.0725 130 114 283 257
Rice_with_Shredded_Chicken 0.0714 3 55 164 183
Rice_with_Shredded_Chicken 0.0638 410 187 582 341
Rice_with_Shredded_Chicken 0.0630 -10 166 155 318
Rice_with_Shredded_Chicken 0.0579 107 -7 261 113
Rice_with_Shredded_Chicken 0.0562 338 -7 476 113
Rice_with_Shredded_Chicken 0.0545 400 80 548 202
Rice_with_Shredded_Chicken 0.0517 92 238 276 380
Rice_with_Shredded_Chicken 0.0476 234 48 379 168
Rice_with_Shredded_Chicken 0.0439 269 144 434 273
Rice_with_Shredded_Chicken 0.0374 256 253 447 387
Rice_with_Shredded_Chicken 0.0286 225 -3 364 42
Rice_with_Shredded_Chicken 0.0083 147 264 264 356
Rice_with_Shredded_Chicken 0.0052 19 184 146 279
Rice_with_Shredded_Chicken 0.0050 266 266 412 352
Rice_with_Shredded_Chicken 0.0047 436 221 555 330
Rice_with_Shredded_Chicken 0.0030 363 197 650 310
Rice_with_Shredded_Chicken 0.0019 397 52 739 402
Rice_with_Shredded_Chicken 0.0019 321 430 403 500
Rice_with_Shredded_Chicken 0.0019 422 197 569 287
Rice_with_Shredded_Chicken 0.0017 92 136 342 236
Rice_with_Shredded_Chicken 0.0017 -10 285 21 354
Rice_with_Shredded_Chicken 0.0017 2 193 96 291
Rice_with_Shredded_Chicken 0.0017 217 -33 374 72
Rice_with_Shredded_Chicken 0.0015 539 125 587 202
Rice_with_Shredded_Chicken 0.0012 478 71 656 384
Rice_with_Shredded_Chicken 0.0012 310 273 435 368
migao 0.1015 130 114 283 257
migao 0.0926 410 187 582 341
migao 0.0839 3 55 164 183
migao 0.0834 -10 166 155 318
migao 0.0777 106 5 260 99
migao 0.0677 234 48 379 168
migao 0.0676 338 5 474 100
migao 0.0676 102 238 288 379
migao 0.0571 400 80 548 202
migao 0.0533 281 143 444 273
migao 0.0442 256 253 447 387
migao 0.0326 225 -3 364 42
migao 0.0117 147 264 264 356
migao 0.0070 436 221 555 330
migao 0.0069 266 266 412 352
migao 0.0067 19 184 146 279
migao 0.0038 363 197 650 310
migao 0.0026 2 193 96 291
migao 0.0024 422 197 569 287
migao 0.0023 397 52 739 402
migao 0.0022 92 136 342 236
migao 0.0021 478 71 656 384
migao 0.0020 539 125 587 202
migao 0.0018 -10 285 21 354
migao 0.0017 310 273 435 368
migao 0.0017 321 430 403 500
migao 0.0011 105 276 217 364
migao 0.0010 69 204 142 281
migao 0.0010 275 161 380 256
wagui 0.1339 3 55 164 183
wagui 0.1135 130 114 283 257
wagui 0.1132 106 5 260 99
wagui 0.1117 338 5 474 100
wagui 0.1005 234 48 379 168
wagui 0.1000 410 187 582 341
wagui 0.0984 102 238 288 379
wagui 0.0980 -10 166 155 318
wagui 0.0863 400 80 548 202
wagui 0.0849 225 -3 364 42
wagui 0.0802 256 253 447 387
wagui 0.0771 269 144 434 273
wagui 0.0212 147 264 264 356
wagui 0.0145 266 266 412 352
wagui 0.0106 19 184 146 279
wagui 0.0091 436 221 555 330
wagui 0.0049 2 193 96 291
wagui 0.0044 422 197 569 287
wagui 0.0042 539 125 587 202
wagui 0.0039 -10 285 21 354
wagui 0.0033 363 197 650 310
wagui 0.0033 397 52 739 402
wagui 0.0032 310 273 435 368
wagui 0.0026 478 71 656 384
wagui 0.0022 321 430 403 500
wagui 0.0021 217 -33 374 72
wagui 0.0020 92 136 342 236
wagui 0.0019 105 276 217 364
wagui 0.0018 69 204 142 281
wagui 0.0017 275 161 380 256
wagui 0.0012 107 -4 237 65
wagui 0.0011 394 87 507 173
wagui 0.0011 282 64 375 153
wagui 0.0010 537 83 588 177
wagui 0.0010 11 216 133 312
