Kongrou 0.0324 71 93 166 158
Kongrou 0.0112 149 57 236 130
Kongrou 0.0069 157 -16 275 105
Kongrou 0.0064 158 76 227 111
Kongrou 0.0061 68 30 159 93
Kongrou 0.0053 79 44 147 79
Kongrou 0.0050 -5 73 84 135
Kongrou 0.0031 5 84 73 124
Kongrou 0.0019 103 -26 307 93
Kongrou 0.0014 83 114 153 158
Kongrou 0.0014 121 67 264 120
Kongrou 0.0013 66 -125 246 51
Kongrou 0.0012 -26 -22 138 121
Kongrou 0.0012 -105 -119 170 87
Kongrou 0.0012 131 -88 269 142
Kongrou 0.0011 18 -168 303 91
Kongrou 0.0010 -30 -96 139 65
Kongrou 0.0010 75 103 140 147
Rouzaofun 0.0817 71 98 166 164
Rouzaofun 0.0147 149 57 236 130
Rouzaofun 0.0146 79 44 147 79
Rouzaofun 0.0144 68 30 159 93
Rouzaofun 0.0110 -5 73 84 135
Rouzaofun 0.0080 158 76 227 111
Rouzaofun 0.0079 5 84 73 124
Rouzaofun 0.0047 157 -16 275 105
Rouzaofun 0.0032 83 114 153 158
Rouzaofun 0.0032 121 67 264 120
Rouzaofun 0.0024 7 45 267 179
Rouzaofun 0.0019 46 91 191 149
Rouzaofun 0.0019 75 103 140 147
Rouzaofun 0.0015 -26 -22 138 121
Rouzaofun 0.0014 139 203 172 238
Rouzaofun 0.0012 -105 -119 170 87
Rouzaofun 0.0012 66 -125 246 51
Rouzaofun 0.0012 18 -168 303 91
Rouzaofun 0.0011 103 -26 307 93
Rouzaofun 0.0011 118 -55 204 -1
Rice_with_Shredded_Chicken 0.0586 71 98 166 164
Rice_with_Shredded_Chicken 0.0128 68 30 159 93
Rice_with_Shredded_Chicken 0.0125 79 44 147 79
Rice_with_Shredded_Chicken 0.0113 149 57 236 130
Rice_with_Shredded_Chicken 0.0108 -5 73 84 135
Rice_with_Shredded_Chicken 0.0081 157 -16 275 105
Rice_with_Shredded_Chicken 0.0067 5 84 73 124
Rice_with_Shredded_Chicken 0.0052 158 76 227 111
Rice_with_Shredded_Chicken 0.0027 121 67 264 120
Rice_with_Shredded_Chicken 0.0021 103 -26 307 93
Rice_with_Shredded_Chicken 0.0020 -26 -22 138 121
Rice_with_Shredded_Chicken 0.0017 18 -168 303 91
Rice_with_Shredded_Chicken 0.0016 58 -109 258 36
Rice_with_Shredded_Chicken 0.0016 83 114 153 158
Rice_with_Shredded_Chicken 0.0016 139 203 172 238
Rice_with_Shredded_Chicken 0.0014 46 91 191 149
Rice_with_Shredded_Chicken 0.0012 -105 -119 170 87
Rice_with_Shredded_Chicken 0.0012 52 71 190 186
Rice_with_Shredded_Chicken 0.0011 75 103 140 147
Rice_with_Shredded_Chicken 0.0010 118 -55 204 -1
Rice_with_Shredded_Chicken 0.0010 -30 -96 139 65
Rice_with_Shredded_Chicken 0.0010 7 45 267 179
migao 0.0797 71 98 166 164
migao 0.0167 79 44 147 79
migao 0.0121 149 57 236 130
migao 0.0116 68 30 159 93
migao 0.0091 -5 73 84 135
migao 0.0079 5 84 73 124
migao 0.0074 158 76 227 111
migao 0.0062 107 -22 304 109
migao 0.0030 121 67 264 120
migao 0.0024 83 114 153 158
migao 0.0018 58 -109 258 36
migao 0.0018 46 91 191 149
migao 0.0016 75 103 140 147
migao 0.0014 139 203 172 238
migao 0.0014 18 -168 303 91
migao 0.0013 -26 -22 138 121
migao 0.0011 -105 -119 170 87
migao 0.0011 118 -55 204 -1
migao 0.0011 131 -88 269 142
migao 0.0010 -34 -127 101 56
wagui 0.0790 71 98 166 164
wagui 0.0351 79 44 147 79
wagui 0.0267 68 30 159 93
wagui 0.0218 -5 73 84 135
wagui 0.0211 149 57 236 130
wagui 0.0189 5 84 73 124
wagui 0.0120 158 76 227 111
wagui 0.0073 107 -22 304 109
wagui 0.0027 121 67 264 120
wagui 0.0024 83 114 153 158
wagui 0.0022 52 71 190 186
wagui 0.0020 18 -168 303 91
wagui 0.0017 139 203 172 238
wagui 0.0017 77 100 149 140
wagui 0.0017 -26 -22 138 121
wagui 0.0014 0 101 68 129
wagui 0.0013 78 34 137 69
wagui 0.0012 58 -109 258 36
wagui 0.0012 7 45 267 179
wagui 0.0012 46 91 191 149
wagui 0.0012 177 -11 276 100
wagui 0.0011 -105 -119 170 87
wagui 0.0010 -30 -96 139 65
wagui 0.0010 131 -88 269 142
