Kongrou 0.0152 123 40 788 553
Kongrou 0.0032 -11 116 87 437
Kongrou 0.0017 413 628 524 725
Kongrou 0.0016 91 450 712 869
Kongrou 0.0010 184 202 738 645
Rouzaofun 0.0414 123 40 788 553
Rouzaofun 0.0054 -11 116 87 437
Rouzaofun 0.0025 413 628 524 725
Rouzaofun 0.0017 91 450 712 869
Rouzaofun 0.0013 347 548 590 807
Rouzaofun 0.0010 184 202 738 645
Rice_with_Shredded_Chicken 0.3219 123 40 788 553
Rice_with_Shredded_Chicken 0.0041 44 -35 413 119
Rice_with_Shredded_Chicken 0.0036 -11 116 87 437
Rice_with_Shredded_Chicken 0.0026 413 628 524 725
Rice_with_Shredded_Chicken 0.0019 91 450 712 869
Rice_with_Shredded_Chicken 0.0016 184 202 738 645
Rice_with_Shredded_Chicken 0.0011 347 548 590 807
migao 0.0682 123 40 788 553
migao 0.0049 -11 116 87 437
migao 0.0025 413 628 524 725
migao 0.0019 91 450 712 869
migao 0.0013 357 530 583 783
migao 0.0010 337 427 559 881
wagui 0.0112 123 40 788 553
wagui 0.0030 -11 116 87 437
wagui 0.0023 91 450 712 869
wagui 0.0022 413 628 524 725
wagui 0.0017 44 -35 413 119
wagui 0.0010 347 548 590 807
