Kongrou 0.0562 -52 262 1084 931
Kongrou 0.0098 288 109 637 303
Kongrou 0.0018 766 104 986 231
Kongrou 0.0015 736 62 1016 272
Kongrou 0.0013 251 299 731 846
Kongrou 0.0011 364 278 966 910
Kongrou 0.0011 396 143 608 272
Kongrou 0.0010 90 468 937 1024
Rouzaofun 0.0753 28 288 986 900
Rouzaofun 0.0117 288 109 637 303
Rouzaofun 0.0024 766 104 986 231
Rouzaofun 0.0019 396 143 608 272
Rouzaofun 0.0014 757 59 1033 275
Rice_with_Shredded_Chicken 0.5633 54 281 974 906
Rice_with_Shredded_Chicken 0.0078 288 109 637 303
Rice_with_Shredded_Chicken 0.0017 -72 511 1106 974
Rice_with_Shredded_Chicken 0.0011 766 104 986 231
Rice_with_Shredded_Chicken 0.0011 757 59 1033 275
migao 0.1640 54 281 974 906
migao 0.0115 288 109 637 303
migao 0.0024 766 104 986 231
migao 0.0014 396 143 608 272
migao 0.0012 757 59 1033 275
wagui 0.0276 28 288 986 900
wagui 0.0066 288 109 637 303
wagui 0.0017 766 104 986 231
wagui 0.0014 -2 53 259 162
wagui 0.0013 70 -13 186 72
wagui 0.0010 82 -102 505 233
wagui 0.0010 -8 -7 107 66
