Kongrou 0.0329 104 17 332 416
Kongrou 0.0207 294 164 559 621
Kongrou 0.0058 260 288 608 482
Kongrou 0.0040 326 277 542 551
Kongrou 0.0032 8 56 430 375
Kongrou 0.0032 37 142 389 333
Kongrou 0.0025 224 237 690 547
Kongrou 0.0012 423 -25 535 59
Kongrou 0.0011 160 -281 721 204
Kongrou 0.0010 352 322 517 449
Rouzaofun 0.0127 318 248 551 521
Rouzaofun 0.0088 204 243 652 542
Rouzaofun 0.0088 106 98 321 377
Rouzaofun 0.0051 37 142 389 333
Rouzaofun 0.0033 429 -2 664 314
Rouzaofun 0.0018 8 56 430 375
Rouzaofun 0.0015 423 -25 535 59
Rouzaofun 0.0012 352 322 517 449
Rouzaofun 0.0010 150 -246 739 160
Rice_with_Shredded_Chicken 0.0174 455 -6 694 320
Rice_with_Shredded_Chicken 0.0069 318 248 551 521
Rice_with_Shredded_Chicken 0.0046 106 98 321 377
Rice_with_Shredded_Chicken 0.0038 37 142 389 333
Rice_with_Shredded_Chicken 0.0032 204 243 652 542
Rice_with_Shredded_Chicken 0.0016 423 -25 535 59
Rice_with_Shredded_Chicken 0.0015 150 -246 739 160
Rice_with_Shredded_Chicken 0.0012 8 56 430 375
Rice_with_Shredded_Chicken 0.0011 309 9 784 311
Rice_with_Shredded_Chicken 0.0011 398 -34 500 69
migao 0.0312 104 17 332 416
migao 0.0287 294 164 559 621
migao 0.0195 204 243 652 542
migao 0.0085 273 296 596 503
migao 0.0067 8 56 430 375
migao 0.0059 455 -6 694 320
migao 0.0056 37 142 389 333
migao 0.0016 423 -25 535 59
migao 0.0014 150 -246 739 160
migao 0.0010 398 -34 500 69
migao 0.0010 309 9 784 311
wagui 0.0652 455 -6 694 320
wagui 0.0063 318 248 551 521
wagui 0.0058 106 98 321 377
wagui 0.0041 37 142 389 333
wagui 0.0028 232 291 607 479
wagui 0.0026 341 8 806 313
wagui 0.0019 423 -25 535 59
wagui 0.0015 224 237 690 547
wagui 0.0014 241 -85 873 370
wagui 0.0013 8 56 430 375
wagui 0.0012 150 -246 739 160
wagui 0.0011 425 90 681 150
wagui 0.0011 398 -34 500 69
