Kongrou 0.0453 110 18 183 90
Kongrou 0.0072 78 86 155 171
Kongrou 0.0064 174 54 249 144
Kongrou 0.0043 147 69 275 129
Kongrou 0.0040 54 100 179 158
Kongrou 0.0022 117 25 176 64
Kongrou 0.0022 189 81 234 117
Kongrou 0.0019 14 102 59 146
Kongrou 0.0012 86 108 147 150
Kongrou 0.0012 17 2 77 76
Kongrou 0.0011 129 35 184 84
Kongrou 0.0010 107 -43 196 10
Rouzaofun 0.1046 75 60 153 203
Rouzaofun 0.0858 110 18 183 90
Rouzaofun 0.0379 48 78 181 185
Rouzaofun 0.0196 1 -15 89 101
Rouzaofun 0.0176 175 42 253 178
Rouzaofun 0.0086 48 100 174 157
Rouzaofun 0.0079 147 69 275 129
Rouzaofun 0.0069 87 85 166 172
Rouzaofun 0.0061 14 102 59 146
Rouzaofun 0.0039 -32 -4 122 109
Rouzaofun 0.0039 117 25 176 64
Rouzaofun 0.0034 17 2 77 76
Rouzaofun 0.0032 166 64 237 154
Rouzaofun 0.0025 189 81 234 117
Rouzaofun 0.0024 63 88 141 169
Rouzaofun 0.0024 86 108 147 150
Rouzaofun 0.0017 129 35 184 84
Rouzaofun 0.0014 90 32 223 86
Rouzaofun 0.0014 -5 12 110 76
Rouzaofun 0.0012 142 89 280 149
Rouzaofun 0.0012 78 111 155 186
Rouzaofun 0.0012 121 -7 205 111
Rouzaofun 0.0012 113 30 160 78
Rouzaofun 0.0011 107 -43 196 10
Rice_with_Shredded_Chicken 0.0604 110 18 183 90
Rice_with_Shredded_Chicken 0.0234 75 60 153 203
Rice_with_Shredded_Chicken 0.0207 48 78 181 185
Rice_with_Shredded_Chicken 0.0155 11 -18 97 104
Rice_with_Shredded_Chicken 0.0143 175 42 253 178
Rice_with_Shredded_Chicken 0.0063 147 69 275 129
Rice_with_Shredded_Chicken 0.0061 14 102 59 146
Rice_with_Shredded_Chicken 0.0051 48 100 174 157
Rice_with_Shredded_Chicken 0.0042 -23 -8 131 94
Rice_with_Shredded_Chicken 0.0029 87 85 166 172
Rice_with_Shredded_Chicken 0.0024 117 25 176 64
Rice_with_Shredded_Chicken 0.0018 166 64 237 154
Rice_with_Shredded_Chicken 0.0016 189 81 234 117
Rice_with_Shredded_Chicken 0.0015 17 2 77 76
Rice_with_Shredded_Chicken 0.0011 90 32 223 86
Rice_with_Shredded_Chicken 0.0011 86 108 147 150
Rice_with_Shredded_Chicken 0.0010 -5 12 110 76
Rice_with_Shredded_Chicken 0.0010 63 88 141 169
migao 0.1004 110 18 183 90
migao 0.0260 75 60 153 203
migao 0.0189 48 78 181 185
migao 0.0070 147 69 275 129
migao 0.0069 14 102 59 146
migao 0.0064 174 54 249 144
migao 0.0064 48 100 174 157
migao 0.0039 11 -18 97 104
migao 0.0038 87 85 166 172
migao 0.0033 117 25 176 64
migao 0.0020 189 81 234 117
migao 0.0018 17 2 77 76
migao 0.0017 -23 -8 131 94
migao 0.0016 86 108 147 150
migao 0.0013 92 13 210 75
migao 0.0012 107 -43 196 10
migao 0.0011 63 88 141 169
migao 0.0011 129 35 184 84
migao 0.0010 113 30 160 78
migao 0.0010 -5 12 110 76
wagui 0.0835 110 18 183 90
wagui 0.0316 174 32 253 172
wagui 0.0171 11 -18 97 104
wagui 0.0156 14 102 59 146
wagui 0.0110 48 78 181 185
wagui 0.0105 75 60 153 203
wagui 0.0063 117 25 176 64
wagui 0.0063 147 69 275 129
wagui 0.0046 -25 -3 133 109
wagui 0.0042 48 100 174 157
wagui 0.0028 189 81 234 117
wagui 0.0027 87 85 166 172
wagui 0.0021 166 64 237 154
wagui 0.0020 121 -7 205 111
wagui 0.0016 113 30 160 78
wagui 0.0012 123 20 180 48
wagui 0.0011 17 2 77 76
wagui 0.0011 129 35 184 84
wagui 0.0011 90 32 223 86
wagui 0.0010 86 108 147 150
wagui 0.0010 63 88 141 169
