Kongrou 0.0048 67 8 233 185
Kongrou 0.0025 87 23 146 95
Kongrou 0.0011 126 46 222 175
Rouzaofun 0.2255 60 41 240 188
Rouzaofun 0.0114 126 46 222 175
Rouzaofun 0.0037 72 51 177 172
Rouzaofun 0.0017 87 23 146 95
Rouzaofun 0.0011 2 -21 214 214
Rice_with_Shredded_Chicken 0.0132 56 18 242 183
Rice_with_Shredded_Chicken 0.0025 110 42 218 180
Rice_with_Shredded_Chicken 0.0015 87 23 146 95
migao 0.0561 60 41 240 188
migao 0.0024 126 46 222 175
migao 0.0020 87 23 146 95
wagui 0.0056 60 41 240 188
wagui 0.0022 87 23 146 95
wagui 0.0013 -85 23 102 209
wagui 0.0011 137 0 206 20
