Kongrou 0.0253 158 265 367 454
Kongrou 0.0235 346 259 557 460
Kongrou 0.0175 46 71 208 192
Kongrou 0.0175 459 160 658 317
Kongrou 0.0167 44 170 240 334
Kongrou 0.0134 241 109 419 261
Kongrou 0.0108 163 13 306 115
Kongrou 0.0105 418 74 562 189
Kongrou 0.0077 321 6 444 96
Kongrou 0.0068 299 299 601 420
Kongrou 0.0057 374 297 525 424
Kongrou 0.0018 166 288 328 406
Kongrou 0.0017 557 31 692 151
Kongrou 0.0011 207 305 343 444
Rouzaofun 0.1389 158 265 367 454
Rouzaofun 0.0928 346 259 557 460
Rouzaofun 0.0696 459 160 658 317
Rouzaofun 0.0681 44 170 240 334
Rouzaofun 0.0641 241 109 419 261
Rouzaofun 0.0604 46 71 208 192
Rouzaofun 0.0537 163 13 306 115
Rouzaofun 0.0529 418 74 562 189
Rouzaofun 0.0393 321 6 444 96
Rouzaofun 0.0218 299 299 601 420
Rouzaofun 0.0158 374 297 525 424
Rouzaofun 0.0111 543 7 709 175
Rouzaofun 0.0048 207 305 343 444
Rouzaofun 0.0040 166 288 328 406
Rouzaofun 0.0037 31 254 88 357
Rouzaofun 0.0033 582 30 694 152
Rouzaofun 0.0033 60 299 409 421
Rouzaofun 0.0021 19 241 74 344
Rouzaofun 0.0019 523 48 672 160
Rouzaofun 0.0015 58 210 196 322
Rouzaofun 0.0013 127 180 234 299
Rouzaofun 0.0013 172 348 271 427
Rouzaofun 0.0013 475 -27 680 249
Rouzaofun 0.0013 34 -82 656 535
Rouzaofun 0.0011 300 19 412 108
Rouzaofun 0.0010 483 31 605 123
Rouzaofun 0.0010 525 16 698 111
Rouzaofun 0.0010 167 2 302 73
Rouzaofun 0.0010 414 61 539 148
Rice_with_Shredded_Chicken 0.0747 158 265 367 454
Rice_with_Shredded_Chicken 0.0635 346 259 557 460
Rice_with_Shredded_Chicken 0.0611 44 170 240 334
Rice_with_Shredded_Chicken 0.0579 163 13 306 115
Rice_with_Shredded_Chicken 0.0575 46 71 208 192
Rice_with_Shredded_Chicken 0.0498 321 6 444 96
Rice_with_Shredded_Chicken 0.0475 451 161 640 317
Rice_with_Shredded_Chicken 0.0455 241 109 419 261
Rice_with_Shredded_Chicken 0.0444 405 73 548 190
Rice_with_Shredded_Chicken 0.0153 299 299 601 420
Rice_with_Shredded_Chicken 0.0103 374 297 525 424
Rice_with_Shredded_Chicken 0.0051 557 31 692 151
Rice_with_Shredded_Chicken 0.0050 31 254 88 357
Rice_with_Shredded_Chicken 0.0022 166 288 328 406
Rice_with_Shredded_Chicken 0.0022 19 241 74 344
Rice_with_Shredded_Chicken 0.0020 207 305 343 444
Rice_with_Shredded_Chicken 0.0018 60 299 409 421
Rice_with_Shredded_Chicken 0.0015 514 32 712 204
Rice_with_Shredded_Chicken 0.0011 400 0 475 47
Rice_with_Shredded_Chicken 0.0010 397 -7 478 29
migao 0.1121 158 265 367 454
migao 0.0890 163 13 306 115
migao 0.0813 346 259 557 460
migao 0.0800 44 170 240 334
migao 0.0785 46 71 208 192
migao 0.0781 321 6 444 96
migao 0.0717 459 160 658 317
migao 0.0713 405 73 548 190
migao 0.0609 241 109 419 261
migao 0.0208 299 299 601 420
migao 0.0124 374 297 525 424
migao 0.0109 31 254 88 357
migao 0.0093 557 31 692 151
migao 0.0042 19 241 74 344
migao 0.0031 166 288 328 406
migao 0.0029 207 305 343 444
migao 0.0025 60 299 409 421
migao 0.0016 514 32 712 204
migao 0.0015 483 31 605 123
migao 0.0014 400 0 475 47
migao 0.0013 58 210 196 322
migao 0.0013 300 19 412 108
migao 0.0013 397 -7 478 29
migao 0.0012 172 348 271 427
migao 0.0011 167 2 302 73
migao 0.0010 525 16 698 111
wagui 0.1527 163 13 306 115
wagui 0.1350 321 6 444 96
wagui 0.1282 46 71 208 192
wagui 0.1172 44 170 240 334
wagui 0.1150 405 73 548 190
wagui 0.1008 459 160 658 317
wagui 0.0972 346 259 557 460
wagui 0.0814 158 265 367 454
wagui 0.0755 241 109 419 261
wagui 0.0228 31 254 88 357
wagui 0.0177 299 299 601 420
wagui 0.0158 374 297 525 424
wagui 0.0137 557 31 692 151
wagui 0.0086 19 241 74 344
wagui 0.0044 475 -27 680 249
wagui 0.0043 483 31 605 123
wagui 0.0031 514 32 712 204
wagui 0.0030 400 0 475 47
wagui 0.0029 525 16 698 111
wagui 0.0028 397 -7 478 29
wagui 0.0027 300 19 412 108
wagui 0.0026 166 288 328 406
wagui 0.0025 167 2 302 73
wagui 0.0025 58 210 196 322
wagui 0.0024 207 305 343 444
wagui 0.0020 172 348 271 427
wagui 0.0019 34 -82 656 535
wagui 0.0018 516 72 680 164
wagui 0.0017 46 67 181 142
wagui 0.0016 561 302 635 443
wagui 0.0016 120 11 189 88
wagui 0.0016 127 180 234 299
wagui 0.0015 536 8 634 92
wagui 0.0015 60 299 409 421
wagui 0.0012 513 44 655 138
wagui 0.0010 330 82 409 125
wagui 0.0010 -61 55 145 383
wagui 0.0010 334 96 405 138
wagui 0.0010 48 336 126 465
