Kongrou 0.0586 9 -18 105 106
Kongrou 0.0073 84 28 201 165
Kongrou 0.0040 41 45 244 147
Kongrou 0.0022 -1 5 80 87
Kongrou 0.0020 113 136 193 267
Kongrou 0.0019 111 185 189 224
Kongrou 0.0013 54 155 252 247
Kongrou 0.0011 117 -54 204 -1
Kongrou 0.0011 50 95 266 295
Kongrou 0.0010 113 -95 215 34
Kongrou 0.0010 157 -10 257 74
Kongrou 0.0010 59 -128 253 54
Rouzaofun 0.4544 97 38 209 173
Rouzaofun 0.1319 58 57 247 156
Rouzaofun 0.0376 9 -18 105 106
Rouzaofun 0.0134 157 -10 257 74
Rouzaofun 0.0033 101 -17 312 86
Rouzaofun 0.0030 -1 5 80 87
Rouzaofun 0.0019 23 -2 252 186
Rouzaofun 0.0016 111 185 189 224
Rouzaofun 0.0016 113 136 193 267
Rouzaofun 0.0015 117 -54 204 -1
Rouzaofun 0.0013 54 155 252 247
Rouzaofun 0.0013 -26 18 115 74
Rouzaofun 0.0011 47 99 271 292
Rice_with_Shredded_Chicken 0.0776 9 -18 105 106
Rice_with_Shredded_Chicken 0.0739 97 38 209 173
Rice_with_Shredded_Chicken 0.0475 58 57 247 156
Rice_with_Shredded_Chicken 0.0254 157 -10 257 74
Rice_with_Shredded_Chicken 0.0032 101 -17 312 86
Rice_with_Shredded_Chicken 0.0017 -1 5 80 87
Rice_with_Shredded_Chicken 0.0015 113 136 193 267
Rice_with_Shredded_Chicken 0.0015 117 -54 204 -1
Rice_with_Shredded_Chicken 0.0014 111 185 189 224
Rice_with_Shredded_Chicken 0.0012 47 99 271 292
Rice_with_Shredded_Chicken 0.0012 7 -157 315 80
Rice_with_Shredded_Chicken 0.0012 58 -109 258 37
Rice_with_Shredded_Chicken 0.0011 54 155 252 247
migao 0.1188 9 -18 105 106
migao 0.0854 97 38 209 173
migao 0.0451 49 45 255 147
migao 0.0115 157 -10 257 74
migao 0.0026 101 -17 312 86
migao 0.0026 -1 5 80 87
migao 0.0022 111 185 189 224
migao 0.0020 113 136 193 267
migao 0.0015 117 -54 204 -1
migao 0.0014 54 155 252 247
migao 0.0013 58 -109 258 37
migao 0.0012 -26 18 115 74
migao 0.0010 113 -95 215 34
migao 0.0010 50 95 266 295
wagui 0.1073 157 -10 257 74
wagui 0.0290 9 -18 105 106
wagui 0.0093 58 57 247 156
wagui 0.0075 101 -17 312 86
wagui 0.0057 97 38 209 173
wagui 0.0026 -1 5 80 87
wagui 0.0014 113 136 193 267
wagui 0.0014 111 185 189 224
wagui 0.0014 7 -157 315 80
wagui 0.0013 54 155 252 247
wagui 0.0011 50 95 266 295
wagui 0.0010 -26 18 115 74
