Kongrou 0.0167 296 -8 476 192
Kongrou 0.0120 329 195 465 426
Kongrou 0.0072 244 33 528 150
Kongrou 0.0054 -4 135 351 381
Kongrou 0.0049 67 85 279 430
Kongrou 0.0037 298 241 497 381
Kongrou 0.0021 202 148 570 484
Kongrou 0.0016 218 -10 590 210
Kongrou 0.0015 319 -64 530 220
Kongrou 0.0014 323 40 449 143
Kongrou 0.0012 244 -79 412 7
Kongrou 0.0011 69 -52 264 121
Kongrou 0.0011 246 -175 425 93
Rouzaofun 0.2722 67 85 279 430
Rouzaofun 0.1549 -4 135 351 381
Rouzaofun 0.0229 306 -9 488 193
Rouzaofun 0.0124 244 33 528 150
Rouzaofun 0.0098 329 195 465 426
Rouzaofun 0.0047 218 -10 590 210
Rouzaofun 0.0044 298 241 497 381
Rouzaofun 0.0022 50 44 548 405
Rouzaofun 0.0018 323 40 449 143
Rouzaofun 0.0012 -77 324 406 680
Rice_with_Shredded_Chicken 0.0713 -4 135 351 381
Rice_with_Shredded_Chicken 0.0588 67 85 279 430
Rice_with_Shredded_Chicken 0.0578 299 -37 509 230
Rice_with_Shredded_Chicken 0.0098 244 33 528 150
Rice_with_Shredded_Chicken 0.0068 329 195 465 426
Rice_with_Shredded_Chicken 0.0035 298 241 497 381
Rice_with_Shredded_Chicken 0.0026 233 0 620 200
Rice_with_Shredded_Chicken 0.0015 -77 324 406 680
Rice_with_Shredded_Chicken 0.0014 279 -6 447 190
Rice_with_Shredded_Chicken 0.0013 7 -12 589 457
migao 0.0659 -4 135 351 381
migao 0.0603 67 85 279 430
migao 0.0203 299 -37 509 230
migao 0.0138 329 195 465 426
migao 0.0122 244 33 528 150
migao 0.0058 298 241 497 381
migao 0.0027 233 0 620 200
migao 0.0016 279 -6 447 190
migao 0.0013 244 -79 412 7
migao 0.0012 323 40 449 143
migao 0.0011 -77 324 406 680
migao 0.0010 246 -175 425 93
migao 0.0010 275 394 428 590
migao 0.0010 7 -12 589 457
wagui 0.2068 299 -37 509 230
wagui 0.0115 -4 135 351 381
wagui 0.0102 244 33 528 150
wagui 0.0099 329 195 465 426
wagui 0.0090 233 0 620 200
wagui 0.0051 298 241 497 381
wagui 0.0042 67 85 279 430
wagui 0.0021 279 -6 447 190
wagui 0.0016 177 418 342 458
wagui 0.0014 -77 324 406 680
wagui 0.0011 323 40 449 143
