Kongrou 0.2175 86 72 598 526
Kongrou 0.0179 437 78 631 239
Kongrou 0.0152 291 49 460 137
Kongrou 0.0027 262 120 557 500
Kongrou 0.0016 462 120 606 224
Kongrou 0.0014 197 62 516 404
Kongrou 0.0013 212 436 444 566
Kongrou 0.0013 -7 -155 239 41
Rouzaofun 0.0449 291 49 460 137
Rouzaofun 0.0253 437 78 631 239
Rouzaofun 0.0084 86 72 598 526
Rouzaofun 0.0032 462 120 606 224
Rouzaofun 0.0015 -7 -155 239 41
Rouzaofun 0.0010 265 4 486 154
Rice_with_Shredded_Chicken 0.0446 291 49 460 137
Rice_with_Shredded_Chicken 0.0445 86 72 598 526
Rice_with_Shredded_Chicken 0.0273 437 78 631 239
Rice_with_Shredded_Chicken 0.0023 462 120 606 224
Rice_with_Shredded_Chicken 0.0014 -7 -155 239 41
migao 0.0910 86 72 598 526
migao 0.0577 291 49 460 137
migao 0.0296 437 78 631 239
migao 0.0030 462 120 606 224
migao 0.0011 -7 -155 239 41
migao 0.0010 143 -252 649 104
wagui 0.0782 291 49 460 137
wagui 0.0534 437 78 631 239
wagui 0.0072 86 72 598 526
wagui 0.0053 462 120 606 224
wagui 0.0024 465 -33 673 176
wagui 0.0010 212 436 444 566
wagui 0.0010 54 -149 736 317
