Kongrou 0.0064 529 -343 881 -74
Kongrou 0.0060 497 -514 936 81
Kongrou 0.0043 309 -433 1120 -3
Kongrou 0.0033 359 16 538 171
Kongrou 0.0031 -5 199 118 450
Kongrou 0.0030 405 219 537 430
Kongrou 0.0024 118 17 318 219
Kongrou 0.0022 643 -18 1060 513
Kongrou 0.0022 506 -270 805 -136
Kongrou 0.0021 74 111 457 354
Kongrou 0.0020 130 318 493 606
Kongrou 0.0019 370 -682 1199 193
Kongrou 0.0018 148 364 380 516
Kongrou 0.0017 450 52 1255 528
Kongrou 0.0012 386 -363 558 31
Kongrou 0.0012 284 -368 683 -139
Kongrou 0.0012 -48 -597 507 300
Rouzaofun 0.0727 629 1 1078 576
Rouzaofun 0.0717 82 255 425 683
Rouzaofun 0.0244 450 52 1255 528
Rouzaofun 0.0216 359 16 538 171
Rouzaofun 0.0202 405 219 537 430
Rouzaofun 0.0163 -5 199 118 450
Rouzaofun 0.0067 74 111 457 354
Rouzaofun 0.0061 529 -343 881 -74
Rouzaofun 0.0054 744 162 1145 600
Rouzaofun 0.0050 497 -514 936 81
Rouzaofun 0.0048 148 364 380 516
Rouzaofun 0.0042 309 -433 1120 -3
Rouzaofun 0.0041 118 17 318 219
Rouzaofun 0.0034 629 109 1009 401
Rouzaofun 0.0031 140 303 483 577
Rouzaofun 0.0026 327 -40 572 230
Rouzaofun 0.0020 -54 206 556 652
Rouzaofun 0.0018 -88 348 571 578
Rouzaofun 0.0017 74 393 408 580
Rouzaofun 0.0016 441 -379 593 48
Rouzaofun 0.0014 8 313 338 614
Rouzaofun 0.0013 370 -682 1199 193
Rouzaofun 0.0012 585 217 1031 640
Rouzaofun 0.0012 506 -270 805 -136
Rouzaofun 0.0011 169 -304 900 -32
Rouzaofun 0.0011 174 152 447 314
Rouzaofun 0.0010 663 152 975 314
Rice_with_Shredded_Chicken 0.1002 82 255 425 683
Rice_with_Shredded_Chicken 0.0298 405 219 537 430
Rice_with_Shredded_Chicken 0.0284 359 16 538 171
Rice_with_Shredded_Chicken 0.0251 629 1 1078 576
Rice_with_Shredded_Chicken 0.0158 450 52 1255 528
Rice_with_Shredded_Chicken 0.0134 -5 202 118 492
Rice_with_Shredded_Chicken 0.0066 529 -343 881 -74
Rice_with_Shredded_Chicken 0.0049 497 -514 936 81
Rice_with_Shredded_Chicken 0.0046 74 111 457 354
Rice_with_Shredded_Chicken 0.0037 309 -433 1120 -3
Rice_with_Shredded_Chicken 0.0029 118 17 318 219
Rice_with_Shredded_Chicken 0.0026 -54 206 556 652
Rice_with_Shredded_Chicken 0.0023 148 364 380 516
Rice_with_Shredded_Chicken 0.0023 327 -40 572 230
Rice_with_Shredded_Chicken 0.0014 370 -682 1199 193
Rice_with_Shredded_Chicken 0.0013 657 100 1027 410
Rice_with_Shredded_Chicken 0.0012 -48 -597 507 300
Rice_with_Shredded_Chicken 0.0012 811 193 1150 502
Rice_with_Shredded_Chicken 0.0012 140 303 483 577
Rice_with_Shredded_Chicken 0.0011 506 -270 805 -136
Rice_with_Shredded_Chicken 0.0011 441 -379 593 48
Rice_with_Shredded_Chicken 0.0010 121 -387 561 51
Rice_with_Shredded_Chicken 0.0010 100 -310 876 -27
Rice_with_Shredded_Chicken 0.0010 -88 348 571 578
migao 0.0414 359 16 538 171
migao 0.0380 405 219 537 430
migao 0.0206 -5 199 118 450
migao 0.0175 82 255 425 683
migao 0.0166 629 1 1078 576
migao 0.0105 450 52 1255 528
migao 0.0068 529 -343 881 -74
migao 0.0056 497 -514 936 81
migao 0.0047 118 17 318 219
migao 0.0046 148 364 380 516
migao 0.0044 309 -433 1120 -3
migao 0.0042 94 159 436 306
migao 0.0029 72 78 459 342
migao 0.0025 441 -379 593 48
migao 0.0020 506 -270 805 -136
migao 0.0016 811 193 1150 502
migao 0.0016 657 100 1027 410
migao 0.0015 106 394 423 579
migao 0.0014 370 -682 1199 193
migao 0.0014 100 -310 876 -27
migao 0.0011 327 -40 572 230
migao 0.0011 169 310 500 616
migao 0.0010 -104 354 541 571
migao 0.0010 -48 -597 507 300
wagui 0.0548 359 16 538 171
wagui 0.0394 405 219 537 430
wagui 0.0112 82 255 425 683
wagui 0.0101 -5 199 118 450
wagui 0.0053 497 -514 936 81
wagui 0.0048 118 17 318 219
wagui 0.0041 529 -343 881 -74
wagui 0.0039 309 -433 1120 -3
wagui 0.0037 74 111 457 354
wagui 0.0029 450 52 1255 528
wagui 0.0022 148 364 380 516
wagui 0.0022 629 1 1078 576
wagui 0.0018 327 -40 572 230
wagui 0.0018 506 -270 805 -136
wagui 0.0016 386 -363 558 31
wagui 0.0015 370 -682 1199 193
wagui 0.0014 284 -368 683 -139
wagui 0.0013 0 -1 160 143
wagui 0.0012 -48 -597 507 300
wagui 0.0011 121 -387 561 51
