Kongrou 0.4074 178 41 774 574
Kongrou 0.0073 226 60 564 529
Kongrou 0.0028 296 8 679 454
Kongrou 0.0023 172 -361 773 220
Kongrou 0.0019 332 161 641 557
Kongrou 0.0014 -133 -277 290 363
Kongrou 0.0012 -107 -96 262 185
Rouzaofun 0.0194 153 21 786 596
Rouzaofun 0.0019 172 -361 773 220
Rouzaofun 0.0012 -133 -277 290 363
Rouzaofun 0.0011 234 88 616 564
Rouzaofun 0.0010 415 646 514 745
Rice_with_Shredded_Chicken 0.0386 178 41 774 574
Rice_with_Shredded_Chicken 0.0023 94 -436 854 291
Rice_with_Shredded_Chicken 0.0023 168 -290 778 142
Rice_with_Shredded_Chicken 0.0014 -133 -277 290 363
Rice_with_Shredded_Chicken 0.0010 415 646 514 745
migao 0.2140 178 41 774 574
migao 0.0021 168 -290 778 142
migao 0.0020 226 60 564 529
migao 0.0018 94 -436 854 291
migao 0.0011 -133 -277 290 363
wagui 0.0147 178 41 774 574
wagui 0.0022 94 -436 854 291
wagui 0.0019 168 -290 778 142
wagui 0.0014 -133 -277 290 363
wagui 0.0010 415 646 514 745
wagui 0.0010 -107 -96 262 185
