Kongrou 0.0125 18 13 255 173
Kongrou 0.0052 128 -96 198 38
Kongrou 0.0046 123 -41 195 -10
Kongrou 0.0042 68 32 204 192
Kongrou 0.0033 42 -66 284 10
Kongrou 0.0024 77 -62 163 -11
Kongrou 0.0024 106 -68 214 -5
Kongrou 0.0022 94 -124 261 54
Rouzaofun 0.7064 22 29 251 152
Rouzaofun 0.0328 68 32 204 192
Rouzaofun 0.0037 128 -96 198 38
Rouzaofun 0.0032 123 -41 195 -10
Rouzaofun 0.0028 40 33 159 161
Rouzaofun 0.0026 42 -66 284 10
Rouzaofun 0.0024 122 -58 219 4
Rouzaofun 0.0018 116 19 230 155
Rouzaofun 0.0017 77 -62 163 -11
Rouzaofun 0.0017 94 -124 261 54
Rouzaofun 0.0010 113 -61 142 27
Rice_with_Shredded_Chicken 0.0342 12 39 262 181
Rice_with_Shredded_Chicken 0.0040 128 -96 198 38
Rice_with_Shredded_Chicken 0.0028 42 -66 284 10
Rice_with_Shredded_Chicken 0.0028 123 -41 195 -10
Rice_with_Shredded_Chicken 0.0021 94 -124 261 54
Rice_with_Shredded_Chicken 0.0021 122 -58 219 4
Rice_with_Shredded_Chicken 0.0019 64 66 207 201
Rice_with_Shredded_Chicken 0.0011 0 -118 190 49
migao 0.1883 22 29 251 152
migao 0.0201 68 32 204 192
migao 0.0047 128 -96 198 38
migao 0.0047 123 -41 195 -10
migao 0.0031 42 -66 284 10
migao 0.0025 122 -58 219 4
migao 0.0017 94 -124 261 54
migao 0.0013 113 -61 142 27
migao 0.0012 140 -54 180 22
migao 0.0011 77 -62 163 -11
migao 0.0011 0 -118 190 49
wagui 0.0267 18 13 255 173
wagui 0.0067 68 32 204 192
wagui 0.0036 123 -41 195 -10
wagui 0.0031 128 -96 198 38
wagui 0.0029 77 -62 163 -11
wagui 0.0029 42 -66 284 10
wagui 0.0018 75 -139 283 69
wagui 0.0014 0 -180 321 106
wagui 0.0013 106 -68 214 -5
