Kongrou 0.0109 118 -50 203 -5
Kongrou 0.0078 118 -92 210 31
Kongrou 0.0057 63 -77 264 16
Kongrou 0.0052 82 16 181 136
Kongrou 0.0050 -3 82 30 190
Kongrou 0.0026 8 17 227 163
Kongrou 0.0022 -3 107 18 165
Kongrou 0.0021 131 -65 192 28
Kongrou 0.0019 -7 115 12 156
Kongrou 0.0018 139 202 172 239
Kongrou 0.0016 3 -130 146 100
Kongrou 0.0014 52 97 267 294
Kongrou 0.0013 -63 -97 211 63
Kongrou 0.0013 101 -63 135 26
Kongrou 0.0012 64 -64 157 -13
Kongrou 0.0010 64 -107 179 69
Rouzaofun 0.1195 40 22 234 161
Rouzaofun 0.0851 81 11 182 161
Rouzaofun 0.0191 -3 82 30 190
Rouzaofun 0.0106 118 -50 203 -5
Rouzaofun 0.0061 118 -92 210 31
Rouzaofun 0.0060 -3 107 18 165
Rouzaofun 0.0054 63 -77 264 16
Rouzaofun 0.0048 -7 115 12 156
Rouzaofun 0.0040 123 53 188 144
Rouzaofun 0.0029 139 202 172 239
Rouzaofun 0.0028 131 -65 192 28
Rouzaofun 0.0027 60 46 161 147
Rouzaofun 0.0026 101 -63 135 26
Rouzaofun 0.0023 3 95 32 166
Rouzaofun 0.0020 -21 100 47 172
Rouzaofun 0.0017 -8 -45 242 185
Rouzaofun 0.0017 80 33 168 101
Rouzaofun 0.0014 37 -50 208 12
Rouzaofun 0.0014 3 -130 146 100
Rouzaofun 0.0013 99 63 222 135
Rouzaofun 0.0013 52 97 267 294
Rouzaofun 0.0013 117 175 194 267
Rouzaofun 0.0012 84 65 142 133
Rouzaofun 0.0012 -63 -97 211 63
Rouzaofun 0.0011 93 51 154 83
Rouzaofun 0.0010 -6 95 11 145
Rouzaofun 0.0010 145 53 187 92
Rice_with_Shredded_Chicken 0.0539 40 22 234 161
Rice_with_Shredded_Chicken 0.0142 -3 82 30 190
Rice_with_Shredded_Chicken 0.0122 81 11 182 161
Rice_with_Shredded_Chicken 0.0100 118 -50 203 -5
Rice_with_Shredded_Chicken 0.0063 118 -92 210 31
Rice_with_Shredded_Chicken 0.0052 63 -77 264 16
Rice_with_Shredded_Chicken 0.0050 -3 107 18 165
Rice_with_Shredded_Chicken 0.0038 -7 115 12 156
Rice_with_Shredded_Chicken 0.0032 139 202 172 239
Rice_with_Shredded_Chicken 0.0031 131 -65 192 28
Rice_with_Shredded_Chicken 0.0020 3 95 32 166
Rice_with_Shredded_Chicken 0.0018 101 -63 135 26
Rice_with_Shredded_Chicken 0.0017 3 -130 146 100
Rice_with_Shredded_Chicken 0.0017 52 97 267 294
Rice_with_Shredded_Chicken 0.0017 123 53 188 144
Rice_with_Shredded_Chicken 0.0016 -21 100 47 172
Rice_with_Shredded_Chicken 0.0014 -63 -97 211 63
Rice_with_Shredded_Chicken 0.0014 37 -50 208 12
Rice_with_Shredded_Chicken 0.0011 117 175 194 267
migao 0.0274 40 22 234 161
migao 0.0206 81 11 182 161
migao 0.0137 -3 82 30 190
migao 0.0122 118 -50 203 -5
migao 0.0076 -3 103 18 158
migao 0.0072 118 -92 210 31
migao 0.0059 -7 115 12 156
migao 0.0059 63 -77 264 16
migao 0.0037 131 -65 192 28
migao 0.0031 101 -63 135 26
migao 0.0029 139 202 172 239
migao 0.0023 3 95 32 166
migao 0.0022 -21 100 47 172
migao 0.0018 123 53 188 144
migao 0.0017 3 -130 146 100
migao 0.0015 37 -50 208 12
migao 0.0015 -63 -97 211 63
migao 0.0012 -6 95 11 145
migao 0.0012 64 -107 179 69
migao 0.0011 52 97 267 294
migao 0.0011 145 53 187 92
migao 0.0010 117 175 194 267
migao 0.0010 -4 121 20 182
wagui 0.0122 -3 82 30 190
wagui 0.0100 -3 103 18 158
wagui 0.0091 -7 115 12 156
wagui 0.0072 118 -50 203 -5
wagui 0.0054 118 -92 210 31
wagui 0.0051 40 22 234 161
wagui 0.0051 63 -77 264 16
wagui 0.0034 139 202 172 239
wagui 0.0032 3 95 32 166
wagui 0.0020 -6 95 11 145
wagui 0.0020 3 -130 146 100
wagui 0.0020 101 -63 135 26
wagui 0.0019 131 -65 192 28
wagui 0.0018 -21 100 47 172
wagui 0.0017 64 -64 157 -13
wagui 0.0013 -4 121 20 182
wagui 0.0013 -63 -97 211 63
wagui 0.0012 0 2 46 38
wagui 0.0012 52 97 267 294
wagui 0.0011 14 -174 309 96
wagui 0.0011 117 175 194 267
wagui 0.0010 81 11 182 161
wagui 0.0010 123 53 188 144
