Kongrou 0.1330 573 295 1312 1104
Kongrou 0.0100 854 -324 1448 -74
Kongrou 0.0084 887 -713 1469 274
Kongrou 0.0061 415 -533 1931 100
Kongrou 0.0026 -143 -11 1272 792
Kongrou 0.0022 305 433 1734 1094
Kongrou 0.0019 740 -523 1576 -37
Kongrou 0.0017 497 -872 1752 342
Kongrou 0.0012 812 1237 1498 1687
Kongrou 0.0011 329 730 1943 2077
Kongrou 0.0011 37 -1145 2271 603
Kongrou 0.0011 291 571 1333 1002
Kongrou 0.0010 558 -454 1183 -104
Kongrou 0.0010 637 1232 1251 1563
Rouzaofun 0.0273 582 299 1306 1226
Rouzaofun 0.0118 300 415 1583 1120
Rouzaofun 0.0079 854 -324 1448 -74
Rouzaofun 0.0062 887 -713 1469 274
Rouzaofun 0.0050 415 -533 1931 100
Rouzaofun 0.0028 -143 -11 1272 792
Rouzaofun 0.0017 812 1237 1498 1687
Rouzaofun 0.0017 496 472 1129 1102
Rouzaofun 0.0016 851 -448 1614 31
Rouzaofun 0.0016 291 571 1333 1002
Rouzaofun 0.0014 497 -872 1752 342
Rouzaofun 0.0013 598 429 1254 920
Rouzaofun 0.0013 541 1054 1798 1830
Rouzaofun 0.0012 37 -1145 2271 603
Rouzaofun 0.0010 975 -422 1332 164
Rice_with_Shredded_Chicken 0.1074 582 299 1306 1226
Rice_with_Shredded_Chicken 0.0276 300 415 1583 1120
Rice_with_Shredded_Chicken 0.0073 854 -324 1448 -74
Rice_with_Shredded_Chicken 0.0063 887 -713 1469 274
Rice_with_Shredded_Chicken 0.0051 415 -533 1931 100
Rice_with_Shredded_Chicken 0.0030 -143 -11 1272 792
Rice_with_Shredded_Chicken 0.0019 812 1237 1498 1687
Rice_with_Shredded_Chicken 0.0017 497 -872 1752 342
Rice_with_Shredded_Chicken 0.0017 37 -1145 2271 603
Rice_with_Shredded_Chicken 0.0016 851 -448 1614 31
Rice_with_Shredded_Chicken 0.0011 541 1054 1798 1830
Rice_with_Shredded_Chicken 0.0011 291 571 1333 1002
Rice_with_Shredded_Chicken 0.0010 496 472 1129 1102
Rice_with_Shredded_Chicken 0.0010 975 -422 1332 164
migao 0.0770 582 299 1306 1226
migao 0.0210 300 415 1583 1120
migao 0.0107 854 -324 1448 -74
migao 0.0076 887 -713 1469 274
migao 0.0062 415 -533 1931 100
migao 0.0032 -143 -11 1272 792
migao 0.0020 812 1237 1498 1687
migao 0.0017 740 -523 1576 -37
migao 0.0015 291 571 1333 1002
migao 0.0015 975 -422 1332 164
migao 0.0015 580 -874 2015 374
migao 0.0014 496 472 1129 1102
migao 0.0014 37 -1145 2271 603
migao 0.0011 541 1054 1798 1830
migao 0.0011 598 429 1254 920
migao 0.0010 329 730 1943 2077
wagui 0.0374 582 299 1306 1226
wagui 0.0129 300 415 1583 1120
wagui 0.0070 854 -324 1448 -74
wagui 0.0056 887 -713 1469 274
wagui 0.0051 415 -533 1931 100
wagui 0.0036 -143 -11 1272 792
wagui 0.0020 37 -1145 2271 603
wagui 0.0015 558 -454 1183 -104
wagui 0.0012 497 -872 1752 342
wagui 0.0012 496 472 1129 1102
wagui 0.0011 291 571 1333 1002
wagui 0.0010 46 -438 927 13
wagui 0.0010 740 -523 1576 -37
wagui 0.0010 598 429 1254 920
