Kongrou 0.1430 -51 155 843 568
Kongrou 0.0048 213 34 557 287
Kongrou 0.0021 428 -43 711 240
Kongrou 0.0015 17 125 382 506
Kongrou 0.0013 62 60 860 433
Kongrou 0.0013 341 440 555 867
Kongrou 0.0011 356 532 522 781
Kongrou 0.0011 86 10 681 313
Kongrou 0.0011 328 519 613 733
Rouzaofun 0.0196 213 34 557 287
Rouzaofun 0.0102 428 -43 711 240
Rouzaofun 0.0047 86 10 681 313
Rouzaofun 0.0038 21 74 778 527
Rouzaofun 0.0015 413 628 494 726
Rouzaofun 0.0014 266 -65 808 264
Rouzaofun 0.0012 356 532 522 781
Rouzaofun 0.0011 17 -51 322 254
Rouzaofun 0.0011 341 440 555 867
Rice_with_Shredded_Chicken 0.0140 -51 155 843 568
Rice_with_Shredded_Chicken 0.0057 428 -43 711 240
Rice_with_Shredded_Chicken 0.0055 213 34 557 287
Rice_with_Shredded_Chicken 0.0042 20 -58 321 317
Rice_with_Shredded_Chicken 0.0024 86 10 681 313
Rice_with_Shredded_Chicken 0.0018 413 628 494 726
Rice_with_Shredded_Chicken 0.0015 -118 -34 455 301
Rice_with_Shredded_Chicken 0.0013 356 532 522 781
Rice_with_Shredded_Chicken 0.0012 -1 -283 803 140
Rice_with_Shredded_Chicken 0.0011 341 440 555 867
Rice_with_Shredded_Chicken 0.0010 242 516 653 789
migao 0.0390 -51 155 843 568
migao 0.0069 213 34 557 287
migao 0.0036 428 -43 711 240
migao 0.0023 86 10 681 313
migao 0.0018 356 532 522 781
migao 0.0016 413 628 494 726
migao 0.0013 341 440 555 867
migao 0.0012 328 519 613 733
wagui 0.0069 17 -51 322 254
wagui 0.0037 -51 155 843 568
wagui 0.0018 -118 -34 455 301
wagui 0.0017 413 628 494 726
wagui 0.0010 341 440 555 867
