Kongrou 0.0387 175 40 402 383
Kongrou 0.0231 30 105 499 363
Kongrou 0.0141 -6 6 86 243
Kongrou 0.0071 15 28 583 457
Kongrou 0.0057 317 447 409 518
Kongrou 0.0041 -43 44 123 206
Kongrou 0.0033 -2 48 59 201
Kongrou 0.0032 258 320 413 612
Kongrou 0.0025 326 431 446 511
Kongrou 0.0025 158 363 511 567
Kongrou 0.0023 290 388 458 579
Kongrou 0.0011 144 -281 544 124
Kongrou 0.0010 342 226 522 393
Rouzaofun 0.0241 -6 6 86 243
Rouzaofun 0.0109 -1 0 602 399
Rouzaofun 0.0079 317 447 409 518
Rouzaofun 0.0062 -43 44 123 206
Rouzaofun 0.0060 86 102 488 366
Rouzaofun 0.0054 -2 48 59 201
Rouzaofun 0.0037 266 372 392 564
Rouzaofun 0.0033 326 431 446 511
Rouzaofun 0.0031 290 388 458 579
Rouzaofun 0.0031 175 40 402 383
Rouzaofun 0.0028 342 226 522 393
Rouzaofun 0.0024 158 363 511 567
Rouzaofun 0.0018 422 -3 603 70
Rouzaofun 0.0013 406 -34 585 134
Rouzaofun 0.0012 293 407 410 513
Rouzaofun 0.0011 6 46 97 180
Rouzaofun 0.0011 113 162 451 318
Rouzaofun 0.0011 92 -3 311 46
Rice_with_Shredded_Chicken 0.0336 12 42 587 445
Rice_with_Shredded_Chicken 0.0162 -6 6 86 243
Rice_with_Shredded_Chicken 0.0089 317 447 409 518
Rice_with_Shredded_Chicken 0.0049 -43 44 123 206
Rice_with_Shredded_Chicken 0.0046 266 372 392 564
Rice_with_Shredded_Chicken 0.0046 86 102 488 366
Rice_with_Shredded_Chicken 0.0034 326 431 446 511
Rice_with_Shredded_Chicken 0.0033 -2 48 59 201
Rice_with_Shredded_Chicken 0.0032 290 388 458 579
Rice_with_Shredded_Chicken 0.0032 406 -34 585 134
Rice_with_Shredded_Chicken 0.0030 158 363 511 567
Rice_with_Shredded_Chicken 0.0013 121 -224 569 65
Rice_with_Shredded_Chicken 0.0011 293 407 410 513
Rice_with_Shredded_Chicken 0.0011 175 40 402 383
Rice_with_Shredded_Chicken 0.0010 54 -313 644 150
Rice_with_Shredded_Chicken 0.0010 342 226 522 393
migao 0.0251 -6 6 86 243
migao 0.0162 12 42 587 445
migao 0.0133 86 102 488 366
migao 0.0092 175 40 402 383
migao 0.0080 317 447 409 518
migao 0.0080 -43 44 123 206
migao 0.0054 -2 48 59 201
migao 0.0048 266 372 392 564
migao 0.0031 326 431 446 511
migao 0.0025 158 363 511 567
migao 0.0025 290 388 458 579
migao 0.0015 342 226 522 393
migao 0.0015 422 -3 603 70
migao 0.0012 121 -224 569 65
migao 0.0012 293 407 410 513
migao 0.0010 250 348 423 633
migao 0.0010 113 157 451 300
migao 0.0010 92 -3 311 46
wagui 0.0320 12 42 587 445
wagui 0.0226 -6 6 86 243
wagui 0.0095 326 446 423 518
wagui 0.0081 86 102 488 366
wagui 0.0069 -43 44 123 206
wagui 0.0067 -2 48 59 201
wagui 0.0058 175 40 402 383
wagui 0.0050 306 448 374 518
wagui 0.0041 406 -34 585 134
wagui 0.0036 299 434 404 508
wagui 0.0033 278 386 448 582
wagui 0.0021 318 412 455 507
wagui 0.0020 105 -26 332 84
wagui 0.0019 92 -3 311 46
wagui 0.0017 158 363 511 567
wagui 0.0013 422 -3 603 70
wagui 0.0011 562 114 602 274
wagui 0.0010 144 -281 544 124
