Kongrou 0.0384 -2 20 172 264
Kongrou 0.0169 213 104 439 510
Kongrou 0.0144 -41 64 211 220
Kongrou 0.0066 159 160 544 452
Kongrou 0.0026 15 75 154 210
Kongrou 0.0020 178 458 364 622
Kongrou 0.0013 547 61 694 328
Kongrou 0.0013 239 229 452 448
Kongrou 0.0013 274 454 470 586
Kongrou 0.0012 413 293 657 526
Rouzaofun 0.0550 -2 20 172 264
Rouzaofun 0.0213 -41 64 211 220
Rouzaofun 0.0123 239 140 464 521
Rouzaofun 0.0095 153 189 550 475
Rouzaofun 0.0037 15 75 154 210
Rouzaofun 0.0031 178 458 364 622
Rouzaofun 0.0020 209 224 430 453
Rouzaofun 0.0015 547 61 694 328
Rouzaofun 0.0010 7 124 162 240
Rice_with_Shredded_Chicken 0.0337 -2 20 172 264
Rice_with_Shredded_Chicken 0.0164 -41 64 211 220
Rice_with_Shredded_Chicken 0.0071 153 189 550 475
Rice_with_Shredded_Chicken 0.0049 239 140 464 521
Rice_with_Shredded_Chicken 0.0029 178 458 364 622
Rice_with_Shredded_Chicken 0.0018 15 75 154 210
Rice_with_Shredded_Chicken 0.0013 148 254 491 423
Rice_with_Shredded_Chicken 0.0010 9 -60 670 230
migao 0.0610 -2 20 172 264
migao 0.0258 -41 64 211 220
migao 0.0195 239 140 464 521
migao 0.0184 153 189 550 475
migao 0.0024 178 458 364 622
migao 0.0022 15 75 154 210
migao 0.0017 148 254 491 423
migao 0.0015 547 61 694 328
migao 0.0013 274 454 470 586
migao 0.0012 438 25 789 327
wagui 0.0385 -2 20 172 264
wagui 0.0192 -41 64 211 220
wagui 0.0024 153 189 550 475
wagui 0.0019 178 458 364 622
wagui 0.0019 523 0 711 350
wagui 0.0017 15 75 154 210
wagui 0.0015 438 25 789 327
wagui 0.0013 239 140 464 521
wagui 0.0011 148 254 491 423
wagui 0.0010 510 99 731 290
