Kongrou 0.0066 31 -4 101 76
Kongrou 0.0040 114 183 186 225
Kongrou 0.0038 111 127 195 276
Kongrou 0.0034 88 21 196 132
Kongrou 0.0023 53 157 253 245
Kongrou 0.0021 61 -131 253 59
Kongrou 0.0020 21 12 259 169
Kongrou 0.0013 123 171 177 256
Rouzaofun 0.2297 85 21 199 151
Rouzaofun 0.0254 37 33 247 138
Rouzaofun 0.0053 31 -4 101 76
Rouzaofun 0.0035 114 183 186 225
Rouzaofun 0.0030 111 127 195 276
Rouzaofun 0.0022 53 157 253 245
Rouzaofun 0.0018 61 -131 253 59
Rouzaofun 0.0017 183 -5 272 133
Rouzaofun 0.0016 123 171 177 256
Rouzaofun 0.0012 20 66 257 194
Rouzaofun 0.0010 144 7 309 123
Rice_with_Shredded_Chicken 0.0300 40 46 233 173
Rice_with_Shredded_Chicken 0.0048 31 -4 101 76
Rice_with_Shredded_Chicken 0.0039 85 21 199 151
Rice_with_Shredded_Chicken 0.0032 114 183 186 225
Rice_with_Shredded_Chicken 0.0029 111 127 195 276
Rice_with_Shredded_Chicken 0.0024 182 -15 272 124
Rice_with_Shredded_Chicken 0.0021 53 157 253 245
Rice_with_Shredded_Chicken 0.0020 61 -131 253 59
Rice_with_Shredded_Chicken 0.0018 123 171 177 256
Rice_with_Shredded_Chicken 0.0013 144 7 309 123
migao 0.0769 85 21 199 151
migao 0.0139 37 33 247 138
migao 0.0077 31 -4 101 76
migao 0.0052 114 183 186 225
migao 0.0037 111 127 195 276
migao 0.0024 123 171 177 256
migao 0.0023 53 157 253 245
migao 0.0019 56 -104 260 30
migao 0.0014 23 -139 295 64
migao 0.0012 -5 -2 20 31
migao 0.0011 144 7 309 123
wagui 0.0439 40 46 233 173
wagui 0.0121 85 21 199 151
wagui 0.0081 31 -4 101 76
wagui 0.0060 183 -5 272 133
wagui 0.0034 114 183 186 225
wagui 0.0029 111 127 195 276
wagui 0.0026 -5 -2 20 31
wagui 0.0024 144 7 309 123
wagui 0.0023 53 157 253 245
wagui 0.0019 61 -131 253 59
wagui 0.0013 123 171 177 256
