Kongrou 0.0659 372 350 816 917
Kongrou 0.0138 796 -14 990 456
Kongrou 0.0079 744 69 1043 372
Kongrou 0.0069 188 286 968 868
Kongrou 0.0017 -72 -18 572 368
Kongrou 0.0017 816 102 971 338
Kongrou 0.0017 65 -86 438 435
Kongrou 0.0013 69 545 372 858
Kongrou 0.0010 840 42 985 283
Kongrou 0.0010 128 443 312 959
Rouzaofun 0.0606 239 313 924 967
Rouzaofun 0.0243 796 -14 990 456
Rouzaofun 0.0113 65 -86 438 435
Rouzaofun 0.0108 744 69 1043 372
Rouzaofun 0.0078 -72 -18 572 368
Rouzaofun 0.0025 816 102 971 338
Rouzaofun 0.0016 69 545 372 858
Rouzaofun 0.0016 128 443 312 959
Rouzaofun 0.0014 840 42 985 283
Rouzaofun 0.0014 387 295 801 819
Rice_with_Shredded_Chicken 0.0161 242 378 947 885
Rice_with_Shredded_Chicken 0.0150 796 -14 990 456
Rice_with_Shredded_Chicken 0.0085 744 69 1043 372
Rice_with_Shredded_Chicken 0.0039 -72 -18 572 368
Rice_with_Shredded_Chicken 0.0029 65 -86 438 435
Rice_with_Shredded_Chicken 0.0013 816 102 971 338
Rice_with_Shredded_Chicken 0.0013 69 545 372 858
migao 0.1439 239 313 924 967
migao 0.0253 796 -14 990 456
migao 0.0136 744 69 1043 372
migao 0.0129 65 -86 438 435
migao 0.0119 -72 -18 572 368
migao 0.0029 387 295 801 819
migao 0.0018 69 545 372 858
migao 0.0017 816 102 971 338
migao 0.0011 128 443 312 959
migao 0.0010 840 42 985 283
wagui 0.0301 65 -86 438 435
wagui 0.0295 239 313 924 967
wagui 0.0187 796 -14 990 456
wagui 0.0161 -72 -18 572 368
wagui 0.0121 744 69 1043 372
wagui 0.0029 387 295 801 819
wagui 0.0017 816 102 971 338
wagui 0.0015 69 545 372 858
wagui 0.0010 840 42 985 283
wagui 0.0010 128 443 312 959
