Kongrou 0.0126 52 5 210 185
Kongrou 0.0018 60 -112 237 65
Kongrou 0.0010 147 8 186 31
Rouzaofun 0.5478 42 20 217 170
Rouzaofun 0.0062 88 17 181 106
Rouzaofun 0.0029 38 45 151 157
Rouzaofun 0.0025 109 43 164 76
Rouzaofun 0.0016 60 -112 237 65
Rouzaofun 0.0013 147 8 186 31
Rouzaofun 0.0012 8 -59 248 171
Rouzaofun 0.0011 130 182 173 236
Rouzaofun 0.0011 100 31 163 87
Rouzaofun 0.0010 114 33 214 150
Rice_with_Shredded_Chicken 0.1411 42 20 217 170
Rice_with_Shredded_Chicken 0.0021 53 -90 245 43
Rice_with_Shredded_Chicken 0.0019 28 -131 273 81
Rice_with_Shredded_Chicken 0.0012 147 8 186 31
Rice_with_Shredded_Chicken 0.0011 130 182 173 236
Rice_with_Shredded_Chicken 0.0011 110 -45 193 12
Rice_with_Shredded_Chicken 0.0011 109 43 164 76
migao 0.1290 42 20 217 170
migao 0.0021 53 -90 245 43
migao 0.0021 109 43 164 76
migao 0.0015 28 -131 273 81
migao 0.0014 147 8 186 31
migao 0.0014 88 17 181 106
migao 0.0013 130 182 173 236
migao 0.0010 110 -45 193 12
wagui 0.0292 42 20 217 170
wagui 0.0020 28 -131 273 81
wagui 0.0017 147 8 186 31
wagui 0.0016 53 -90 245 43
wagui 0.0011 109 43 164 76
