Kongrou 0.0161 340 50 524 227
Kongrou 0.0068 46 86 241 260
Kongrou 0.0038 294 70 569 184
Kongrou 0.0030 186 186 573 425
Kongrou 0.0030 314 453 436 539
Kongrou 0.0029 155 -7 364 123
Kongrou 0.0019 281 412 467 581
Kongrou 0.0018 270 131 489 438
Kongrou 0.0015 365 85 500 193
Kongrou 0.0014 -24 123 288 246
Kongrou 0.0012 340 56 478 152
Kongrou 0.0011 306 470 397 545
Kongrou 0.0011 173 363 541 614
Rouzaofun 0.1929 276 138 483 471
Rouzaofun 0.1735 52 64 245 312
Rouzaofun 0.1282 186 186 573 425
Rouzaofun 0.0157 340 50 524 227
Rouzaofun 0.0120 -27 89 325 293
Rouzaofun 0.0057 294 70 569 184
Rouzaofun 0.0035 314 453 436 539
Rouzaofun 0.0027 155 -7 364 123
Rouzaofun 0.0026 281 412 467 581
Rouzaofun 0.0022 26 85 239 215
Rouzaofun 0.0019 69 125 218 221
Rouzaofun 0.0017 365 85 500 193
Rouzaofun 0.0015 306 470 397 545
Rouzaofun 0.0014 17 133 224 283
Rouzaofun 0.0012 29 24 570 421
Rouzaofun 0.0012 173 363 541 614
Rouzaofun 0.0010 340 56 478 152
Rice_with_Shredded_Chicken 0.0698 186 186 573 425
Rice_with_Shredded_Chicken 0.0549 276 138 483 471
Rice_with_Shredded_Chicken 0.0339 52 64 245 312
Rice_with_Shredded_Chicken 0.0108 340 50 524 227
Rice_with_Shredded_Chicken 0.0048 -27 89 325 293
Rice_with_Shredded_Chicken 0.0044 289 82 575 195
Rice_with_Shredded_Chicken 0.0033 314 453 436 539
Rice_with_Shredded_Chicken 0.0023 281 412 467 581
Rice_with_Shredded_Chicken 0.0020 155 -7 364 123
Rice_with_Shredded_Chicken 0.0016 306 470 397 545
Rice_with_Shredded_Chicken 0.0011 173 363 541 614
migao 0.0505 186 186 573 425
migao 0.0464 52 64 245 312
migao 0.0378 276 138 483 471
migao 0.0182 340 50 524 227
migao 0.0060 289 82 575 195
migao 0.0057 -5 123 293 246
migao 0.0040 -59 83 316 298
migao 0.0033 314 453 436 539
migao 0.0027 155 -7 364 123
migao 0.0020 270 395 435 589
migao 0.0014 306 470 397 545
migao 0.0012 69 125 218 221
migao 0.0011 173 363 541 614
migao 0.0011 26 85 239 215
migao 0.0011 365 85 500 193
wagui 0.0167 340 50 524 227
wagui 0.0082 186 186 573 425
wagui 0.0072 49 95 238 274
wagui 0.0056 184 -20 349 169
wagui 0.0051 289 82 575 195
wagui 0.0035 314 453 436 539
wagui 0.0032 -5 123 293 246
wagui 0.0027 276 138 483 471
wagui 0.0022 281 412 467 581
wagui 0.0017 173 16 346 100
wagui 0.0016 306 470 397 545
wagui 0.0015 -27 62 324 274
wagui 0.0010 365 85 500 193
