Kongrou 0.0193 306 335 416 432
Kongrou 0.0185 492 292 599 382
Kongrou 0.0172 175 113 270 193
Kongrou 0.0167 397 336 509 431
Kongrou 0.0165 327 188 425 271
Kongrou 0.0164 121 263 231 350
Kongrou 0.0157 599 232 707 320
Kongrou 0.0154 375 247 469 336
Kongrou 0.0153 243 56 326 126
Kongrou 0.0151 422 104 515 171
Kongrou 0.0147 420 173 516 256
Kongrou 0.0145 441 436 556 547
Kongrou 0.0143 237 273 330 371
Kongrou 0.0142 535 392 647 498
Kongrou 0.0138 145 348 269 450
Kongrou 0.0135 211 418 325 534
Kongrou 0.0134 320 425 432 526
Kongrou 0.0133 319 26 403 95
Kongrou 0.0130 253 132 346 204
Kongrou 0.0120 583 306 692 399
Kongrou 0.0120 513 222 609 299
Kongrou 0.0118 470 40 560 112
Kongrou 0.0115 397 27 479 94
Kongrou 0.0112 331 99 422 175
Kongrou 0.0112 216 186 320 273
Kongrou 0.0112 353 91 431 153
Kongrou 0.0102 548 88 636 156
Kongrou 0.0093 500 125 591 211
Kongrou 0.0087 123 192 229 267
Kongrou 0.0070 593 143 682 224
Kongrou 0.0044 269 119 360 187
Kongrou 0.0042 662 462 766 582
Kongrou 0.0034 299 37 392 114
Kongrou 0.0034 275 290 448 478
Kongrou 0.0028 417 403 584 581
Kongrou 0.0028 458 243 635 433
Kongrou 0.0028 369 284 539 485
Kongrou 0.0026 405 115 502 190
Kongrou 0.0025 510 351 675 540
Kongrou 0.0025 193 385 346 568
Kongrou 0.0024 568 177 741 375
Kongrou 0.0024 285 129 470 331
Kongrou 0.0024 452 -226 965 330
Kongrou 0.0023 457 29 542 92
Kongrou 0.0022 85 210 270 403
Kongrou 0.0022 339 193 508 390
Kongrou 0.0021 292 379 463 574
Kongrou 0.0020 202 226 368 419
Kongrou 0.0019 366 40 573 235
Kongrou 0.0019 127 56 319 250
Kongrou 0.0019 378 118 561 311
Kongrou 0.0019 189 -6 381 190
Kongrou 0.0018 106 308 279 490
Kongrou 0.0017 549 257 729 450
Kongrou 0.0015 435 606 626 716
Kongrou 0.0014 524 96 629 178
Kongrou 0.0014 203 66 398 271
Kongrou 0.0013 116 212 206 277
Kongrou 0.0013 464 161 660 361
Kongrou 0.0013 302 316 419 390
Kongrou 0.0012 378 41 467 110
Kongrou 0.0012 267 -36 456 158
Kongrou 0.0012 178 135 361 325
Kongrou 0.0012 421 -23 610 176
Kongrou 0.0011 668 437 792 546
Kongrou 0.0011 344 -36 534 159
Kongrou 0.0010 205 404 331 487
Kongrou 0.0010 278 33 476 243
Kongrou 0.0010 526 76 626 137
Kongrou 0.0010 216 67 321 145
Rouzaofun 0.0636 492 292 599 382
Rouzaofun 0.0631 306 335 416 432
Rouzaofun 0.0597 237 273 330 371
Rouzaofun 0.0596 535 392 647 498
Rouzaofun 0.0592 599 232 707 320
Rouzaofun 0.0573 441 436 556 547
Rouzaofun 0.0562 397 336 509 431
Rouzaofun 0.0562 243 56 326 126
Rouzaofun 0.0555 121 263 231 350
Rouzaofun 0.0553 253 132 346 204
Rouzaofun 0.0547 175 113 270 193
Rouzaofun 0.0547 375 247 469 336
Rouzaofun 0.0541 327 188 425 271
Rouzaofun 0.0528 422 104 515 171
Rouzaofun 0.0511 420 173 516 256
Rouzaofun 0.0509 211 418 325 534
Rouzaofun 0.0502 397 27 479 94
Rouzaofun 0.0492 320 425 432 526
Rouzaofun 0.0491 583 306 692 399
Rouzaofun 0.0487 130 348 253 450
Rouzaofun 0.0482 319 26 403 95
Rouzaofun 0.0473 513 222 609 299
Rouzaofun 0.0467 331 99 422 175
Rouzaofun 0.0454 470 40 560 112
Rouzaofun 0.0433 216 186 320 273
Rouzaofun 0.0422 548 88 636 156
Rouzaofun 0.0421 353 91 431 153
Rouzaofun 0.0421 123 192 229 267
Rouzaofun 0.0379 592 159 684 238
Rouzaofun 0.0363 500 125 591 211
Rouzaofun 0.0140 269 119 360 187
Rouzaofun 0.0132 662 462 766 582
Rouzaofun 0.0117 417 403 584 581
Rouzaofun 0.0116 275 290 448 478
Rouzaofun 0.0115 299 37 392 114
Rouzaofun 0.0114 510 351 675 540
Rouzaofun 0.0114 458 243 635 433
Rouzaofun 0.0109 568 177 741 375
Rouzaofun 0.0100 369 284 539 485
Rouzaofun 0.0099 202 226 368 419
Rouzaofun 0.0096 285 129 470 331
Rouzaofun 0.0094 366 40 573 235
Rouzaofun 0.0094 292 379 463 574
Rouzaofun 0.0091 189 -6 381 190
Rouzaofun 0.0089 193 385 346 568
Rouzaofun 0.0088 405 115 502 190
Rouzaofun 0.0086 85 210 270 403
Rouzaofun 0.0086 339 193 508 390
Rouzaofun 0.0083 378 118 561 311
Rouzaofun 0.0081 127 56 319 250
Rouzaofun 0.0081 549 257 729 450
Rouzaofun 0.0072 203 66 398 271
Rouzaofun 0.0072 106 308 279 490
Rouzaofun 0.0071 344 -36 534 159
Rouzaofun 0.0067 464 161 660 361
Rouzaofun 0.0065 267 -36 456 158
Rouzaofun 0.0062 421 -23 610 176
Rouzaofun 0.0056 457 29 542 92
Rouzaofun 0.0056 178 135 361 325
Rouzaofun 0.0055 524 96 629 178
Rouzaofun 0.0053 71 135 284 326
Rouzaofun 0.0052 292 23 493 222
Rouzaofun 0.0048 499 24 685 221
Rouzaofun 0.0047 116 212 206 277
Rouzaofun 0.0047 378 41 467 110
Rouzaofun 0.0039 455 70 638 267
Rouzaofun 0.0036 545 103 732 296
Rouzaofun 0.0026 302 316 419 390
Rouzaofun 0.0025 216 67 321 145
Rouzaofun 0.0025 216 225 321 295
Rouzaofun 0.0024 668 437 792 546
Rouzaofun 0.0023 452 -226 965 330
Rouzaofun 0.0023 205 404 331 487
Rouzaofun 0.0022 644 420 788 625
Rouzaofun 0.0021 526 76 626 137
Rouzaofun 0.0020 435 606 626 716
Rouzaofun 0.0020 123 157 229 241
Rouzaofun 0.0019 125 242 227 310
Rouzaofun 0.0017 323 161 429 237
Rouzaofun 0.0016 289 133 372 203
Rouzaofun 0.0015 462 68 567 144
Rouzaofun 0.0015 419 212 518 277
Rouzaofun 0.0014 292 89 369 155
Rouzaofun 0.0014 397 556 661 767
Rouzaofun 0.0014 288 229 373 292
Rouzaofun 0.0013 528 373 654 456
Rouzaofun 0.0012 497 333 594 403
Rouzaofun 0.0012 397 85 510 158
Rouzaofun 0.0012 510 188 610 272
Rouzaofun 0.0012 407 38 500 113
Rouzaofun 0.0012 318 274 405 340
Rouzaofun 0.0011 444 271 525 342
Rouzaofun 0.0011 387 58 488 124
Rouzaofun 0.0011 -119 247 426 839
Rouzaofun 0.0011 383 151 463 215
Rice_with_Shredded_Chicken 0.0995 237 273 330 371
Rice_with_Shredded_Chicken 0.0975 306 335 416 432
Rice_with_Shredded_Chicken 0.0947 375 247 469 336
Rice_with_Shredded_Chicken 0.0928 599 232 707 320
Rice_with_Shredded_Chicken 0.0917 492 292 599 382
Rice_with_Shredded_Chicken 0.0896 121 263 231 350
Rice_with_Shredded_Chicken 0.0874 535 392 647 498
Rice_with_Shredded_Chicken 0.0843 327 188 425 271
Rice_with_Shredded_Chicken 0.0831 513 222 609 299
Rice_with_Shredded_Chicken 0.0816 441 436 556 547
Rice_with_Shredded_Chicken 0.0810 422 185 515 273
Rice_with_Shredded_Chicken 0.0769 397 336 509 431
Rice_with_Shredded_Chicken 0.0734 175 113 270 193
Rice_with_Shredded_Chicken 0.0727 422 104 515 171
Rice_with_Shredded_Chicken 0.0661 216 186 320 273
Rice_with_Shredded_Chicken 0.0645 583 306 692 399
Rice_with_Shredded_Chicken 0.0639 243 56 326 126
Rice_with_Shredded_Chicken 0.0622 253 132 346 204
Rice_with_Shredded_Chicken 0.0604 211 418 325 534
Rice_with_Shredded_Chicken 0.0591 320 425 432 526
Rice_with_Shredded_Chicken 0.0580 397 27 479 94
Rice_with_Shredded_Chicken 0.0577 130 348 253 450
Rice_with_Shredded_Chicken 0.0568 319 26 403 95
Rice_with_Shredded_Chicken 0.0547 348 100 435 174
Rice_with_Shredded_Chicken 0.0528 548 88 636 156
Rice_with_Shredded_Chicken 0.0517 123 192 229 267
Rice_with_Shredded_Chicken 0.0511 592 159 684 238
Rice_with_Shredded_Chicken 0.0506 500 125 591 211
Rice_with_Shredded_Chicken 0.0412 470 40 560 112
Rice_with_Shredded_Chicken 0.0388 334 87 419 156
Rice_with_Shredded_Chicken 0.0187 662 462 766 582
Rice_with_Shredded_Chicken 0.0141 269 119 360 187
Rice_with_Shredded_Chicken 0.0103 275 290 448 478
Rice_with_Shredded_Chicken 0.0102 417 403 584 581
Rice_with_Shredded_Chicken 0.0098 510 351 675 540
Rice_with_Shredded_Chicken 0.0095 568 177 741 375
Rice_with_Shredded_Chicken 0.0092 299 37 392 114
Rice_with_Shredded_Chicken 0.0089 458 243 635 433
Rice_with_Shredded_Chicken 0.0084 369 284 539 485
Rice_with_Shredded_Chicken 0.0082 285 129 470 331
Rice_with_Shredded_Chicken 0.0078 193 385 346 568
Rice_with_Shredded_Chicken 0.0078 202 226 368 419
Rice_with_Shredded_Chicken 0.0076 405 115 502 190
Rice_with_Shredded_Chicken 0.0075 85 210 270 403
Rice_with_Shredded_Chicken 0.0073 292 379 463 574
Rice_with_Shredded_Chicken 0.0072 339 193 508 390
Rice_with_Shredded_Chicken 0.0069 366 40 573 235
Rice_with_Shredded_Chicken 0.0066 378 118 561 311
Rice_with_Shredded_Chicken 0.0064 549 257 729 450
Rice_with_Shredded_Chicken 0.0060 106 308 279 490
Rice_with_Shredded_Chicken 0.0059 127 56 319 250
Rice_with_Shredded_Chicken 0.0059 524 96 629 178
Rice_with_Shredded_Chicken 0.0058 189 -6 381 190
Rice_with_Shredded_Chicken 0.0055 464 161 660 361
Rice_with_Shredded_Chicken 0.0053 203 66 398 271
Rice_with_Shredded_Chicken 0.0043 178 135 361 325
Rice_with_Shredded_Chicken 0.0043 344 -36 534 159
Rice_with_Shredded_Chicken 0.0042 457 29 542 92
Rice_with_Shredded_Chicken 0.0041 267 -36 456 158
Rice_with_Shredded_Chicken 0.0040 116 212 206 277
Rice_with_Shredded_Chicken 0.0038 278 33 476 243
Rice_with_Shredded_Chicken 0.0035 421 -23 610 176
Rice_with_Shredded_Chicken 0.0035 71 135 284 326
Rice_with_Shredded_Chicken 0.0035 378 41 467 110
Rice_with_Shredded_Chicken 0.0031 499 24 685 221
Rice_with_Shredded_Chicken 0.0030 668 437 792 546
Rice_with_Shredded_Chicken 0.0029 455 70 638 267
Rice_with_Shredded_Chicken 0.0028 302 316 419 390
Rice_with_Shredded_Chicken 0.0025 216 225 321 295
Rice_with_Shredded_Chicken 0.0024 545 103 732 296
Rice_with_Shredded_Chicken 0.0023 452 -226 965 330
Rice_with_Shredded_Chicken 0.0022 205 404 331 487
Rice_with_Shredded_Chicken 0.0021 644 420 788 625
Rice_with_Shredded_Chicken 0.0020 123 157 229 241
Rice_with_Shredded_Chicken 0.0020 526 76 626 137
Rice_with_Shredded_Chicken 0.0019 216 67 321 145
Rice_with_Shredded_Chicken 0.0019 418 160 518 238
Rice_with_Shredded_Chicken 0.0018 125 242 227 310
Rice_with_Shredded_Chicken 0.0016 435 606 626 716
Rice_with_Shredded_Chicken 0.0016 323 161 429 237
Rice_with_Shredded_Chicken 0.0015 325 116 427 188
Rice_with_Shredded_Chicken 0.0014 288 229 373 292
Rice_with_Shredded_Chicken 0.0014 528 373 654 456
Rice_with_Shredded_Chicken 0.0014 292 89 369 155
Rice_with_Shredded_Chicken 0.0014 318 274 405 340
Rice_with_Shredded_Chicken 0.0013 462 68 567 144
Rice_with_Shredded_Chicken 0.0012 289 133 372 203
Rice_with_Shredded_Chicken 0.0012 510 188 610 272
Rice_with_Shredded_Chicken 0.0012 497 333 594 403
Rice_with_Shredded_Chicken 0.0012 383 151 463 215
Rice_with_Shredded_Chicken 0.0011 444 271 525 342
Rice_with_Shredded_Chicken 0.0011 387 58 488 124
Rice_with_Shredded_Chicken 0.0011 397 556 661 767
Rice_with_Shredded_Chicken 0.0010 407 38 500 113
Rice_with_Shredded_Chicken 0.0010 397 85 510 158
migao 0.1750 237 273 330 371
migao 0.1663 306 335 416 432
migao 0.1614 492 292 599 382
migao 0.1603 243 56 326 126
migao 0.1565 375 247 469 336
migao 0.1556 599 232 707 320
migao 0.1478 397 27 479 94
migao 0.1440 327 188 425 271
migao 0.1434 422 104 515 171
migao 0.1403 121 263 231 350
migao 0.1402 175 113 270 193
migao 0.1386 420 173 516 256
migao 0.1385 535 392 647 498
migao 0.1335 513 222 609 299
migao 0.1303 441 436 556 547
migao 0.1292 319 26 403 95
migao 0.1246 397 336 509 431
migao 0.1229 253 132 346 204
migao 0.1160 583 306 692 399
migao 0.1137 145 348 269 450
migao 0.1134 348 100 435 174
migao 0.1124 548 88 636 156
migao 0.1112 211 418 325 534
migao 0.1094 470 40 560 112
migao 0.1051 216 186 320 273
migao 0.1006 320 425 432 526
migao 0.0991 123 192 229 267
migao 0.0990 592 159 684 238
migao 0.0941 500 125 591 211
migao 0.0778 334 87 419 156
migao 0.0283 269 119 360 187
migao 0.0241 662 447 766 567
migao 0.0182 299 37 392 114
migao 0.0126 405 115 502 190
migao 0.0093 457 29 542 92
migao 0.0093 524 96 629 178
migao 0.0080 417 403 584 581
migao 0.0076 275 290 448 478
migao 0.0073 193 385 346 568
migao 0.0070 116 212 206 277
migao 0.0069 510 351 675 540
migao 0.0069 458 243 635 433
migao 0.0068 378 41 467 110
migao 0.0067 369 284 539 485
migao 0.0062 568 177 741 375
migao 0.0058 292 379 463 574
migao 0.0058 285 129 470 331
migao 0.0055 189 -6 381 190
migao 0.0055 202 226 368 419
migao 0.0053 339 193 508 390
migao 0.0053 85 210 270 403
migao 0.0052 366 40 573 235
migao 0.0050 106 308 279 490
migao 0.0048 127 56 319 250
migao 0.0047 378 118 561 311
migao 0.0046 549 257 729 450
migao 0.0039 216 225 321 295
migao 0.0039 302 316 419 390
migao 0.0038 203 66 398 271
migao 0.0037 344 -36 534 159
migao 0.0036 421 -23 610 176
migao 0.0036 267 -36 456 158
migao 0.0035 216 67 321 145
migao 0.0035 464 161 660 361
migao 0.0034 205 404 331 487
migao 0.0032 526 76 626 137
migao 0.0031 178 135 361 325
migao 0.0030 123 157 229 241
migao 0.0028 278 33 476 243
migao 0.0027 419 212 518 277
migao 0.0026 125 242 227 310
migao 0.0025 325 116 427 188
migao 0.0024 71 135 284 326
migao 0.0023 323 161 429 237
migao 0.0022 499 24 685 221
migao 0.0022 289 133 372 203
migao 0.0021 462 68 567 144
migao 0.0020 292 89 369 155
migao 0.0020 455 70 638 267
migao 0.0020 288 229 373 292
migao 0.0019 497 333 594 403
migao 0.0018 435 606 626 716
migao 0.0018 452 -226 965 330
migao 0.0018 528 373 654 456
migao 0.0017 387 58 488 124
migao 0.0017 510 188 610 272
migao 0.0017 407 38 500 113
migao 0.0017 318 274 405 340
migao 0.0016 383 151 463 215
migao 0.0016 644 420 788 625
migao 0.0016 444 271 525 342
migao 0.0016 397 85 510 158
migao 0.0015 545 103 732 296
migao 0.0014 344 72 439 142
migao 0.0013 375 289 470 354
migao 0.0013 586 129 688 207
migao 0.0011 585 341 691 425
migao 0.0011 195 208 282 282
migao 0.0011 150 328 264 409
migao 0.0011 426 422 541 499
wagui 0.4063 237 273 330 371
wagui 0.3885 375 247 469 336
wagui 0.3740 422 104 515 171
wagui 0.3718 243 56 326 126
wagui 0.3679 121 263 231 350
wagui 0.3637 599 232 707 320
wagui 0.3502 492 292 599 382
wagui 0.3446 306 335 416 432
wagui 0.3421 420 173 516 256
wagui 0.3371 397 27 479 94
wagui 0.3286 319 26 403 95
wagui 0.3269 175 113 270 193
wagui 0.3232 327 188 425 271
wagui 0.3191 397 336 509 431
wagui 0.3184 513 222 609 299
wagui 0.2954 441 436 556 547
wagui 0.2939 253 132 346 204
wagui 0.2930 353 91 431 153
wagui 0.2865 583 306 692 399
wagui 0.2688 548 88 636 156
wagui 0.2620 535 392 647 498
wagui 0.2576 216 186 320 273
wagui 0.2571 130 348 253 450
wagui 0.2496 470 40 560 112
wagui 0.2425 211 418 325 534
wagui 0.2354 331 99 422 175
wagui 0.2323 320 425 432 526
wagui 0.2227 123 192 229 267
wagui 0.2087 500 125 591 211
wagui 0.1982 592 159 684 238
wagui 0.0781 269 119 360 187
wagui 0.0654 662 447 766 567
wagui 0.0366 299 37 392 114
wagui 0.0293 405 115 502 190
wagui 0.0218 457 29 542 92
wagui 0.0196 524 96 629 178
wagui 0.0150 417 403 584 581
wagui 0.0146 116 212 206 277
wagui 0.0145 275 290 448 478
wagui 0.0137 378 41 467 110
wagui 0.0133 369 284 539 485
wagui 0.0124 458 243 635 433
wagui 0.0121 302 316 419 390
wagui 0.0120 193 385 346 568
wagui 0.0119 568 177 741 375
wagui 0.0114 510 351 675 540
wagui 0.0113 285 129 470 331
wagui 0.0111 202 226 368 419
wagui 0.0111 339 193 508 390
wagui 0.0110 85 210 270 403
wagui 0.0108 366 40 573 235
wagui 0.0102 205 404 331 487
wagui 0.0102 378 118 561 311
wagui 0.0098 292 379 463 574
wagui 0.0096 526 76 626 137
wagui 0.0096 189 -6 381 190
wagui 0.0089 106 308 279 490
wagui 0.0089 127 56 319 250
wagui 0.0086 216 225 321 295
wagui 0.0083 549 257 729 450
wagui 0.0082 123 157 229 241
wagui 0.0079 216 67 321 145
wagui 0.0078 125 242 227 310
wagui 0.0074 464 161 660 361
wagui 0.0071 203 66 398 271
wagui 0.0068 267 -36 456 158
wagui 0.0068 419 212 518 277
wagui 0.0065 344 -36 534 159
wagui 0.0064 323 161 429 237
wagui 0.0062 178 135 361 325
wagui 0.0060 289 133 372 203
wagui 0.0056 421 -23 610 176
wagui 0.0053 292 23 493 222
wagui 0.0049 528 373 654 456
wagui 0.0045 497 333 594 403
wagui 0.0044 510 188 610 272
wagui 0.0043 71 135 284 326
wagui 0.0043 462 68 567 144
wagui 0.0043 499 24 685 221
wagui 0.0042 397 85 510 158
wagui 0.0041 292 89 369 155
wagui 0.0040 288 229 373 292
wagui 0.0038 387 58 488 124
wagui 0.0038 455 70 638 267
wagui 0.0038 407 38 500 113
wagui 0.0037 318 274 405 340
wagui 0.0035 150 328 264 409
wagui 0.0035 644 420 788 625
wagui 0.0035 383 151 463 215
wagui 0.0034 375 289 470 354
wagui 0.0031 426 422 541 499
wagui 0.0031 586 129 688 207
wagui 0.0030 722 263 800 350
wagui 0.0030 170 85 275 159
wagui 0.0028 585 341 691 425
wagui 0.0028 444 271 525 342
wagui 0.0027 213 38 324 114
wagui 0.0027 349 416 465 536
wagui 0.0026 399 376 507 452
wagui 0.0026 195 208 282 282
