Kongrou 0.0325 -3 145 213 539
Kongrou 0.0113 -52 222 263 463
Kongrou 0.0068 347 122 686 594
Kongrou 0.0031 15 211 194 435
Kongrou 0.0021 214 -478 932 213
Kongrou 0.0016 505 -43 707 227
Kongrou 0.0014 45 -240 1108 444
Kongrou 0.0013 309 -245 828 456
Kongrou 0.0012 683 319 833 710
Kongrou 0.0011 199 235 838 623
Rouzaofun 0.0908 99 -40 475 209
Rouzaofun 0.0590 -3 145 213 539
Rouzaofun 0.0169 -52 222 263 463
Rouzaofun 0.0047 -50 -85 623 253
Rouzaofun 0.0046 15 211 194 435
Rouzaofun 0.0038 230 205 806 579
Rouzaofun 0.0029 683 319 833 710
Rouzaofun 0.0026 347 141 689 642
Rouzaofun 0.0018 214 -478 932 213
Rouzaofun 0.0018 45 -240 1108 444
Rouzaofun 0.0015 309 -245 828 456
Rouzaofun 0.0014 505 -43 707 227
Rouzaofun 0.0011 736 350 974 679
Rouzaofun 0.0011 580 32 1053 307
Rouzaofun 0.0011 568 682 758 850
Rice_with_Shredded_Chicken 0.0551 102 -58 475 292
Rice_with_Shredded_Chicken 0.0539 347 141 689 642
Rice_with_Shredded_Chicken 0.0413 -3 145 213 539
Rice_with_Shredded_Chicken 0.0146 -52 222 263 463
Rice_with_Shredded_Chicken 0.0139 230 205 806 579
Rice_with_Shredded_Chicken 0.0035 -50 -85 623 253
Rice_with_Shredded_Chicken 0.0029 15 211 194 435
Rice_with_Shredded_Chicken 0.0023 184 -384 966 120
Rice_with_Shredded_Chicken 0.0018 683 319 833 710
Rice_with_Shredded_Chicken 0.0015 505 -43 707 227
Rice_with_Shredded_Chicken 0.0014 309 -245 828 456
migao 0.0634 -3 145 213 539
migao 0.0238 -52 222 263 463
migao 0.0165 347 141 689 642
migao 0.0112 99 -40 475 209
migao 0.0091 230 205 806 579
migao 0.0032 15 211 194 435
migao 0.0024 683 319 833 710
migao 0.0023 184 -384 966 120
migao 0.0019 505 -43 707 227
migao 0.0012 309 -245 828 456
migao 0.0012 45 -240 1108 444
migao 0.0011 568 682 758 850
migao 0.0010 -50 -85 623 253
migao 0.0010 580 32 1053 307
wagui 0.2382 347 141 689 642
wagui 0.0682 -3 145 213 539
wagui 0.0392 230 205 806 579
wagui 0.0291 102 -58 475 292
wagui 0.0223 -52 222 263 463
wagui 0.0037 15 211 194 435
wagui 0.0024 505 -43 707 227
wagui 0.0019 80 -493 1088 213
wagui 0.0017 -50 -85 623 253
wagui 0.0015 689 -67 968 386
wagui 0.0014 683 319 833 710
wagui 0.0012 45 -240 1108 444
wagui 0.0011 584 717 743 853
wagui 0.0011 309 -245 828 456
wagui 0.0010 418 -105 775 273
