Kongrou 0.0354 470 242 799 549
Kongrou 0.0304 76 190 409 461
Kongrou 0.0233 193 381 523 641
Kongrou 0.0181 277 42 527 196
Kongrou 0.0141 798 214 1116 484
Kongrou 0.0141 543 94 769 280
Kongrou 0.0106 478 -4 697 102
Kongrou 0.0063 -7 317 77 427
Kongrou 0.0033 492 296 726 495
Kongrou 0.0022 711 74 1066 346
Kongrou 0.0020 576 308 783 530
Kongrou 0.0020 -4 205 120 307
Kongrou 0.0019 486 510 854 1081
Kongrou 0.0019 229 -9 439 59
Kongrou 0.0017 762 115 1012 306
Kongrou 0.0017 83 258 306 440
Kongrou 0.0017 493 727 818 892
Kongrou 0.0014 74 29 180 113
Kongrou 0.0014 776 286 1044 457
Kongrou 0.0014 694 -5 897 56
Kongrou 0.0012 192 607 1147 987
Kongrou 0.0012 500 -491 936 57
Kongrou 0.0012 449 -76 728 175
Kongrou 0.0011 -30 332 53 457
Kongrou 0.0011 363 646 696 882
Kongrou 0.0010 531 -327 877 -89
Kongrou 0.0010 830 316 1469 1050
Kongrou 0.0010 -368 -486 471 174
Rouzaofun 0.1136 476 266 793 570
Rouzaofun 0.1012 76 190 409 461
Rouzaofun 0.0843 543 94 769 280
Rouzaofun 0.0825 193 381 523 641
Rouzaofun 0.0702 277 42 527 196
Rouzaofun 0.0442 798 214 1116 484
Rouzaofun 0.0403 478 -4 697 102
Rouzaofun 0.0140 -7 317 77 427
Rouzaofun 0.0088 576 308 783 530
Rouzaofun 0.0082 229 -9 439 59
Rouzaofun 0.0060 492 296 726 495
Rouzaofun 0.0054 711 74 1066 346
Rouzaofun 0.0054 762 115 1012 306
Rouzaofun 0.0050 694 -5 897 56
Rouzaofun 0.0048 83 258 306 440
Rouzaofun 0.0039 776 286 1044 457
Rouzaofun 0.0037 449 -76 728 175
Rouzaofun 0.0034 -4 205 120 307
Rouzaofun 0.0029 74 29 180 113
Rouzaofun 0.0026 184 224 390 430
Rouzaofun 0.0024 -101 200 172 545
Rouzaofun 0.0023 -30 332 53 457
Rouzaofun 0.0021 779 47 1042 143
Rouzaofun 0.0016 41 94 167 186
Rouzaofun 0.0016 -18 226 88 332
Rouzaofun 0.0015 493 727 818 892
Rouzaofun 0.0015 486 510 854 1081
Rouzaofun 0.0013 198 479 469 633
Rouzaofun 0.0012 192 607 1147 987
Rouzaofun 0.0012 531 -327 877 -89
Rouzaofun 0.0011 282 -14 570 252
Rouzaofun 0.0011 911 248 1094 451
Rouzaofun 0.0010 -368 -486 471 174
Rouzaofun 0.0010 500 -491 936 57
Rouzaofun 0.0010 564 73 793 209
Rouzaofun 0.0010 66 -92 1135 730
Rice_with_Shredded_Chicken 0.1271 543 94 769 280
Rice_with_Shredded_Chicken 0.1122 476 266 793 570
Rice_with_Shredded_Chicken 0.1053 76 190 409 461
Rice_with_Shredded_Chicken 0.0897 277 42 527 196
Rice_with_Shredded_Chicken 0.0834 193 381 523 641
Rice_with_Shredded_Chicken 0.0691 478 -4 697 102
Rice_with_Shredded_Chicken 0.0347 798 214 1116 484
Rice_with_Shredded_Chicken 0.0197 -7 317 77 427
Rice_with_Shredded_Chicken 0.0143 229 -9 439 59
Rice_with_Shredded_Chicken 0.0088 694 -5 897 56
Rice_with_Shredded_Chicken 0.0049 711 74 1066 346
Rice_with_Shredded_Chicken 0.0042 492 296 726 495
Rice_with_Shredded_Chicken 0.0042 762 115 1012 306
Rice_with_Shredded_Chicken 0.0041 -4 205 120 307
Rice_with_Shredded_Chicken 0.0039 449 -76 728 175
Rice_with_Shredded_Chicken 0.0037 576 308 783 530
Rice_with_Shredded_Chicken 0.0033 74 29 180 113
Rice_with_Shredded_Chicken 0.0031 779 47 1042 143
Rice_with_Shredded_Chicken 0.0031 83 258 306 440
Rice_with_Shredded_Chicken 0.0025 776 286 1044 457
Rice_with_Shredded_Chicken 0.0024 -30 332 53 457
Rice_with_Shredded_Chicken 0.0019 41 94 167 186
Rice_with_Shredded_Chicken 0.0018 -101 200 172 545
Rice_with_Shredded_Chicken 0.0018 -18 226 88 332
Rice_with_Shredded_Chicken 0.0014 486 510 854 1081
Rice_with_Shredded_Chicken 0.0011 184 224 390 430
Rice_with_Shredded_Chicken 0.0011 531 -327 877 -89
Rice_with_Shredded_Chicken 0.0011 493 727 818 892
Rice_with_Shredded_Chicken 0.0011 192 607 1147 987
Rice_with_Shredded_Chicken 0.0011 684 10 862 85
Rice_with_Shredded_Chicken 0.0011 20 -769 1382 259
Rice_with_Shredded_Chicken 0.0010 217 -578 1167 88
Rice_with_Shredded_Chicken 0.0010 500 -491 936 57
migao 0.1651 543 94 769 280
migao 0.1286 476 266 793 570
migao 0.1203 277 42 527 196
migao 0.1030 76 190 409 461
migao 0.0862 478 -4 697 102
migao 0.0773 193 381 523 641
migao 0.0395 798 214 1116 484
migao 0.0252 -7 317 77 427
migao 0.0164 229 -9 439 59
migao 0.0096 694 -5 897 56
migao 0.0059 576 308 783 530
migao 0.0052 762 115 1012 306
migao 0.0052 492 296 726 495
migao 0.0048 711 74 1066 346
migao 0.0047 83 258 306 440
migao 0.0045 74 29 180 113
migao 0.0045 -4 205 120 307
migao 0.0037 776 286 1044 457
migao 0.0036 779 47 1042 143
migao 0.0029 -30 332 53 457
migao 0.0026 41 94 167 186
migao 0.0022 493 727 818 892
migao 0.0020 -18 226 88 332
migao 0.0020 449 -76 728 175
migao 0.0019 486 510 854 1081
migao 0.0017 184 224 390 430
migao 0.0013 -101 200 172 545
migao 0.0013 192 607 1147 987
migao 0.0013 684 10 862 85
migao 0.0012 531 -327 877 -89
migao 0.0011 500 -491 936 57
migao 0.0011 198 479 469 633
migao 0.0010 217 -578 1167 88
wagui 0.2292 277 42 527 196
wagui 0.2078 543 94 769 280
wagui 0.1894 478 -4 697 102
wagui 0.1690 76 190 409 461
wagui 0.1412 476 266 793 570
wagui 0.1202 193 381 523 641
wagui 0.0552 -7 317 77 427
wagui 0.0476 798 214 1116 484
wagui 0.0453 229 -9 439 59
wagui 0.0285 694 -5 897 56
wagui 0.0116 779 47 1042 143
wagui 0.0106 -4 205 120 307
wagui 0.0105 762 115 1012 306
wagui 0.0097 711 74 1066 346
wagui 0.0090 74 29 180 113
wagui 0.0087 83 258 306 440
wagui 0.0081 492 296 726 495
wagui 0.0072 576 308 783 530
wagui 0.0068 -30 332 53 457
wagui 0.0063 776 286 1044 457
wagui 0.0056 41 94 167 186
wagui 0.0046 449 -76 728 175
wagui 0.0044 -18 226 88 332
wagui 0.0035 684 10 862 85
wagui 0.0027 184 224 390 430
wagui 0.0025 -101 200 172 545
wagui 0.0019 564 73 793 209
wagui 0.0018 254 4 460 91
wagui 0.0016 198 479 469 633
wagui 0.0015 100 202 382 357
wagui 0.0014 911 248 1094 451
wagui 0.0013 486 510 854 1081
wagui 0.0012 919 12 1340 578
wagui 0.0012 20 -769 1382 259
wagui 0.0012 493 727 818 892
wagui 0.0011 777 98 999 229
wagui 0.0011 192 607 1147 987
wagui 0.0011 363 646 696 882
