Kongrou 0.1719 13 -4 495 420
Kongrou 0.0051 487 67 604 343
Kongrou 0.0044 5 -33 246 93
Kongrou 0.0037 308 -28 539 89
Kongrou 0.0024 184 46 483 374
Kongrou 0.0019 104 176 583 679
Kongrou 0.0017 179 370 347 478
Kongrou 0.0013 250 379 452 511
Kongrou 0.0012 244 287 470 594
Kongrou 0.0012 -77 -72 325 132
Rouzaofun 0.0220 67 13 431 394
Rouzaofun 0.0080 489 75 602 357
Rouzaofun 0.0020 8 -23 257 89
Rouzaofun 0.0014 435 111 610 300
Rouzaofun 0.0013 250 379 452 511
Rouzaofun 0.0013 101 211 594 643
Rouzaofun 0.0012 150 326 559 551
Rouzaofun 0.0012 309 -17 539 118
Rouzaofun 0.0011 -12 36 47 328
Rouzaofun 0.0010 -3 94 37 270
Rouzaofun 0.0010 166 56 547 369
Rouzaofun 0.0010 -77 -72 325 132
Rouzaofun 0.0010 244 287 470 594
Rice_with_Shredded_Chicken 0.0295 13 -4 495 420
Rice_with_Shredded_Chicken 0.0126 309 -17 539 118
Rice_with_Shredded_Chicken 0.0077 5 -33 246 93
Rice_with_Shredded_Chicken 0.0052 475 67 593 343
Rice_with_Shredded_Chicken 0.0020 -77 -72 325 132
Rice_with_Shredded_Chicken 0.0017 101 211 594 643
Rice_with_Shredded_Chicken 0.0013 250 379 452 511
migao 0.0917 13 -4 495 420
migao 0.0081 475 67 593 343
migao 0.0049 5 -33 246 93
migao 0.0035 308 -28 539 89
migao 0.0016 250 379 452 511
migao 0.0016 104 176 583 679
migao 0.0015 -77 -72 325 132
migao 0.0014 431 101 614 286
migao 0.0013 166 56 547 369
migao 0.0013 244 287 470 594
migao 0.0010 150 326 559 551
migao 0.0010 -3 94 37 270
wagui 0.3733 13 -4 495 420
wagui 0.0599 5 -33 246 93
wagui 0.0409 309 -17 539 118
wagui 0.0074 475 67 593 343
wagui 0.0053 -77 -72 325 132
wagui 0.0025 184 46 483 374
wagui 0.0019 218 -65 629 123
wagui 0.0019 -3 94 37 270
wagui 0.0016 104 176 583 679
wagui 0.0013 206 377 366 472
wagui 0.0013 431 101 614 286
wagui 0.0012 -12 36 47 328
wagui 0.0012 -12 37 312 388
wagui 0.0010 244 287 470 594
wagui 0.0010 40 328 132 404
wagui 0.0010 -20 0 238 66
