Kongrou 0.0342 -2 27 197 162
Kongrou 0.0061 55 33 238 187
Kongrou 0.0019 131 -24 221 51
Kongrou 0.0013 85 -32 269 56
Rouzaofun 0.0621 10 48 211 172
Rouzaofun 0.0015 131 -24 221 51
Rouzaofun 0.0013 85 -32 269 56
Rice_with_Shredded_Chicken 0.0702 10 48 211 172
Rice_with_Shredded_Chicken 0.0018 131 -24 221 51
Rice_with_Shredded_Chicken 0.0010 85 -32 269 56
migao 0.0677 10 48 211 172
migao 0.0016 131 -24 221 51
migao 0.0011 85 -32 269 56
wagui 0.9390 -12 47 240 180
wagui 0.0162 1 1 194 153
wagui 0.0022 21 37 143 144
wagui 0.0011 23 66 201 225
wagui 0.0010 85 -32 269 56
