Kongrou 0.0027 -14 20 195 179
Kongrou 0.0017 111 -12 217 76
Rouzaofun 0.0350 115 -11 232 75
Rouzaofun 0.0051 -14 20 195 179
Rouzaofun 0.0013 -11 145 195 284
Rouzaofun 0.0011 70 -10 277 93
Rice_with_Shredded_Chicken 0.0616 115 -11 232 75
Rice_with_Shredded_Chicken 0.0193 -17 40 199 191
Rice_with_Shredded_Chicken 0.0013 -11 145 195 284
Rice_with_Shredded_Chicken 0.0011 70 -10 277 93
Rice_with_Shredded_Chicken 0.0010 18 -13 159 170
migao 0.0354 115 -11 232 75
migao 0.0083 -17 40 199 191
migao 0.0011 117 172 166 252
migao 0.0011 18 -13 159 170
migao 0.0010 -11 145 195 284
wagui 0.4166 115 -11 232 75
wagui 0.1869 -17 40 199 191
wagui 0.0044 29 27 140 155
wagui 0.0033 41 58 167 184
wagui 0.0032 70 -10 277 93
wagui 0.0014 -11 145 195 284
wagui 0.0011 -2 -23 184 144
