Kongrou 0.0113 12 80 98 160
Kongrou 0.0096 90 50 195 165
Kongrou 0.0059 226 36 276 119
Kongrou 0.0044 50 71 255 164
Kongrou 0.0039 98 -19 186 88
Kongrou 0.0038 -2 19 92 84
Kongrou 0.0037 140 38 230 135
Kongrou 0.0030 -11 97 122 153
Kongrou 0.0020 23 96 87 145
Kongrou 0.0019 85 -124 273 49
Kongrou 0.0013 145 204 177 236
Kongrou 0.0012 12 -174 309 97
Rouzaofun 0.0200 94 46 210 170
Rouzaofun 0.0185 50 71 255 164
Rouzaofun 0.0175 12 80 98 160
Rouzaofun 0.0158 6 3 87 105
Rouzaofun 0.0133 225 40 277 125
Rouzaofun 0.0060 -12 92 122 148
Rouzaofun 0.0039 -17 75 133 182
Rouzaofun 0.0037 106 -19 197 89
Rouzaofun 0.0028 23 96 87 145
Rouzaofun 0.0024 3 29 85 74
Rouzaofun 0.0020 145 204 177 236
Rouzaofun 0.0015 -27 33 116 80
Rouzaofun 0.0014 76 -147 283 73
Rouzaofun 0.0013 84 73 185 146
Rice_with_Shredded_Chicken 0.0283 95 49 211 185
Rice_with_Shredded_Chicken 0.0169 6 3 87 105
Rice_with_Shredded_Chicken 0.0133 50 71 255 164
Rice_with_Shredded_Chicken 0.0107 13 84 97 167
Rice_with_Shredded_Chicken 0.0096 225 40 277 125
Rice_with_Shredded_Chicken 0.0044 -11 97 122 153
Rice_with_Shredded_Chicken 0.0028 106 -19 197 89
Rice_with_Shredded_Chicken 0.0025 145 204 177 236
Rice_with_Shredded_Chicken 0.0019 12 -174 309 97
Rice_with_Shredded_Chicken 0.0019 59 -111 258 38
Rice_with_Shredded_Chicken 0.0015 23 96 87 145
Rice_with_Shredded_Chicken 0.0015 -17 75 133 182
Rice_with_Shredded_Chicken 0.0013 3 29 85 74
Rice_with_Shredded_Chicken 0.0010 -27 33 116 80
migao 0.0465 95 49 211 185
migao 0.0264 6 3 87 105
migao 0.0258 14 63 101 194
migao 0.0209 50 71 255 164
migao 0.0144 225 40 277 125
migao 0.0078 98 -19 186 88
migao 0.0057 -12 92 122 148
migao 0.0027 24 78 96 152
migao 0.0023 140 38 230 135
migao 0.0022 145 204 177 236
migao 0.0020 59 -111 258 38
migao 0.0019 3 29 85 74
migao 0.0015 12 -174 309 97
migao 0.0014 -26 78 122 179
migao 0.0013 -27 33 116 80
migao 0.0011 25 110 85 151
migao 0.0010 131 165 191 262
wagui 0.6771 95 49 211 185
wagui 0.2211 6 3 87 105
wagui 0.1608 14 63 101 194
wagui 0.1283 50 71 255 164
wagui 0.0670 98 -19 186 88
wagui 0.0190 140 38 230 135
wagui 0.0189 225 40 277 125
wagui 0.0061 -12 92 122 148
wagui 0.0042 3 29 85 74
wagui 0.0039 -26 78 122 179
wagui 0.0039 24 78 96 152
wagui 0.0029 145 204 177 236
wagui 0.0024 12 -174 309 97
wagui 0.0022 130 61 234 84
wagui 0.0021 107 29 261 144
wagui 0.0019 68 -10 237 100
wagui 0.0018 25 110 85 151
wagui 0.0016 223 52 268 103
wagui 0.0016 33 90 87 140
wagui 0.0015 85 -124 273 49
wagui 0.0014 -33 -6 128 95
wagui 0.0014 -27 33 116 80
wagui 0.0012 93 72 197 147
wagui 0.0011 245 56 277 110
