Kongrou 0.0363 425 70 601 247
Kongrou 0.0330 91 75 266 242
Kongrou 0.0300 -8 222 159 395
Kongrou 0.0252 340 224 502 394
Kongrou 0.0230 164 226 332 392
Kongrou 0.0195 518 208 600 408
Kongrou 0.0154 61 11 180 75
Kongrou 0.0109 256 87 424 253
Kongrou 0.0100 178 -6 341 116
Kongrou 0.0094 19 -19 200 107
Kongrou 0.0086 379 -5 485 70
Kongrou 0.0081 -4 62 86 232
Kongrou 0.0069 514 -10 603 74
Kongrou 0.0062 52 117 305 223
Kongrou 0.0059 386 103 639 214
Kongrou 0.0051 356 -18 510 106
Kongrou 0.0047 457 100 523 148
Kongrou 0.0043 -45 253 217 365
Kongrou 0.0043 125 105 253 214
Kongrou 0.0040 356 250 484 345
Kongrou 0.0035 338 447 434 517
Kongrou 0.0028 295 139 408 225
Kongrou 0.0026 442 106 537 165
Kongrou 0.0024 473 97 598 199
Kongrou 0.0019 309 255 555 363
Kongrou 0.0018 346 431 472 510
Kongrou 0.0018 433 104 544 213
Kongrou 0.0017 494 247 624 371
Kongrou 0.0016 298 389 474 578
Kongrou 0.0015 28 -8 121 49
Kongrou 0.0014 265 108 367 232
Kongrou 0.0013 8 245 116 328
Kongrou 0.0013 103 253 368 364
Kongrou 0.0013 313 447 389 518
Kongrou 0.0012 10 -5 161 69
Kongrou 0.0012 224 116 478 224
Kongrou 0.0012 442 133 584 231
Kongrou 0.0011 209 253 330 366
Rouzaofun 0.1350 89 85 268 255
Rouzaofun 0.1254 425 70 601 247
Rouzaofun 0.1022 518 208 600 408
Rouzaofun 0.0895 164 226 332 392
Rouzaofun 0.0886 -8 222 159 395
Rouzaofun 0.0861 340 224 502 394
Rouzaofun 0.0450 61 11 180 75
Rouzaofun 0.0444 516 -6 600 93
Rouzaofun 0.0422 178 -6 341 116
Rouzaofun 0.0371 -4 62 86 232
Rouzaofun 0.0321 256 87 401 254
Rouzaofun 0.0280 19 -19 200 107
Rouzaofun 0.0162 373 -2 491 90
Rouzaofun 0.0156 386 103 639 214
Rouzaofun 0.0138 125 105 253 214
Rouzaofun 0.0123 -45 253 217 365
Rouzaofun 0.0090 457 100 523 148
Rouzaofun 0.0080 356 250 484 345
Rouzaofun 0.0078 473 97 598 199
Rouzaofun 0.0071 309 255 555 363
Rouzaofun 0.0057 494 247 624 371
Rouzaofun 0.0056 433 104 544 213
Rouzaofun 0.0045 338 447 434 517
Rouzaofun 0.0044 295 139 408 225
Rouzaofun 0.0043 442 106 537 165
Rouzaofun 0.0041 213 261 327 380
Rouzaofun 0.0040 103 253 368 364
Rouzaofun 0.0035 221 115 458 225
Rouzaofun 0.0033 268 123 364 239
Rouzaofun 0.0032 442 133 584 231
Rouzaofun 0.0030 28 -8 121 49
Rouzaofun 0.0029 10 -5 161 69
Rouzaofun 0.0026 23 97 102 198
Rouzaofun 0.0026 390 257 497 385
Rouzaofun 0.0023 4 260 120 382
Rouzaofun 0.0022 385 -8 480 50
Rouzaofun 0.0022 302 91 447 273
Rouzaofun 0.0021 298 389 474 578
Rouzaofun 0.0021 346 431 472 510
Rouzaofun 0.0020 -27 84 130 210
Rouzaofun 0.0020 313 447 389 518
Rouzaofun 0.0018 102 375 186 405
Rouzaofun 0.0017 164 250 307 346
Rouzaofun 0.0017 8 245 116 328
Rouzaofun 0.0015 42 249 153 347
Rouzaofun 0.0014 528 -14 612 55
Rouzaofun 0.0012 527 232 613 340
Rouzaofun 0.0010 100 93 232 178
Rice_with_Shredded_Chicken 0.0885 89 85 268 255
Rice_with_Shredded_Chicken 0.0865 518 208 600 408
Rice_with_Shredded_Chicken 0.0814 425 70 601 247
Rice_with_Shredded_Chicken 0.0665 340 224 502 394
Rice_with_Shredded_Chicken 0.0642 516 -6 600 93
Rice_with_Shredded_Chicken 0.0610 164 226 332 392
Rice_with_Shredded_Chicken 0.0572 -8 222 159 395
Rice_with_Shredded_Chicken 0.0334 -4 62 86 232
Rice_with_Shredded_Chicken 0.0321 178 -6 341 116
Rice_with_Shredded_Chicken 0.0319 61 11 180 75
Rice_with_Shredded_Chicken 0.0222 19 -19 200 107
Rice_with_Shredded_Chicken 0.0182 256 87 424 253
Rice_with_Shredded_Chicken 0.0119 386 103 639 214
Rice_with_Shredded_Chicken 0.0095 373 -2 491 90
Rice_with_Shredded_Chicken 0.0090 457 100 523 148
Rice_with_Shredded_Chicken 0.0086 -45 253 217 365
Rice_with_Shredded_Chicken 0.0069 101 98 253 196
Rice_with_Shredded_Chicken 0.0055 356 250 484 345
Rice_with_Shredded_Chicken 0.0052 338 447 434 517
Rice_with_Shredded_Chicken 0.0049 309 255 555 363
Rice_with_Shredded_Chicken 0.0045 494 247 624 371
Rice_with_Shredded_Chicken 0.0038 442 106 537 165
Rice_with_Shredded_Chicken 0.0033 473 97 598 199
Rice_with_Shredded_Chicken 0.0030 433 104 544 213
Rice_with_Shredded_Chicken 0.0028 265 108 367 232
Rice_with_Shredded_Chicken 0.0026 103 253 368 364
Rice_with_Shredded_Chicken 0.0025 224 116 478 224
Rice_with_Shredded_Chicken 0.0025 313 447 389 518
Rice_with_Shredded_Chicken 0.0022 346 431 472 510
Rice_with_Shredded_Chicken 0.0021 298 389 474 578
Rice_with_Shredded_Chicken 0.0020 102 375 186 405
Rice_with_Shredded_Chicken 0.0019 295 139 408 225
Rice_with_Shredded_Chicken 0.0019 125 124 254 240
Rice_with_Shredded_Chicken 0.0017 28 -8 121 49
Rice_with_Shredded_Chicken 0.0015 213 261 327 380
Rice_with_Shredded_Chicken 0.0015 10 -5 161 69
Rice_with_Shredded_Chicken 0.0014 442 133 584 231
Rice_with_Shredded_Chicken 0.0014 -27 84 130 210
Rice_with_Shredded_Chicken 0.0013 23 97 102 198
Rice_with_Shredded_Chicken 0.0012 8 245 116 328
Rice_with_Shredded_Chicken 0.0011 385 -8 480 50
Rice_with_Shredded_Chicken 0.0011 4 260 120 382
Rice_with_Shredded_Chicken 0.0010 164 250 307 346
migao 0.1233 425 70 601 247
migao 0.1198 89 85 268 255
migao 0.1162 518 208 600 408
migao 0.0967 516 -6 600 93
migao 0.0887 -8 222 159 395
migao 0.0850 340 224 502 394
migao 0.0805 164 226 332 392
migao 0.0578 61 11 180 75
migao 0.0402 -4 62 86 232
migao 0.0367 178 -6 341 116
migao 0.0260 256 87 424 253
migao 0.0221 19 -19 200 107
migao 0.0216 379 -5 485 70
migao 0.0196 386 103 639 214
migao 0.0147 457 100 523 148
migao 0.0118 -45 253 217 365
migao 0.0091 356 -18 510 106
migao 0.0088 101 98 253 196
migao 0.0065 494 247 624 371
migao 0.0064 309 255 555 363
migao 0.0064 356 250 484 345
migao 0.0052 442 106 537 165
migao 0.0050 473 97 598 199
migao 0.0049 436 125 543 216
migao 0.0047 265 108 367 232
migao 0.0045 338 447 434 517
migao 0.0044 28 -8 121 49
migao 0.0038 103 253 368 364
migao 0.0035 295 139 408 225
migao 0.0034 10 -5 161 69
migao 0.0032 224 116 478 224
migao 0.0030 125 124 254 240
migao 0.0030 102 375 186 405
migao 0.0026 213 261 327 380
migao 0.0021 23 97 102 198
migao 0.0021 313 447 389 518
migao 0.0020 346 431 472 510
migao 0.0019 -27 84 130 210
migao 0.0017 528 -14 612 55
migao 0.0017 4 260 120 382
migao 0.0017 298 389 474 578
migao 0.0015 390 257 497 385
migao 0.0014 164 250 307 346
migao 0.0014 8 245 116 328
migao 0.0012 461 131 587 233
migao 0.0010 69 259 149 337
migao 0.0010 527 232 613 340
wagui 0.1582 516 -6 600 93
wagui 0.1219 61 11 180 75
wagui 0.1140 518 208 600 408
wagui 0.1118 425 70 601 247
wagui 0.1096 89 85 268 255
wagui 0.1009 340 224 502 394
wagui 0.0913 -8 222 159 395
wagui 0.0808 164 226 332 392
wagui 0.0527 -4 62 86 232
wagui 0.0471 178 -6 341 116
wagui 0.0433 457 100 523 148
wagui 0.0365 19 -19 200 107
wagui 0.0289 379 -5 485 70
wagui 0.0287 256 87 401 254
wagui 0.0135 386 103 639 214
wagui 0.0123 356 -18 510 106
wagui 0.0118 442 106 537 165
wagui 0.0110 -45 253 217 365
wagui 0.0108 356 250 484 345
wagui 0.0108 102 375 186 405
wagui 0.0101 101 98 253 196
wagui 0.0086 28 -8 121 49
wagui 0.0070 433 104 544 213
wagui 0.0058 309 255 555 363
wagui 0.0058 338 447 434 517
wagui 0.0058 473 97 598 199
wagui 0.0056 494 247 624 371
wagui 0.0050 295 139 408 225
wagui 0.0049 10 -5 161 69
wagui 0.0042 268 123 364 239
wagui 0.0041 23 97 102 198
wagui 0.0032 125 124 254 240
wagui 0.0030 528 -14 612 55
wagui 0.0029 8 245 116 328
wagui 0.0028 103 253 368 364
wagui 0.0028 209 253 330 366
wagui 0.0027 221 115 458 225
wagui 0.0027 69 259 149 337
wagui 0.0026 313 447 389 518
wagui 0.0025 302 91 447 273
wagui 0.0025 442 133 584 231
wagui 0.0023 346 431 472 510
wagui 0.0021 4 260 120 382
wagui 0.0021 298 389 474 578
wagui 0.0021 343 266 405 351
wagui 0.0020 530 108 588 164
wagui 0.0020 -27 84 130 210
wagui 0.0019 164 250 307 346
wagui 0.0019 -10 93 44 201
wagui 0.0018 527 232 613 340
wagui 0.0018 407 256 502 362
wagui 0.0017 -18 91 29 157
wagui 0.0015 105 109 181 163
wagui 0.0015 559 331 605 379
wagui 0.0014 -4 -9 38 73
wagui 0.0014 -11 230 22 296
wagui 0.0013 284 -3 351 44
wagui 0.0013 182 312 243 375
wagui 0.0011 48 -11 193 53
wagui 0.0011 551 -3 612 90
wagui 0.0011 262 102 393 192
wagui 0.0010 445 81 557 144
wagui 0.0010 157 162 245 225
