Kongrou 0.0072 38 16 572 692
Kongrou 0.0026 397 565 1077 1332
Kongrou 0.0025 -155 99 759 608
Kongrou 0.0022 159 664 1310 1235
Kongrou 0.0015 -237 769 108 1267
Kongrou 0.0011 -144 858 15 1178
Rouzaofun 0.0821 72 59 636 749
Rouzaofun 0.0213 341 580 1026 1317
Rouzaofun 0.0075 -149 71 856 634
Rouzaofun 0.0017 -237 769 108 1267
Rouzaofun 0.0016 -144 858 15 1178
Rouzaofun 0.0010 -149 974 21 1280
Rice_with_Shredded_Chicken 0.0750 202 581 1204 1272
Rice_with_Shredded_Chicken 0.0694 72 59 636 749
Rice_with_Shredded_Chicken 0.0101 -149 71 856 634
Rice_with_Shredded_Chicken 0.0017 -356 766 187 1358
Rice_with_Shredded_Chicken 0.0015 -144 858 15 1178
Rice_with_Shredded_Chicken 0.0014 -234 739 106 1243
Rice_with_Shredded_Chicken 0.0013 347 448 1081 1606
migao 0.0270 72 59 636 749
migao 0.0116 341 580 1026 1317
migao 0.0049 -149 71 856 634
migao 0.0015 -144 858 15 1178
migao 0.0015 -237 769 108 1267
wagui 0.1116 72 59 636 749
wagui 0.0946 202 581 1204 1272
wagui 0.0141 -149 71 856 634
wagui 0.0017 347 448 1081 1606
wagui 0.0012 -237 769 108 1267
wagui 0.0011 561 855 831 1017
wagui 0.0010 412 786 1057 1325
wagui 0.0010 -144 858 15 1178
wagui 0.0010 156 293 423 440
