Kongrou 0.0059 109 177 191 230
Kongrou 0.0043 72 1 212 150
Kongrou 0.0041 59 148 246 253
Kongrou 0.0040 105 144 201 259
Kongrou 0.0038 117 -54 204 -2
Kongrou 0.0037 115 -102 213 42
Kongrou 0.0024 194 -9 276 81
Kongrou 0.0024 69 -81 258 21
Kongrou 0.0016 160 122 271 240
Kongrou 0.0012 87 -127 272 54
Kongrou 0.0010 165 10 294 72
Rouzaofun 0.0072 109 177 191 230
Rouzaofun 0.0054 24 27 239 146
Rouzaofun 0.0050 59 148 246 253
Rouzaofun 0.0042 117 -54 204 -2
Rouzaofun 0.0032 115 -102 213 42
Rouzaofun 0.0031 105 144 201 259
Rouzaofun 0.0026 194 -5 275 87
Rouzaofun 0.0024 69 -81 258 21
Rouzaofun 0.0017 172 10 297 71
Rouzaofun 0.0011 160 122 271 240
Rouzaofun 0.0010 -2 -27 97 73
Rouzaofun 0.0010 87 -127 272 54
Rice_with_Shredded_Chicken 0.0206 38 5 235 172
Rice_with_Shredded_Chicken 0.0071 109 177 191 230
Rice_with_Shredded_Chicken 0.0043 59 148 246 253
Rice_with_Shredded_Chicken 0.0042 117 -54 204 -2
Rice_with_Shredded_Chicken 0.0031 115 -102 213 42
Rice_with_Shredded_Chicken 0.0028 105 144 201 259
Rice_with_Shredded_Chicken 0.0022 69 -81 258 21
Rice_with_Shredded_Chicken 0.0016 194 -5 275 87
Rice_with_Shredded_Chicken 0.0012 172 10 297 71
Rice_with_Shredded_Chicken 0.0012 160 122 271 240
Rice_with_Shredded_Chicken 0.0012 12 -161 309 84
Rice_with_Shredded_Chicken 0.0011 87 -127 272 54
migao 0.0087 109 177 191 230
migao 0.0080 38 5 235 172
migao 0.0050 59 148 246 253
migao 0.0046 117 -54 204 -2
migao 0.0041 105 144 201 259
migao 0.0036 115 -102 213 42
migao 0.0028 194 -5 275 87
migao 0.0026 69 -81 258 21
migao 0.0018 172 10 297 71
migao 0.0011 129 -66 193 30
migao 0.0011 160 122 271 240
wagui 0.2641 38 5 235 172
wagui 0.0059 65 45 199 168
wagui 0.0035 117 -54 204 -2
wagui 0.0032 115 -102 213 42
wagui 0.0031 105 144 201 259
wagui 0.0030 109 177 191 230
wagui 0.0029 59 148 246 253
wagui 0.0028 194 -9 276 81
wagui 0.0025 69 -81 258 21
wagui 0.0022 63 0 180 131
wagui 0.0016 12 -161 309 84
wagui 0.0014 165 10 294 72
wagui 0.0011 87 -127 272 54
wagui 0.0010 64 -63 157 -14
wagui 0.0010 129 -66 193 30
