Kongrou 0.0052 123 -44 198 -9
Kongrou 0.0045 128 -99 201 38
Kongrou 0.0041 21 42 222 171
Kongrou 0.0040 115 133 192 270
Kongrou 0.0038 114 186 186 222
Kongrou 0.0029 60 -71 267 11
Kongrou 0.0027 47 158 259 245
Kongrou 0.0019 102 -73 221 -4
Kongrou 0.0014 78 -63 164 -14
Kongrou 0.0012 91 -141 268 67
Kongrou 0.0010 139 -58 182 22
Kongrou 0.0010 112 171 210 235
Rouzaofun 0.0052 21 42 222 171
Rouzaofun 0.0038 123 -44 198 -9
Rouzaofun 0.0033 128 -99 201 38
Rouzaofun 0.0030 114 186 186 222
Rouzaofun 0.0030 115 133 192 270
Rouzaofun 0.0024 60 -71 267 11
Rouzaofun 0.0022 47 158 259 245
Rouzaofun 0.0014 123 -62 220 4
Rouzaofun 0.0012 133 173 177 227
Rouzaofun 0.0012 112 171 210 235
Rouzaofun 0.0012 102 -58 134 22
Rouzaofun 0.0011 145 201 177 240
Rouzaofun 0.0011 139 -58 182 22
Rouzaofun 0.0011 -41 -22 53 89
Rice_with_Shredded_Chicken 0.0073 57 34 187 177
Rice_with_Shredded_Chicken 0.0040 123 -44 198 -9
Rice_with_Shredded_Chicken 0.0035 128 -99 201 38
Rice_with_Shredded_Chicken 0.0029 115 133 192 270
Rice_with_Shredded_Chicken 0.0028 114 186 186 222
Rice_with_Shredded_Chicken 0.0025 60 -71 267 11
Rice_with_Shredded_Chicken 0.0021 47 158 259 245
Rice_with_Shredded_Chicken 0.0016 123 -62 220 4
Rice_with_Shredded_Chicken 0.0013 139 -58 182 22
Rice_with_Shredded_Chicken 0.0013 112 171 210 235
Rice_with_Shredded_Chicken 0.0012 91 -141 268 67
Rice_with_Shredded_Chicken 0.0012 145 201 177 240
Rice_with_Shredded_Chicken 0.0011 126 171 175 256
migao 0.0072 40 17 234 174
migao 0.0050 123 -44 198 -9
migao 0.0045 114 186 186 222
migao 0.0040 128 -99 201 38
migao 0.0038 115 133 192 270
migao 0.0028 60 -71 267 11
migao 0.0025 47 158 259 245
migao 0.0018 139 -58 182 22
migao 0.0017 102 -73 221 -4
migao 0.0014 58 49 185 184
migao 0.0014 102 -58 134 22
migao 0.0014 126 171 175 256
migao 0.0013 112 171 210 235
migao 0.0011 145 201 177 240
migao 0.0011 91 -141 268 67
migao 0.0010 138 175 183 235
wagui 0.2124 40 17 234 174
wagui 0.0263 58 49 185 184
wagui 0.0039 123 -44 198 -9
wagui 0.0030 114 186 186 222
wagui 0.0028 128 -99 201 38
wagui 0.0028 115 133 192 270
wagui 0.0026 60 -71 267 11
wagui 0.0025 78 -63 164 -14
wagui 0.0023 47 158 259 245
wagui 0.0017 103 49 223 185
wagui 0.0013 145 201 177 240
wagui 0.0013 -6 5 11 56
wagui 0.0012 139 -58 182 22
wagui 0.0011 133 173 177 227
wagui 0.0011 102 -73 221 -4
wagui 0.0011 47 7 154 163
wagui 0.0011 112 -139 216 57
wagui 0.0010 -2 0 18 62
wagui 0.0010 -9 -184 333 106
wagui 0.0010 -68 -73 80 141
