Kongrou 0.0280 908 854 1605 1407
Kongrou 0.0193 228 651 1003 1217
Kongrou 0.0163 839 547 1468 927
Kongrou 0.0011 -30 1546 1100 2443
Rouzaofun 0.0775 908 854 1605 1407
Rouzaofun 0.0529 839 547 1468 927
Rouzaofun 0.0227 228 651 1003 1217
Rouzaofun 0.0017 -30 1546 1100 2443
Rice_with_Shredded_Chicken 0.0794 908 854 1605 1407
Rice_with_Shredded_Chicken 0.0436 839 547 1468 927
Rice_with_Shredded_Chicken 0.0236 228 651 1003 1217
Rice_with_Shredded_Chicken 0.0016 -30 1546 1100 2443
migao 0.0947 908 854 1605 1407
migao 0.0710 839 547 1468 927
migao 0.0306 228 651 1003 1217
migao 0.0011 -30 1546 1100 2443
wagui 0.1514 839 547 1468 927
wagui 0.1401 908 854 1605 1407
wagui 0.0469 228 651 1003 1217
wagui 0.0025 -34 174 2210 1748
wagui 0.0019 719 324 1534 1126
wagui 0.0014 906 993 1404 1368
wagui 0.0012 906 684 1405 984
wagui 0.0010 -30 1546 1100 2443
