Kongrou 0.0302 532 125 1001 485
Kongrou 0.0220 80 607 664 1493
Kongrou 0.0123 1847 891 2231 1302
Kongrou 0.0101 1654 748 2247 1529
Kongrou 0.0096 -156 768 812 1334
Kongrou 0.0079 991 914 1595 1714
Kongrou 0.0077 1258 117 1942 929
Kongrou 0.0047 354 17 655 326
Kongrou 0.0040 840 1048 1833 1581
Kongrou 0.0034 1196 390 1655 745
Kongrou 0.0032 1050 275 2148 772
Kongrou 0.0031 106 867 551 1234
Kongrou 0.0029 491 68 1130 628
Kongrou 0.0028 1068 50 1695 734
Kongrou 0.0026 81 1062 575 1392
Kongrou 0.0023 1872 852 2293 1688
Kongrou 0.0023 1502 407 1876 817
Kongrou 0.0021 124 736 617 1102
Kongrou 0.0019 1473 872 2517 1404
Kongrou 0.0018 1979 1242 2277 1562
Kongrou 0.0013 107 -95 2186 1456
Kongrou 0.0010 994 1064 1505 1480
Kongrou 0.0010 1685 909 2129 1367
Kongrou 0.0010 1769 1045 2222 1408
Rouzaofun 0.0561 921 720 1601 1802
Rouzaofun 0.0553 65 601 680 1412
Rouzaofun 0.0498 532 125 1001 485
Rouzaofun 0.0225 1654 748 2247 1529
Rouzaofun 0.0190 1176 -107 1885 1035
Rouzaofun 0.0184 1847 891 2231 1302
Rouzaofun 0.0166 -156 768 812 1334
Rouzaofun 0.0080 354 17 655 326
Rouzaofun 0.0074 840 1048 1833 1581
Rouzaofun 0.0066 1050 275 2148 772
Rouzaofun 0.0066 1068 50 1695 734
Rouzaofun 0.0065 128 752 614 1173
Rouzaofun 0.0061 613 922 1929 1756
Rouzaofun 0.0058 1872 852 2293 1688
Rouzaofun 0.0055 388 -129 1092 867
Rouzaofun 0.0052 1196 390 1655 745
Rouzaofun 0.0051 81 1062 575 1392
Rouzaofun 0.0049 1431 109 1945 936
Rouzaofun 0.0046 491 68 1130 628
Rouzaofun 0.0043 1473 872 2517 1404
Rouzaofun 0.0040 1979 1242 2277 1562
Rouzaofun 0.0039 84 891 572 1298
Rouzaofun 0.0038 1127 965 1723 1752
Rouzaofun 0.0028 1502 407 1876 817
Rouzaofun 0.0020 -155 643 896 1106
Rouzaofun 0.0018 875 111 2199 973
Rouzaofun 0.0018 1706 976 2460 1564
Rouzaofun 0.0016 1685 909 2129 1367
Rouzaofun 0.0016 1147 275 1790 948
Rouzaofun 0.0016 265 -99 744 447
Rouzaofun 0.0015 994 1064 1505 1480
Rouzaofun 0.0015 1149 180 1612 516
Rouzaofun 0.0015 242 840 678 1262
Rouzaofun 0.0014 1836 1022 2242 1431
Rouzaofun 0.0014 787 916 1448 1627
Rouzaofun 0.0014 932 109 2002 586
Rouzaofun 0.0013 0 768 218 1068
Rouzaofun 0.0013 -39 866 610 1502
Rouzaofun 0.0012 1359 311 1842 736
Rouzaofun 0.0011 200 160 2103 1537
Rouzaofun 0.0010 851 1028 1296 1338
Rouzaofun 0.0010 1013 1184 1486 1622
Rice_with_Shredded_Chicken 0.0415 1176 -107 1885 1035
Rice_with_Shredded_Chicken 0.0396 532 125 1001 485
Rice_with_Shredded_Chicken 0.0322 65 601 680 1412
Rice_with_Shredded_Chicken 0.0290 914 771 1618 1895
Rice_with_Shredded_Chicken 0.0156 388 -129 1092 867
Rice_with_Shredded_Chicken 0.0135 1654 748 2247 1529
Rice_with_Shredded_Chicken 0.0127 -156 768 812 1334
Rice_with_Shredded_Chicken 0.0118 1847 891 2231 1302
Rice_with_Shredded_Chicken 0.0065 354 17 655 326
Rice_with_Shredded_Chicken 0.0060 898 29 2170 881
Rice_with_Shredded_Chicken 0.0052 840 1048 1833 1581
Rice_with_Shredded_Chicken 0.0046 613 922 1929 1756
Rice_with_Shredded_Chicken 0.0041 1196 390 1655 745
Rice_with_Shredded_Chicken 0.0036 1103 270 2183 777
Rice_with_Shredded_Chicken 0.0036 1473 872 2517 1404
Rice_with_Shredded_Chicken 0.0036 1119 82 1730 788
Rice_with_Shredded_Chicken 0.0034 128 752 614 1173
Rice_with_Shredded_Chicken 0.0032 455 -47 992 570
Rice_with_Shredded_Chicken 0.0031 81 1062 575 1392
Rice_with_Shredded_Chicken 0.0029 1979 1242 2277 1562
Rice_with_Shredded_Chicken 0.0028 1872 852 2293 1688
Rice_with_Shredded_Chicken 0.0027 1431 109 1945 936
Rice_with_Shredded_Chicken 0.0020 84 891 572 1298
Rice_with_Shredded_Chicken 0.0019 1127 965 1723 1752
Rice_with_Shredded_Chicken 0.0016 1502 407 1876 817
Rice_with_Shredded_Chicken 0.0014 976 139 1960 644
Rice_with_Shredded_Chicken 0.0012 1706 976 2460 1564
Rice_with_Shredded_Chicken 0.0012 952 1088 1548 1716
Rice_with_Shredded_Chicken 0.0012 -155 643 896 1106
Rice_with_Shredded_Chicken 0.0012 0 768 218 1068
Rice_with_Shredded_Chicken 0.0011 255 97 1190 599
Rice_with_Shredded_Chicken 0.0010 1685 909 2129 1367
migao 0.0652 532 125 1001 485
migao 0.0461 50 588 695 1336
migao 0.0366 914 771 1618 1895
migao 0.0210 1176 -107 1885 1035
migao 0.0190 1847 891 2231 1302
migao 0.0166 1654 748 2247 1529
migao 0.0120 354 17 655 326
migao 0.0096 -157 725 812 1200
migao 0.0086 -43 854 789 1422
migao 0.0074 840 1048 1833 1581
migao 0.0066 1050 275 2148 772
migao 0.0058 1196 390 1655 745
migao 0.0056 1979 1242 2277 1562
migao 0.0052 81 1062 575 1392
migao 0.0047 613 922 1929 1756
migao 0.0043 128 752 614 1173
migao 0.0041 1473 872 2517 1404
migao 0.0040 1068 50 1695 734
migao 0.0039 388 -129 1092 867
migao 0.0037 1431 109 1945 936
migao 0.0037 1872 852 2293 1688
migao 0.0034 491 68 1130 628
migao 0.0027 84 891 572 1298
migao 0.0026 1502 407 1876 817
migao 0.0025 1127 965 1723 1752
migao 0.0024 0 768 218 1068
migao 0.0019 952 1088 1548 1716
migao 0.0016 1706 976 2460 1564
migao 0.0015 875 111 2199 973
migao 0.0012 1149 180 1612 516
migao 0.0011 996 1064 1503 1392
migao 0.0011 265 -99 744 447
migao 0.0011 1685 909 2129 1367
migao 0.0010 851 1028 1296 1338
migao 0.0010 932 109 2002 586
wagui 0.3575 914 771 1618 1895
wagui 0.1557 1176 -107 1885 1035
wagui 0.1004 532 125 1001 485
wagui 0.0406 50 588 695 1336
wagui 0.0360 388 -129 1092 867
wagui 0.0292 1847 891 2231 1302
wagui 0.0216 354 17 655 326
wagui 0.0212 613 922 1929 1756
wagui 0.0177 1699 778 2292 1410
wagui 0.0111 1196 390 1655 745
wagui 0.0104 898 29 2170 881
wagui 0.0101 27 861 631 1505
wagui 0.0090 81 1062 575 1392
wagui 0.0087 1979 1242 2277 1562
wagui 0.0078 -157 725 812 1200
wagui 0.0066 0 768 218 1068
wagui 0.0065 840 1048 1833 1581
wagui 0.0053 455 -47 992 570
wagui 0.0049 1431 109 1945 936
wagui 0.0047 1119 82 1730 788
wagui 0.0044 128 752 614 1173
wagui 0.0042 1103 270 2183 777
wagui 0.0041 1502 407 1876 817
wagui 0.0037 1531 944 2459 1510
wagui 0.0031 1626 742 2099 1624
wagui 0.0030 1872 852 2293 1688
wagui 0.0025 952 1088 1548 1716
wagui 0.0022 851 1028 1296 1338
wagui 0.0022 1127 965 1723 1752
wagui 0.0016 996 1064 1503 1392
wagui 0.0015 265 -99 744 447
wagui 0.0015 200 160 2103 1537
wagui 0.0015 976 139 1960 644
wagui 0.0013 83 881 485 1220
wagui 0.0013 1138 190 1536 506
wagui 0.0011 1724 978 2179 1387
wagui 0.0011 255 97 1190 599
wagui 0.0010 113 675 630 990
wagui 0.0010 1197 232 1653 640
