Kongrou 0.1689 65 167 1218 806
Kongrou 0.0297 384 97 948 809
Kongrou 0.0015 8 -59 874 1006
Kongrou 0.0013 590 -228 1009 69
Kongrou 0.0012 570 -147 925 0
Kongrou 0.0011 510 -47 695 99
Kongrou 0.0011 592 -406 938 225
Rouzaofun 0.0273 99 22 1184 920
Rouzaofun 0.0034 296 171 1127 739
Rouzaofun 0.0014 510 -47 695 99
Rouzaofun 0.0014 590 -228 1009 69
Rouzaofun 0.0013 165 845 661 1244
Rouzaofun 0.0011 579 -48 774 100
Rouzaofun 0.0010 354 -126 950 175
Rice_with_Shredded_Chicken 0.0090 37 67 1212 899
Rice_with_Shredded_Chicken 0.0046 384 97 948 809
Rice_with_Shredded_Chicken 0.0014 165 845 661 1244
Rice_with_Shredded_Chicken 0.0013 510 -47 695 99
Rice_with_Shredded_Chicken 0.0013 590 -228 1009 69
Rice_with_Shredded_Chicken 0.0010 456 -79 601 84
Rice_with_Shredded_Chicken 0.0010 579 -48 774 100
migao 0.0853 65 167 1218 806
migao 0.0104 384 97 948 809
migao 0.0017 590 -228 1009 69
migao 0.0014 510 -47 695 99
migao 0.0012 570 -147 925 0
migao 0.0012 456 -79 601 84
migao 0.0010 579 -48 774 100
migao 0.0010 592 -406 938 225
migao 0.0010 550 830 853 1272
wagui 0.3947 65 167 1218 806
wagui 0.1060 384 97 948 809
wagui 0.0015 510 -47 695 99
wagui 0.0013 8 -59 874 1006
wagui 0.0011 456 -79 601 84
wagui 0.0010 579 -48 774 100
wagui 0.0010 628 139 1388 871
