Kongrou 0.0104 99 169 915 895
Kongrou 0.0015 313 74 843 773
Rouzaofun 0.0291 84 174 929 889
Rouzaofun 0.0011 351 -60 547 380
Rouzaofun 0.0010 1089 4 1192 270
Rouzaofun 0.0010 -183 -176 220 386
Rice_with_Shredded_Chicken 0.0830 84 174 929 889
Rice_with_Shredded_Chicken 0.0014 1089 4 1192 270
Rice_with_Shredded_Chicken 0.0010 18 801 576 1152
migao 0.0438 84 174 929 889
migao 0.0016 1089 4 1192 270
migao 0.0010 599 586 1513 1425
wagui 0.5316 63 126 939 816
wagui 0.0036 384 161 863 776
wagui 0.0035 1089 4 1192 270
wagui 0.0014 198 371 772 851
wagui 0.0011 211 56 756 703
wagui 0.0011 18 801 576 1152
wagui 0.0010 757 525 1543 1470
