Kongrou 0.0143 38 1 221 187
Kongrou 0.0023 114 -45 209 13
Kongrou 0.0018 106 -79 223 43
Kongrou 0.0012 152 -37 191 7
Kongrou 0.0010 86 -116 250 68
Rouzaofun 0.2592 11 -4 250 194
Rouzaofun 0.0026 13 51 175 172
Rouzaofun 0.0025 114 -45 209 13
Rouzaofun 0.0025 101 29 276 165
Rouzaofun 0.0016 46 -17 210 127
Rouzaofun 0.0016 68 -67 258 31
Rouzaofun 0.0015 152 -37 191 7
Rouzaofun 0.0011 96 181 157 207
Rice_with_Shredded_Chicken 0.1355 38 1 221 187
Rice_with_Shredded_Chicken 0.0023 114 -45 209 13
Rice_with_Shredded_Chicken 0.0015 106 -79 223 43
Rice_with_Shredded_Chicken 0.0014 152 -37 191 7
Rice_with_Shredded_Chicken 0.0012 13 51 175 172
Rice_with_Shredded_Chicken 0.0011 86 -116 250 68
migao 0.0557 38 1 221 187
migao 0.0027 114 -45 209 13
migao 0.0018 106 -79 223 43
migao 0.0016 152 -37 191 7
migao 0.0012 96 181 157 207
migao 0.0010 13 51 175 172
migao 0.0010 98 43 268 161
wagui 0.6884 18 1 239 186
wagui 0.0042 46 -17 210 127
wagui 0.0020 98 43 268 161
wagui 0.0016 106 -79 223 43
wagui 0.0015 70 0 159 103
wagui 0.0014 114 -45 209 13
wagui 0.0013 152 -37 191 7
wagui 0.0012 115 -12 259 204
wagui 0.0011 96 181 157 207
wagui 0.0010 86 -116 250 68
wagui 0.0010 0 -141 302 91
