Kongrou 0.0514 173 25 403 354
Kongrou 0.0118 87 108 603 442
Kongrou 0.0053 69 30 533 334
Kongrou 0.0025 287 114 522 449
Kongrou 0.0013 273 240 545 405
Kongrou 0.0013 326 210 491 435
Kongrou 0.0011 163 -112 629 278
Rouzaofun 0.0126 87 108 603 442
Rouzaofun 0.0094 109 55 464 325
Rouzaofun 0.0020 273 240 545 405
Rouzaofun 0.0017 326 210 491 435
Rouzaofun 0.0013 -92 401 156 624
Rice_with_Shredded_Chicken 0.0128 109 55 464 325
Rice_with_Shredded_Chicken 0.0052 87 108 603 442
Rice_with_Shredded_Chicken 0.0013 273 240 545 405
Rice_with_Shredded_Chicken 0.0011 -92 401 156 624
Rice_with_Shredded_Chicken 0.0010 326 210 491 435
migao 0.0284 109 55 464 325
migao 0.0268 87 108 603 442
migao 0.0018 273 240 545 405
migao 0.0012 326 210 491 435
wagui 0.2209 87 108 603 442
wagui 0.1895 173 25 403 354
wagui 0.0068 287 114 522 449
wagui 0.0045 69 30 533 334
wagui 0.0018 273 240 545 405
wagui 0.0014 326 210 491 435
