Kongrou 0.0419 6 8 267 170
Kongrou 0.0023 118 -48 203 -7
Kongrou 0.0021 121 -98 207 37
Kongrou 0.0016 63 -76 264 16
Kongrou 0.0014 79 -128 280 55
Kongrou 0.0011 80 26 227 167
Kongrou 0.0010 -17 60 293 203
Kongrou 0.0010 -45 -96 52 16
Kongrou 0.0010 42 16 180 156
Rouzaofun 0.0080 6 8 267 170
Rouzaofun 0.0022 118 -48 203 -7
Rouzaofun 0.0016 121 -98 207 37
Rouzaofun 0.0015 63 -76 264 16
Rouzaofun 0.0011 68 -125 245 50
Rouzaofun 0.0010 -17 60 293 203
Rice_with_Shredded_Chicken 0.0072 6 8 267 170
Rice_with_Shredded_Chicken 0.0019 118 -48 203 -7
Rice_with_Shredded_Chicken 0.0016 121 -98 207 37
Rice_with_Shredded_Chicken 0.0015 47 -110 270 36
Rice_with_Shredded_Chicken 0.0014 -18 -133 209 59
Rice_with_Shredded_Chicken 0.0014 2 -161 319 85
migao 0.0404 6 8 267 170
migao 0.0028 118 -48 203 -7
migao 0.0019 121 -98 207 37
migao 0.0017 63 -76 264 16
migao 0.0011 2 -161 319 85
migao 0.0011 79 -128 280 55
migao 0.0010 -17 60 293 203
wagui 0.4813 6 8 267 170
wagui 0.0043 47 16 196 157
wagui 0.0038 -17 60 293 203
wagui 0.0017 2 -161 319 85
wagui 0.0016 118 -48 203 -7
wagui 0.0015 94 25 233 167
wagui 0.0015 121 -98 207 37
wagui 0.0014 63 -76 264 16
wagui 0.0012 79 -128 280 55
wagui 0.0010 -18 -133 209 59
wagui 0.0010 -45 -96 52 16
