Kongrou 0.0503 242 61 670 580
Kongrou 0.0154 438 -207 763 -4
Kongrou 0.0118 432 -390 792 164
Kongrou 0.0100 97 122 888 524
Kongrou 0.0080 270 -304 947 76
Kongrou 0.0041 426 -152 693 -50
Kongrou 0.0022 366 -248 518 111
Kongrou 0.0020 -62 -57 948 574
Kongrou 0.0020 436 504 708 998
Kongrou 0.0019 416 705 700 824
Kongrou 0.0019 391 41 829 522
Kongrou 0.0014 296 628 609 825
Kongrou 0.0014 86 -565 1108 283
Kongrou 0.0014 174 586 967 923
Kongrou 0.0013 288 -247 618 -44
Kongrou 0.0012 576 -101 1384 939
Kongrou 0.0012 148 -194 765 48
Kongrou 0.0010 487 -219 635 87
Kongrou 0.0010 215 -398 695 253
Rouzaofun 0.0228 122 42 908 633
Rouzaofun 0.0124 438 -207 763 -4
Rouzaofun 0.0101 432 -390 792 164
Rouzaofun 0.0074 270 -304 947 76
Rouzaofun 0.0065 242 61 670 580
Rouzaofun 0.0025 366 -248 518 111
Rouzaofun 0.0022 426 -152 693 -50
Rouzaofun 0.0015 436 504 708 998
Rouzaofun 0.0015 148 -194 765 48
Rouzaofun 0.0015 416 705 700 824
Rouzaofun 0.0014 86 -565 1108 283
Rouzaofun 0.0012 174 586 967 923
Rouzaofun 0.0010 542 -233 1416 915
Rouzaofun 0.0010 710 17 1260 815
Rouzaofun 0.0010 396 635 807 886
Rice_with_Shredded_Chicken 0.0457 147 54 884 651
Rice_with_Shredded_Chicken 0.0153 438 -207 763 -4
Rice_with_Shredded_Chicken 0.0099 432 -390 792 164
Rice_with_Shredded_Chicken 0.0072 270 -304 947 76
Rice_with_Shredded_Chicken 0.0021 426 -152 693 -50
Rice_with_Shredded_Chicken 0.0020 214 64 619 576
Rice_with_Shredded_Chicken 0.0019 86 -565 1108 283
Rice_with_Shredded_Chicken 0.0013 436 504 708 998
Rice_with_Shredded_Chicken 0.0013 366 -248 518 111
Rice_with_Shredded_Chicken 0.0012 148 -194 765 48
Rice_with_Shredded_Chicken 0.0011 487 -219 635 87
Rice_with_Shredded_Chicken 0.0011 174 586 967 923
Rice_with_Shredded_Chicken 0.0011 416 705 700 824
Rice_with_Shredded_Chicken 0.0011 576 -101 1384 939
Rice_with_Shredded_Chicken 0.0010 396 635 807 886
Rice_with_Shredded_Chicken 0.0010 171 584 322 670
migao 0.0236 147 54 884 651
migao 0.0155 438 -207 763 -4
migao 0.0111 432 -390 792 164
migao 0.0083 270 -304 947 76
migao 0.0057 214 64 619 576
migao 0.0036 426 -152 693 -50
migao 0.0033 366 -248 518 111
migao 0.0022 416 705 700 824
migao 0.0019 436 504 708 998
migao 0.0017 487 -219 635 87
migao 0.0016 148 -194 765 48
migao 0.0015 86 -565 1108 283
migao 0.0014 215 -398 695 253
migao 0.0014 174 586 967 923
migao 0.0011 396 635 807 886
migao 0.0011 710 17 1260 815
migao 0.0010 171 584 322 670
wagui 0.8453 147 54 884 651
wagui 0.0403 214 64 619 576
wagui 0.0112 438 -207 763 -4
wagui 0.0098 432 -390 792 164
wagui 0.0077 270 -304 947 76
wagui 0.0057 391 41 829 522
wagui 0.0038 426 -152 693 -50
wagui 0.0032 366 -248 518 111
wagui 0.0032 171 584 322 670
wagui 0.0027 288 -247 618 -44
wagui 0.0023 86 -565 1108 283
wagui 0.0014 148 -194 765 48
wagui 0.0014 487 -219 635 87
wagui 0.0013 296 628 609 825
wagui 0.0012 436 504 708 998
wagui 0.0011 710 17 1260 815
wagui 0.0011 416 705 700 824
wagui 0.0011 542 -233 1416 915
wagui 0.0011 174 586 967 923
