Kongrou 0.0133 22 123 169 226
Kongrou 0.0110 121 53 255 127
Kongrou 0.0107 256 37 381 82
Kongrou 0.0094 24 29 136 74
Kongrou 0.0090 195 14 288 58
Kongrou 0.0089 271 79 412 162
Kongrou 0.0087 -9 75 92 135
Kongrou 0.0080 177 123 322 226
Kongrou 0.0062 120 12 209 60
Kongrou 0.0042 45 148 146 201
Kongrou 0.0033 132 60 243 105
Kongrou 0.0032 92 -191 365 68
Kongrou 0.0024 204 -3 250 14
Kongrou 0.0022 133 111 402 247
Kongrou 0.0021 -21 140 213 209
Kongrou 0.0020 211 101 352 257
Kongrou 0.0019 5 -22 395 269
Kongrou 0.0016 135 146 364 218
Kongrou 0.0015 124 133 398 419
Kongrou 0.0015 201 145 313 204
Kongrou 0.0011 292 102 391 154
Rouzaofun 0.0996 19 103 149 251
Rouzaofun 0.0857 201 96 333 263
Rouzaofun 0.0501 24 29 136 74
Rouzaofun 0.0432 256 37 381 82
Rouzaofun 0.0358 195 14 288 58
Rouzaofun 0.0334 -9 75 92 135
Rouzaofun 0.0328 124 62 251 118
Rouzaofun 0.0324 271 79 412 162
Rouzaofun 0.0250 120 12 209 60
Rouzaofun 0.0217 133 111 402 247
Rouzaofun 0.0112 172 128 311 236
Rouzaofun 0.0097 38 116 184 217
Rouzaofun 0.0086 45 148 146 201
Rouzaofun 0.0076 -34 111 232 246
Rouzaofun 0.0058 -21 140 213 209
Rouzaofun 0.0056 204 -3 250 14
Rouzaofun 0.0045 135 146 364 218
Rouzaofun 0.0032 292 102 391 154
Rouzaofun 0.0028 201 145 313 204
Rouzaofun 0.0027 92 -191 365 68
Rouzaofun 0.0027 26 19 150 99
Rouzaofun 0.0024 5 -22 395 269
Rouzaofun 0.0020 97 53 293 126
Rouzaofun 0.0017 108 -12 222 69
Rouzaofun 0.0017 -1 125 116 224
Rouzaofun 0.0016 18 145 112 204
Rouzaofun 0.0015 203 36 281 66
Rouzaofun 0.0015 189 -11 295 69
Rouzaofun 0.0013 104 138 421 413
Rouzaofun 0.0012 226 133 365 231
Rouzaofun 0.0011 278 79 389 131
Rice_with_Shredded_Chicken 0.0980 33 102 163 254
Rice_with_Shredded_Chicken 0.0892 201 96 333 263
Rice_with_Shredded_Chicken 0.0468 24 29 136 74
Rice_with_Shredded_Chicken 0.0452 195 14 288 58
Rice_with_Shredded_Chicken 0.0377 256 37 381 82
Rice_with_Shredded_Chicken 0.0302 120 12 209 60
Rice_with_Shredded_Chicken 0.0263 -9 75 92 135
Rice_with_Shredded_Chicken 0.0261 121 53 255 127
Rice_with_Shredded_Chicken 0.0252 271 79 412 162
Rice_with_Shredded_Chicken 0.0187 133 111 402 247
Rice_with_Shredded_Chicken 0.0076 204 -3 250 14
Rice_with_Shredded_Chicken 0.0070 -34 111 232 246
Rice_with_Shredded_Chicken 0.0064 172 128 311 236
Rice_with_Shredded_Chicken 0.0048 0 124 145 225
Rice_with_Shredded_Chicken 0.0044 45 148 146 201
Rice_with_Shredded_Chicken 0.0043 132 60 243 105
Rice_with_Shredded_Chicken 0.0042 -21 140 213 209
Rice_with_Shredded_Chicken 0.0034 87 -168 374 45
Rice_with_Shredded_Chicken 0.0031 135 146 364 218
Rice_with_Shredded_Chicken 0.0022 203 36 281 66
Rice_with_Shredded_Chicken 0.0021 5 -22 395 269
Rice_with_Shredded_Chicken 0.0021 292 102 391 154
Rice_with_Shredded_Chicken 0.0016 26 19 150 99
Rice_with_Shredded_Chicken 0.0015 104 138 421 413
Rice_with_Shredded_Chicken 0.0014 101 -12 214 69
Rice_with_Shredded_Chicken 0.0013 201 145 313 204
Rice_with_Shredded_Chicken 0.0012 21 -99 206 -2
Rice_with_Shredded_Chicken 0.0012 189 -11 295 69
migao 0.1097 201 96 333 263
migao 0.0926 33 102 163 254
migao 0.0749 24 29 136 74
migao 0.0578 256 37 381 82
migao 0.0554 195 14 288 58
migao 0.0417 -9 75 92 135
migao 0.0364 124 62 251 118
migao 0.0358 120 12 209 60
migao 0.0237 271 79 412 162
migao 0.0167 133 111 402 247
migao 0.0105 204 -3 250 14
migao 0.0078 172 128 311 236
migao 0.0070 45 148 146 201
migao 0.0059 -34 111 232 246
migao 0.0054 0 124 145 225
migao 0.0049 -21 140 213 209
migao 0.0038 135 146 364 218
migao 0.0034 87 -168 374 45
migao 0.0027 292 102 391 154
migao 0.0023 5 -22 395 269
migao 0.0022 203 36 281 66
migao 0.0020 201 145 313 204
migao 0.0018 97 53 293 126
migao 0.0015 26 19 150 99
migao 0.0013 18 145 112 204
migao 0.0012 159 151 369 407
migao 0.0010 373 149 403 198
migao 0.0010 -65 178 162 442
migao 0.0010 278 79 389 131
wagui 0.3641 201 96 333 263
wagui 0.3326 33 102 163 254
wagui 0.1403 24 29 136 74
wagui 0.1178 195 14 288 58
wagui 0.1081 256 37 381 82
wagui 0.0814 120 12 209 60
wagui 0.0631 -9 75 92 135
wagui 0.0519 124 62 251 118
wagui 0.0368 271 79 412 162
wagui 0.0364 133 111 402 247
wagui 0.0244 204 -3 250 14
wagui 0.0135 -34 111 232 246
wagui 0.0083 203 36 281 66
wagui 0.0077 172 128 311 236
wagui 0.0066 45 148 146 201
wagui 0.0057 0 124 145 225
wagui 0.0049 292 102 391 154
wagui 0.0035 -21 140 213 209
wagui 0.0033 129 38 201 65
wagui 0.0029 26 19 150 99
wagui 0.0029 5 -22 395 269
wagui 0.0027 92 -191 365 68
wagui 0.0027 135 146 364 218
wagui 0.0024 373 149 403 198
wagui 0.0021 101 -12 214 69
wagui 0.0020 278 79 389 131
wagui 0.0018 137 -5 193 15
wagui 0.0017 201 145 313 204
wagui 0.0016 266 56 371 93
wagui 0.0016 38 45 122 88
wagui 0.0016 194 -14 259 10
wagui 0.0015 189 -11 295 69
wagui 0.0015 104 138 421 413
wagui 0.0015 0 101 83 140
wagui 0.0015 18 145 112 204
wagui 0.0013 306 222 363 250
wagui 0.0013 97 53 293 126
wagui 0.0012 116 235 236 312
wagui 0.0011 106 10 193 46
wagui 0.0010 135 33 249 169
wagui 0.0010 236 -5 294 16
wagui 0.0010 21 -99 206 -2
wagui 0.0010 158 -38 218 4
