Kongrou 0.0103 206 15 840 745
Kongrou 0.0099 126 -4 994 1086
Kongrou 0.0090 274 161 740 625
Kongrou 0.0076 687 -272 1184 -51
Kongrou 0.0063 712 -588 1204 232
Kongrou 0.0046 353 -442 1552 90
Kongrou 0.0028 1299 310 1624 908
Kongrou 0.0025 438 -701 1387 269
Kongrou 0.0018 57 -944 1813 497
Kongrou 0.0017 -273 -380 321 282
Kongrou 0.0014 600 -435 1283 -21
Kongrou 0.0014 -68 123 1110 758
Kongrou 0.0012 -621 -481 676 365
Kongrou 0.0012 133 298 1281 951
Kongrou 0.0011 148 198 925 528
Kongrou 0.0010 1196 538 1726 928
Rouzaofun 0.0753 25 207 1101 1052
Rouzaofun 0.0128 274 161 740 625
Rouzaofun 0.0068 687 -272 1184 -51
Rouzaofun 0.0050 1299 310 1624 908
Rouzaofun 0.0048 712 -588 1204 232
Rouzaofun 0.0039 353 -442 1552 90
Rouzaofun 0.0023 438 -701 1387 269
Rouzaofun 0.0022 148 198 925 528
Rouzaofun 0.0021 -273 -380 321 282
Rouzaofun 0.0020 57 -944 1813 497
Rouzaofun 0.0019 1196 538 1726 928
Rouzaofun 0.0015 -621 -481 676 365
Rouzaofun 0.0015 63 401 582 880
Rouzaofun 0.0013 1331 553 1589 852
Rouzaofun 0.0012 -100 16 1686 1047
Rouzaofun 0.0010 600 -435 1283 -21
Rouzaofun 0.0010 781 -353 1094 144
Rice_with_Shredded_Chicken 0.1027 1 38 1119 1042
Rice_with_Shredded_Chicken 0.0075 274 161 740 625
Rice_with_Shredded_Chicken 0.0064 687 -272 1184 -51
Rice_with_Shredded_Chicken 0.0049 712 -588 1204 232
Rice_with_Shredded_Chicken 0.0039 353 -442 1552 90
Rice_with_Shredded_Chicken 0.0038 1299 310 1624 908
Rice_with_Shredded_Chicken 0.0029 57 -944 1813 497
Rice_with_Shredded_Chicken 0.0027 438 -701 1387 269
Rice_with_Shredded_Chicken 0.0019 -273 -380 321 282
Rice_with_Shredded_Chicken 0.0016 1196 538 1726 928
Rice_with_Shredded_Chicken 0.0015 148 198 925 528
Rice_with_Shredded_Chicken 0.0012 -431 -612 493 509
Rice_with_Shredded_Chicken 0.0011 600 -435 1283 -21
Rice_with_Shredded_Chicken 0.0010 781 -353 1094 144
migao 0.0831 1 38 1119 1042
migao 0.0121 274 161 740 625
migao 0.0085 687 -272 1184 -51
migao 0.0059 712 -588 1204 232
migao 0.0047 353 -442 1552 90
migao 0.0039 1299 310 1624 908
migao 0.0031 206 15 840 745
migao 0.0023 57 -944 1813 497
migao 0.0019 148 198 925 528
migao 0.0018 438 -701 1387 269
migao 0.0018 1196 538 1726 928
migao 0.0016 -273 -380 321 282
migao 0.0014 781 -353 1094 144
migao 0.0013 -621 -481 676 365
migao 0.0013 600 -435 1283 -21
wagui 0.1160 1 38 1119 1042
wagui 0.0075 274 161 740 625
wagui 0.0058 1299 310 1624 908
wagui 0.0056 687 -272 1184 -51
wagui 0.0043 712 -588 1204 232
wagui 0.0040 353 -442 1552 90
wagui 0.0035 206 15 840 745
wagui 0.0034 57 -944 1813 497
wagui 0.0023 1196 538 1726 928
wagui 0.0021 1331 553 1589 852
wagui 0.0020 438 -701 1387 269
wagui 0.0019 360 291 1058 1084
wagui 0.0016 -273 -380 321 282
wagui 0.0014 -621 -481 676 365
wagui 0.0013 23 59 655 816
wagui 0.0013 148 198 925 528
