Kongrou 0.0011 -222 -621 568 255
Kongrou 0.0011 322 290 1072 842
Kongrou 0.0010 312 -727 1361 341
Rouzaofun 0.0095 138 282 1308 948
Rouzaofun 0.0012 739 1071 901 1260
Rouzaofun 0.0011 42 -373 676 60
Rouzaofun 0.0011 -222 -621 568 255
Rice_with_Shredded_Chicken 0.0045 339 284 1166 850
Rice_with_Shredded_Chicken 0.0032 146 379 1316 997
Rice_with_Shredded_Chicken 0.0014 739 1071 901 1260
Rice_with_Shredded_Chicken 0.0013 -317 -785 655 383
migao 0.0051 138 282 1308 948
migao 0.0013 739 1071 901 1260
migao 0.0012 -222 -621 568 255
migao 0.0011 659 896 928 1362
wagui 0.1274 138 282 1308 948
wagui 0.0091 324 285 959 843
wagui 0.0029 580 277 1251 850
wagui 0.0024 361 426 1143 1028
wagui 0.0019 -159 -153 942 691
wagui 0.0016 739 1071 901 1260
wagui 0.0011 475 -88 1647 1030
wagui 0.0010 62 -93 1382 850
