Kongrou 0.0257 77 -83 506 424
Kongrou 0.0250 525 144 931 659
Kongrou 0.0150 361 237 1097 640
Kongrou 0.0137 -112 13 694 391
Kongrou 0.0108 452 -202 748 -8
Kongrou 0.0086 449 -381 776 155
Kongrou 0.0056 266 -301 953 74
Kongrou 0.0020 492 -240 711 107
Kongrou 0.0018 548 278 889 580
Kongrou 0.0018 446 663 753 863
Kongrou 0.0014 444 514 780 994
Kongrou 0.0013 321 651 660 802
Kongrou 0.0010 387 -288 818 -5
Kongrou 0.0010 248 -239 578 -50
Rouzaofun 0.0612 76 -3 511 478
Rouzaofun 0.0354 -112 13 694 391
Rouzaofun 0.0179 523 143 936 731
Rouzaofun 0.0179 361 237 1097 640
Rouzaofun 0.0094 452 -202 748 -8
Rouzaofun 0.0073 449 -381 776 155
Rouzaofun 0.0050 266 -301 953 74
Rouzaofun 0.0021 492 -240 711 107
Rouzaofun 0.0020 548 278 889 580
Rouzaofun 0.0014 446 663 753 863
Rouzaofun 0.0011 444 514 780 994
Rouzaofun 0.0010 300 565 916 936
Rouzaofun 0.0010 19 77 354 388
Rouzaofun 0.0010 383 -252 500 113
Rouzaofun 0.0010 66 -557 1134 270
Rice_with_Shredded_Chicken 0.0885 74 -78 513 483
Rice_with_Shredded_Chicken 0.0498 -112 13 694 391
Rice_with_Shredded_Chicken 0.0279 361 237 1097 640
Rice_with_Shredded_Chicken 0.0264 523 143 936 731
Rice_with_Shredded_Chicken 0.0106 452 -202 748 -8
Rice_with_Shredded_Chicken 0.0072 449 -381 776 155
Rice_with_Shredded_Chicken 0.0052 266 -301 953 74
Rice_with_Shredded_Chicken 0.0026 492 -240 711 107
Rice_with_Shredded_Chicken 0.0016 446 663 753 863
Rice_with_Shredded_Chicken 0.0013 66 -557 1134 270
Rice_with_Shredded_Chicken 0.0011 548 278 889 580
Rice_with_Shredded_Chicken 0.0010 444 514 780 994
migao 0.0944 74 -78 513 483
migao 0.0496 -112 13 694 391
migao 0.0450 523 143 936 731
migao 0.0321 361 237 1097 640
migao 0.0118 452 -202 748 -8
migao 0.0082 449 -381 776 155
migao 0.0058 266 -301 953 74
migao 0.0033 492 -240 711 107
migao 0.0020 446 663 753 863
migao 0.0017 548 278 889 580
migao 0.0014 383 -252 500 113
migao 0.0013 444 514 780 994
migao 0.0010 66 -557 1134 270
migao 0.0010 300 565 916 936
migao 0.0010 387 -288 818 -5
wagui 0.2335 523 143 936 731
wagui 0.2290 74 -78 513 483
wagui 0.0831 -112 13 694 391
wagui 0.0810 361 237 1097 640
wagui 0.0083 452 -202 748 -8
wagui 0.0072 449 -381 776 155
wagui 0.0055 266 -301 953 74
wagui 0.0030 492 -240 711 107
wagui 0.0020 671 121 1016 676
wagui 0.0016 548 278 889 580
wagui 0.0016 66 -557 1134 270
wagui 0.0012 248 -239 578 -50
wagui 0.0010 444 514 780 994
