Kongrou 0.0883 103 46 205 178
Kongrou 0.0312 63 59 243 164
Kongrou 0.0036 30 -17 119 82
Kongrou 0.0011 144 -36 179 7
Kongrou 0.0010 97 81 176 167
Rouzaofun 0.0348 103 46 205 178
Rouzaofun 0.0326 63 59 243 164
Rouzaofun 0.0078 30 -17 119 82
Rouzaofun 0.0016 144 -36 179 7
Rouzaofun 0.0013 97 81 176 167
Rouzaofun 0.0011 6 10 148 59
Rouzaofun 0.0011 123 -52 200 23
Rouzaofun 0.0010 70 94 203 154
Rouzaofun 0.0010 -35 169 63 271
Rice_with_Shredded_Chicken 0.0270 106 57 203 184
Rice_with_Shredded_Chicken 0.0217 63 69 244 174
Rice_with_Shredded_Chicken 0.0057 30 -17 119 82
Rice_with_Shredded_Chicken 0.0015 144 -36 179 7
migao 0.0670 106 57 203 184
migao 0.0534 63 69 244 174
migao 0.0112 41 -15 127 80
migao 0.0017 144 -36 179 7
migao 0.0010 13 10 150 59
migao 0.0010 123 -52 200 23
wagui 0.2151 106 57 203 184
wagui 0.0768 41 -15 127 80
wagui 0.0756 63 69 244 174
wagui 0.0016 144 -36 179 7
wagui 0.0011 95 90 178 168
wagui 0.0011 -6 -23 146 97
wagui 0.0010 6 10 148 59
wagui 0.0010 44 13 110 56
