Kongrou 0.1721 98 21 502 394
Kongrou 0.0035 260 -95 441 -23
Kongrou 0.0032 272 -215 445 83
Kongrou 0.0024 112 -156 604 27
Kongrou 0.0020 164 -285 618 127
Kongrou 0.0017 227 -155 478 -13
Kongrou 0.0016 269 317 403 617
Kongrou 0.0015 165 21 412 312
Kongrou 0.0013 277 376 380 560
Kongrou 0.0013 146 134 632 440
Kongrou 0.0010 163 369 507 560
Rouzaofun 0.0144 89 25 598 375
Rouzaofun 0.0030 260 -95 441 -23
Rouzaofun 0.0024 272 -215 445 83
Rouzaofun 0.0023 2 -1 147 67
Rouzaofun 0.0021 112 -156 604 27
Rouzaofun 0.0018 277 376 380 560
Rouzaofun 0.0018 369 90 577 425
Rouzaofun 0.0015 308 447 371 519
Rouzaofun 0.0014 269 317 403 617
Rouzaofun 0.0014 164 -285 618 127
Rouzaofun 0.0013 163 60 460 407
Rouzaofun 0.0013 300 135 646 380
Rouzaofun 0.0012 227 -155 478 -13
Rouzaofun 0.0011 163 369 507 560
Rouzaofun 0.0010 451 154 598 350
Rice_with_Shredded_Chicken 0.0113 38 -4 558 402
Rice_with_Shredded_Chicken 0.0026 260 -95 441 -23
Rice_with_Shredded_Chicken 0.0025 272 -215 445 83
Rice_with_Shredded_Chicken 0.0023 277 376 380 560
Rice_with_Shredded_Chicken 0.0021 112 -156 604 27
Rice_with_Shredded_Chicken 0.0018 308 447 371 519
Rice_with_Shredded_Chicken 0.0017 -18 -287 427 132
Rice_with_Shredded_Chicken 0.0017 164 -285 618 127
Rice_with_Shredded_Chicken 0.0014 269 317 403 617
Rice_with_Shredded_Chicken 0.0013 2 -1 147 67
Rice_with_Shredded_Chicken 0.0013 163 369 507 560
Rice_with_Shredded_Chicken 0.0011 227 -155 478 -13
Rice_with_Shredded_Chicken 0.0010 163 60 460 407
migao 0.0517 65 58 629 427
migao 0.0054 160 29 463 395
migao 0.0039 260 -95 441 -23
migao 0.0029 272 -215 445 83
migao 0.0026 277 376 380 560
migao 0.0025 112 -156 604 27
migao 0.0024 -12 0 139 66
migao 0.0017 269 317 403 617
migao 0.0016 308 447 371 519
migao 0.0016 227 -155 478 -13
migao 0.0015 164 -285 618 127
migao 0.0014 534 -3 607 46
migao 0.0012 163 369 507 560
wagui 0.0114 98 21 502 394
wagui 0.0032 534 -3 607 46
wagui 0.0030 -12 0 139 66
wagui 0.0025 260 -95 441 -23
wagui 0.0021 272 -215 445 83
wagui 0.0020 112 -156 604 27
wagui 0.0019 308 447 371 519
wagui 0.0019 277 376 380 560
wagui 0.0016 164 -285 618 127
wagui 0.0013 -18 -287 427 132
wagui 0.0012 269 317 403 617
