Kongrou 0.0215 119 -42 912 680
Kongrou 0.0015 215 6 610 562
Kongrou 0.0012 -48 -123 398 223
Kongrou 0.0012 60 17 196 140
Kongrou 0.0012 434 43 865 604
Kongrou 0.0011 442 586 704 1086
Kongrou 0.0011 113 -14 260 133
Kongrou 0.0010 250 -439 922 249
Kongrou 0.0010 -156 50 192 366
Kongrou 0.0010 465 683 658 1000
Kongrou 0.0010 -287 8 321 399
Rouzaofun 0.0321 170 24 1000 734
Rouzaofun 0.0019 363 86 859 640
Rouzaofun 0.0012 60 17 196 140
Rouzaofun 0.0011 -287 8 321 399
Rouzaofun 0.0011 113 -14 260 133
Rouzaofun 0.0010 465 683 658 1000
Rouzaofun 0.0010 -147 -56 404 212
Rouzaofun 0.0010 -156 50 192 366
Rice_with_Shredded_Chicken 0.0136 166 53 849 709
Rice_with_Shredded_Chicken 0.0013 158 -340 1026 147
Rice_with_Shredded_Chicken 0.0012 465 683 658 1000
Rice_with_Shredded_Chicken 0.0011 60 17 196 140
Rice_with_Shredded_Chicken 0.0010 113 -14 260 133
Rice_with_Shredded_Chicken 0.0010 -48 -123 398 223
migao 0.0626 100 29 931 727
migao 0.0017 465 683 658 1000
migao 0.0013 60 17 196 140
migao 0.0012 158 -340 1026 147
migao 0.0012 363 86 859 640
migao 0.0012 442 586 704 1086
migao 0.0011 -231 -138 273 549
migao 0.0011 -48 -123 398 223
migao 0.0010 113 -14 260 133
migao 0.0010 440 731 682 878
wagui 0.3699 119 -42 912 680
wagui 0.0055 363 86 859 640
wagui 0.0035 209 53 615 594
wagui 0.0014 296 -62 763 555
wagui 0.0013 113 -14 260 133
wagui 0.0012 -231 -138 273 549
wagui 0.0011 60 17 196 140
wagui 0.0010 26 -500 1169 300
wagui 0.0010 158 -340 1026 147
wagui 0.0010 -147 -56 404 212
