Kongrou 0.5263 96 145 587 547
Kongrou 0.0075 23 -21 232 274
Kongrou 0.0049 366 -48 576 169
Kongrou 0.0043 239 166 522 502
Kongrou 0.0013 30 174 406 496
Kongrou 0.0011 -42 57 260 207
Kongrou 0.0010 262 -28 637 190
Rouzaofun 0.1552 371 -45 573 204
Rouzaofun 0.0353 23 -21 232 274
Rouzaofun 0.0212 31 140 561 550
Rouzaofun 0.0054 -41 11 341 241
Rouzaofun 0.0022 276 -46 666 162
Rouzaofun 0.0013 310 21 623 150
Rouzaofun 0.0012 -56 57 251 207
Rouzaofun 0.0010 210 214 596 501
Rice_with_Shredded_Chicken 0.2641 371 -45 573 204
Rice_with_Shredded_Chicken 0.0304 31 140 561 550
Rice_with_Shredded_Chicken 0.0073 -53 8 307 246
Rice_with_Shredded_Chicken 0.0020 276 -46 666 162
Rice_with_Shredded_Chicken 0.0012 15 28 203 237
migao 0.1969 37 146 567 546
migao 0.0532 371 -45 573 204
migao 0.0240 -53 8 307 246
migao 0.0042 7 -20 205 271
migao 0.0012 210 214 596 501
migao 0.0010 310 21 623 150
wagui 0.0200 371 -45 573 204
wagui 0.0073 31 140 561 550
wagui 0.0031 -53 8 307 246
wagui 0.0012 15 28 203 237
