Kongrou 0.0133 117 380 729 1052
Kongrou 0.0036 235 9 703 405
Kongrou 0.0011 333 518 787 1090
Rouzaofun 0.0093 265 -1 759 503
Rouzaofun 0.0028 -35 514 877 1006
Rouzaofun 0.0019 35 65 987 533
Rouzaofun 0.0011 246 432 781 1085
Rouzaofun 0.0010 824 584 1011 778
Rice_with_Shredded_Chicken 0.0325 276 0 751 588
Rice_with_Shredded_Chicken 0.0052 -17 484 830 1106
Rice_with_Shredded_Chicken 0.0047 35 65 987 533
Rice_with_Shredded_Chicken 0.0010 700 931 1144 1333
migao 0.0218 282 6 743 412
migao 0.0074 118 422 729 1100
migao 0.0029 73 18 953 483
migao 0.0014 824 584 1011 778
migao 0.0011 827 502 1008 721
migao 0.0010 825 654 1011 848
wagui 0.4089 282 6 743 412
wagui 0.2027 -17 484 830 1106
wagui 0.0187 73 18 953 483
wagui 0.0051 265 397 760 1029
wagui 0.0015 46 402 520 1026
wagui 0.0014 -134 290 932 926
wagui 0.0010 237 94 703 584
