Kongrou 0.2405 77 105 908 793
Kongrou 0.0028 382 116 811 599
Kongrou 0.0025 121 162 607 702
Kongrou 0.0017 21 -64 328 469
Kongrou 0.0015 764 -103 1117 358
Kongrou 0.0011 409 659 687 983
Kongrou 0.0010 649 -161 1229 410
Rouzaofun 0.0206 16 30 980 715
Rouzaofun 0.0020 25 186 627 757
Rouzaofun 0.0014 -91 -10 433 417
Rouzaofun 0.0012 764 -103 1117 358
Rouzaofun 0.0012 523 24 956 283
Rouzaofun 0.0012 473 762 662 892
Rouzaofun 0.0011 593 -40 847 347
Rouzaofun 0.0010 409 659 687 983
Rice_with_Shredded_Chicken 0.0297 16 30 980 715
Rice_with_Shredded_Chicken 0.0015 25 186 627 757
Rice_with_Shredded_Chicken 0.0015 764 -103 1117 358
Rice_with_Shredded_Chicken 0.0011 328 -42 787 138
Rice_with_Shredded_Chicken 0.0010 649 -161 1229 410
Rice_with_Shredded_Chicken 0.0010 473 762 662 892
Rice_with_Shredded_Chicken 0.0010 409 659 687 983
migao 0.0904 48 121 949 770
migao 0.0014 -91 -10 433 417
migao 0.0013 409 659 687 983
migao 0.0013 764 -103 1117 358
migao 0.0012 523 24 956 283
migao 0.0011 473 762 662 892
wagui 0.1357 77 105 908 793
wagui 0.0026 328 -42 787 138
wagui 0.0021 284 131 756 731
wagui 0.0020 6 140 572 729
wagui 0.0018 -91 -10 433 417
wagui 0.0011 508 761 703 892
wagui 0.0010 764 -103 1117 358
wagui 0.0010 649 -161 1229 410
