Kongrou 0.0154 328 207 592 314
Kongrou 0.0151 463 98 682 233
Kongrou 0.0127 528 275 806 357
Kongrou 0.0104 642 351 917 469
Kongrou 0.0089 306 308 575 437
Kongrou 0.0058 425 427 721 544
Kongrou 0.0056 103 432 440 539
Kongrou 0.0027 513 244 824 425
Kongrou 0.0025 227 -452 895 192
Kongrou 0.0013 668 79 933 325
Kongrou 0.0013 703 126 895 279
Kongrou 0.0011 268 304 1010 1086
Kongrou 0.0010 201 353 307 428
Rouzaofun 0.0603 328 207 592 314
Rouzaofun 0.0600 463 98 682 233
Rouzaofun 0.0481 528 275 806 357
Rouzaofun 0.0456 643 368 917 489
Rouzaofun 0.0310 306 308 575 437
Rouzaofun 0.0274 103 432 440 539
Rouzaofun 0.0245 425 427 721 544
Rouzaofun 0.0083 513 244 824 425
Rouzaofun 0.0054 703 126 895 279
Rouzaofun 0.0052 668 79 933 325
Rouzaofun 0.0033 201 353 307 428
Rouzaofun 0.0025 340 93 430 198
Rouzaofun 0.0023 227 -452 895 192
Rouzaofun 0.0019 279 168 569 351
Rouzaofun 0.0014 513 721 634 853
Rouzaofun 0.0013 728 355 946 466
Rouzaofun 0.0012 653 348 907 435
Rouzaofun 0.0011 160 395 462 575
Rouzaofun 0.0011 551 305 783 402
Rouzaofun 0.0010 24 24 954 777
Rouzaofun 0.0010 242 370 1041 1019
Rouzaofun 0.0010 616 317 983 502
Rice_with_Shredded_Chicken 0.0837 305 208 577 312
Rice_with_Shredded_Chicken 0.0733 463 98 682 233
Rice_with_Shredded_Chicken 0.0619 528 275 806 357
Rice_with_Shredded_Chicken 0.0424 643 368 917 489
Rice_with_Shredded_Chicken 0.0296 306 308 575 437
Rice_with_Shredded_Chicken 0.0241 425 427 721 544
Rice_with_Shredded_Chicken 0.0212 103 432 440 539
Rice_with_Shredded_Chicken 0.0084 513 244 824 425
Rice_with_Shredded_Chicken 0.0045 668 79 933 325
Rice_with_Shredded_Chicken 0.0044 703 126 895 279
Rice_with_Shredded_Chicken 0.0041 201 353 307 428
Rice_with_Shredded_Chicken 0.0031 340 93 430 198
Rice_with_Shredded_Chicken 0.0029 196 -388 933 129
Rice_with_Shredded_Chicken 0.0026 97 -553 1042 281
Rice_with_Shredded_Chicken 0.0015 513 721 634 853
Rice_with_Shredded_Chicken 0.0013 36 -394 636 136
Rice_with_Shredded_Chicken 0.0010 551 305 783 402
Rice_with_Shredded_Chicken 0.0010 242 370 1041 1019
migao 0.1009 305 208 577 312
migao 0.0962 463 98 682 233
migao 0.0925 528 275 806 357
migao 0.0647 643 368 917 489
migao 0.0416 306 308 575 437
migao 0.0375 103 432 440 539
migao 0.0343 425 427 721 544
migao 0.0069 201 353 307 428
migao 0.0057 513 244 824 425
migao 0.0052 703 126 895 279
migao 0.0052 340 93 430 198
migao 0.0035 668 79 933 325
migao 0.0028 196 -388 933 129
migao 0.0019 97 -553 1042 281
migao 0.0013 513 721 634 853
migao 0.0013 764 94 874 159
migao 0.0012 363 106 445 222
migao 0.0012 551 305 783 402
migao 0.0012 728 355 946 466
migao 0.0011 653 348 907 435
migao 0.0010 376 381 909 1030
migao 0.0010 260 437 435 534
migao 0.0010 891 72 971 182
wagui 0.2747 528 275 806 357
wagui 0.2608 305 208 577 312
wagui 0.2030 463 98 682 233
wagui 0.1274 642 351 917 469
wagui 0.0809 306 308 575 437
wagui 0.0808 103 432 440 539
wagui 0.0679 425 427 721 544
wagui 0.0177 201 353 307 428
wagui 0.0158 513 244 824 425
wagui 0.0144 340 93 430 198
wagui 0.0109 703 126 895 279
wagui 0.0071 668 79 933 325
wagui 0.0046 764 94 874 159
wagui 0.0032 551 305 783 402
wagui 0.0031 363 106 445 222
wagui 0.0029 260 437 435 534
wagui 0.0028 891 72 971 182
wagui 0.0027 97 -553 1042 281
wagui 0.0021 196 -388 933 129
wagui 0.0020 738 383 937 475
wagui 0.0019 487 144 660 261
wagui 0.0018 706 243 893 313
wagui 0.0017 336 166 624 353
wagui 0.0016 725 267 874 326
wagui 0.0016 469 82 678 174
wagui 0.0016 513 721 634 853
wagui 0.0014 -7 19 345 520
wagui 0.0013 913 79 987 212
wagui 0.0012 160 395 462 575
wagui 0.0011 171 368 299 449
wagui 0.0011 432 363 733 630
wagui 0.0010 683 99 878 231
