Kongrou 0.0292 462 286 660 455
Kongrou 0.0184 308 218 473 338
Kongrou 0.0184 470 194 621 301
Kongrou 0.0165 184 293 322 387
Kongrou 0.0158 138 264 369 446
Kongrou 0.0139 289 150 433 222
Kongrou 0.0120 119 193 295 302
Kongrou 0.0106 176 121 300 189
Kongrou 0.0101 178 61 298 125
Kongrou 0.0081 278 33 383 91
Kongrou 0.0076 534 127 679 213
Kongrou 0.0075 401 114 536 196
Kongrou 0.0056 453 144 638 321
Kongrou 0.0053 280 90 411 157
Kongrou 0.0051 357 43 488 112
Kongrou 0.0032 308 80 414 138
Kongrou 0.0019 269 97 454 276
Kongrou 0.0018 -52 -71 853 520
Kongrou 0.0017 375 253 470 335
Kongrou 0.0017 489 183 602 251
Kongrou 0.0016 352 449 528 712
Kongrou 0.0016 132 194 221 269
Kongrou 0.0015 743 257 809 360
Kongrou 0.0014 329 377 565 783
Kongrou 0.0013 526 135 627 205
Kongrou 0.0013 525 312 659 430
Kongrou 0.0013 426 553 573 649
Kongrou 0.0012 141 62 335 249
Kongrou 0.0012 602 -85 905 203
Kongrou 0.0012 418 -297 1112 374
Kongrou 0.0011 206 419 687 734
Kongrou 0.0011 516 84 700 257
Kongrou 0.0011 189 -56 609 503
Kongrou 0.0010 579 -223 931 339
Rouzaofun 0.0828 462 286 660 455
Rouzaofun 0.0828 470 194 621 301
Rouzaofun 0.0718 308 218 473 338
Rouzaofun 0.0621 119 193 295 302
Rouzaofun 0.0475 289 150 433 222
Rouzaofun 0.0464 138 264 369 446
Rouzaofun 0.0450 178 61 298 125
Rouzaofun 0.0368 278 33 383 91
Rouzaofun 0.0368 176 121 300 189
Rouzaofun 0.0339 534 127 679 213
Rouzaofun 0.0298 401 114 536 196
Rouzaofun 0.0243 184 293 322 387
Rouzaofun 0.0213 357 43 488 112
Rouzaofun 0.0203 280 90 411 157
Rouzaofun 0.0170 453 144 638 321
Rouzaofun 0.0132 308 80 414 138
Rouzaofun 0.0059 269 97 454 276
Rouzaofun 0.0051 516 84 700 257
Rouzaofun 0.0047 151 0 326 188
Rouzaofun 0.0039 743 257 809 360
Rouzaofun 0.0037 244 -32 417 160
Rouzaofun 0.0037 141 62 335 249
Rouzaofun 0.0035 525 312 659 430
Rouzaofun 0.0035 489 183 602 251
Rouzaofun 0.0034 526 135 627 205
Rouzaofun 0.0033 375 253 470 335
Rouzaofun 0.0032 380 68 558 243
Rouzaofun 0.0030 132 194 221 269
Rouzaofun 0.0026 -12 -43 814 502
Rouzaofun 0.0023 377 63 499 123
Rouzaofun 0.0020 146 307 299 433
Rouzaofun 0.0020 335 -14 511 173
Rouzaofun 0.0019 246 31 446 219
Rouzaofun 0.0018 192 49 314 107
Rouzaofun 0.0017 352 449 528 712
Rouzaofun 0.0017 220 288 348 423
Rouzaofun 0.0017 426 553 573 649
Rouzaofun 0.0016 282 182 501 374
Rouzaofun 0.0014 140 141 336 325
Rouzaofun 0.0014 255 19 376 75
Rouzaofun 0.0013 418 -297 1112 374
Rouzaofun 0.0013 206 419 687 734
Rouzaofun 0.0012 452 297 607 413
Rouzaofun 0.0012 329 377 565 783
Rouzaofun 0.0010 579 -223 931 339
Rouzaofun 0.0010 748 355 804 447
Rouzaofun 0.0010 602 -85 905 203
Rouzaofun 0.0010 138 -100 539 546
Rice_with_Shredded_Chicken 0.0892 470 194 621 301
Rice_with_Shredded_Chicken 0.0859 462 286 660 455
Rice_with_Shredded_Chicken 0.0817 289 150 433 222
Rice_with_Shredded_Chicken 0.0802 178 61 298 125
Rice_with_Shredded_Chicken 0.0742 308 218 473 338
Rice_with_Shredded_Chicken 0.0679 119 193 295 302
Rice_with_Shredded_Chicken 0.0672 176 121 300 189
Rice_with_Shredded_Chicken 0.0641 278 33 383 91
Rice_with_Shredded_Chicken 0.0497 401 114 536 196
Rice_with_Shredded_Chicken 0.0425 534 127 679 213
Rice_with_Shredded_Chicken 0.0364 125 261 351 449
Rice_with_Shredded_Chicken 0.0347 280 90 411 157
Rice_with_Shredded_Chicken 0.0312 357 43 488 112
Rice_with_Shredded_Chicken 0.0198 184 293 322 387
Rice_with_Shredded_Chicken 0.0179 308 80 414 138
Rice_with_Shredded_Chicken 0.0148 453 144 638 321
Rice_with_Shredded_Chicken 0.0066 269 97 454 276
Rice_with_Shredded_Chicken 0.0045 516 84 700 257
Rice_with_Shredded_Chicken 0.0043 151 0 326 188
Rice_with_Shredded_Chicken 0.0041 141 62 335 249
Rice_with_Shredded_Chicken 0.0035 743 257 809 360
Rice_with_Shredded_Chicken 0.0034 380 68 558 243
Rice_with_Shredded_Chicken 0.0032 377 63 499 123
Rice_with_Shredded_Chicken 0.0030 244 -32 417 160
Rice_with_Shredded_Chicken 0.0030 132 194 221 269
Rice_with_Shredded_Chicken 0.0029 -52 -71 853 520
Rice_with_Shredded_Chicken 0.0028 375 253 470 335
Rice_with_Shredded_Chicken 0.0027 526 135 627 205
Rice_with_Shredded_Chicken 0.0026 489 183 602 251
Rice_with_Shredded_Chicken 0.0019 246 31 446 219
Rice_with_Shredded_Chicken 0.0018 525 312 659 430
Rice_with_Shredded_Chicken 0.0018 335 -14 511 173
Rice_with_Shredded_Chicken 0.0017 426 553 573 649
Rice_with_Shredded_Chicken 0.0016 192 49 314 107
Rice_with_Shredded_Chicken 0.0016 352 449 528 712
Rice_with_Shredded_Chicken 0.0015 189 -56 609 503
Rice_with_Shredded_Chicken 0.0012 206 419 687 734
Rice_with_Shredded_Chicken 0.0012 329 377 565 783
Rice_with_Shredded_Chicken 0.0012 140 290 272 419
Rice_with_Shredded_Chicken 0.0012 418 -297 1112 374
Rice_with_Shredded_Chicken 0.0012 282 182 501 374
Rice_with_Shredded_Chicken 0.0011 602 -85 905 203
Rice_with_Shredded_Chicken 0.0011 748 355 804 447
Rice_with_Shredded_Chicken 0.0010 255 19 376 75
Rice_with_Shredded_Chicken 0.0010 579 -223 931 339
Rice_with_Shredded_Chicken 0.0010 401 553 505 650
migao 0.1417 470 194 621 301
migao 0.1100 178 61 298 125
migao 0.1000 308 218 473 338
migao 0.0978 289 150 433 222
migao 0.0965 278 33 383 91
migao 0.0912 119 193 295 302
migao 0.0840 462 286 660 455
migao 0.0824 176 121 300 189
migao 0.0662 534 127 679 213
migao 0.0606 401 114 536 196
migao 0.0398 138 264 369 446
migao 0.0393 357 43 488 112
migao 0.0390 280 90 411 157
migao 0.0262 308 80 414 138
migao 0.0260 184 293 322 387
migao 0.0123 453 144 638 321
migao 0.0063 743 257 809 360
migao 0.0051 526 135 627 205
migao 0.0048 132 194 221 269
migao 0.0044 489 183 602 251
migao 0.0039 377 63 499 123
migao 0.0035 375 253 470 335
migao 0.0032 269 97 454 276
migao 0.0029 525 312 659 430
migao 0.0027 516 84 700 257
migao 0.0025 192 49 314 107
migao 0.0024 352 449 528 712
migao 0.0022 140 290 272 419
migao 0.0021 151 0 326 188
migao 0.0020 141 62 335 249
migao 0.0018 255 19 376 75
migao 0.0016 380 68 558 243
migao 0.0016 -52 -71 853 520
migao 0.0016 440 555 590 647
migao 0.0015 748 355 804 447
migao 0.0015 244 -32 417 160
migao 0.0015 329 377 565 783
migao 0.0014 282 182 501 374
migao 0.0013 206 419 687 734
migao 0.0013 220 288 348 423
migao 0.0012 452 297 607 413
migao 0.0011 602 -85 905 203
migao 0.0011 418 -297 1112 374
migao 0.0011 579 -223 931 339
migao 0.0010 189 -56 609 503
migao 0.0010 408 552 530 650
wagui 0.2259 178 61 298 125
wagui 0.2065 289 150 433 222
wagui 0.1810 176 121 300 189
wagui 0.1719 278 33 383 91
wagui 0.1289 470 194 621 301
wagui 0.1202 534 127 679 213
wagui 0.1121 401 114 536 196
wagui 0.0993 308 218 473 338
wagui 0.0951 119 193 295 302
wagui 0.0906 462 286 660 455
wagui 0.0906 290 78 402 139
wagui 0.0737 357 43 488 112
wagui 0.0450 299 90 424 158
wagui 0.0411 184 293 322 387
wagui 0.0390 125 261 351 449
wagui 0.0130 453 144 638 321
wagui 0.0117 743 257 809 360
wagui 0.0113 132 194 221 269
wagui 0.0093 526 135 627 205
wagui 0.0083 377 63 499 123
wagui 0.0071 269 97 454 276
wagui 0.0064 489 183 602 251
wagui 0.0060 375 253 470 335
wagui 0.0057 192 49 314 107
wagui 0.0048 141 62 335 249
wagui 0.0047 516 84 700 257
wagui 0.0044 151 0 326 188
wagui 0.0041 525 312 659 430
wagui 0.0040 255 19 376 75
wagui 0.0036 748 355 804 447
wagui 0.0034 380 68 558 243
wagui 0.0029 244 -32 417 160
wagui 0.0026 13 269 64 349
wagui 0.0025 620 113 688 166
wagui 0.0020 140 290 272 419
wagui 0.0019 452 297 607 413
wagui 0.0019 246 31 446 219
wagui 0.0018 426 553 573 649
wagui 0.0016 335 -14 511 173
wagui 0.0014 602 -85 905 203
wagui 0.0014 306 189 540 399
wagui 0.0013 -52 -71 853 520
wagui 0.0013 352 449 528 712
wagui 0.0011 28 -559 909 248
wagui 0.0011 337 262 477 355
wagui 0.0011 329 377 565 783
wagui 0.0011 418 -297 1112 374
wagui 0.0010 401 553 505 650
wagui 0.0010 579 -223 931 339
wagui 0.0010 220 288 348 423
wagui 0.0010 292 -120 368 -27
