Kongrou 0.0204 36 21 205 182
Kongrou 0.0021 82 187 146 203
Kongrou 0.0014 63 29 169 150
Kongrou 0.0012 91 184 147 196
Rouzaofun 0.3567 7 26 200 181
Rouzaofun 0.0231 62 36 170 162
Rouzaofun 0.0027 82 187 146 203
Rouzaofun 0.0017 63 12 252 163
Rouzaofun 0.0014 84 183 144 197
Rouzaofun 0.0010 -36 -52 41 45
Rice_with_Shredded_Chicken 0.1611 36 21 205 182
Rice_with_Shredded_Chicken 0.0017 82 187 146 203
Rice_with_Shredded_Chicken 0.0011 63 29 169 150
Rice_with_Shredded_Chicken 0.0010 39 149 206 276
migao 0.1127 36 21 205 182
migao 0.0040 63 29 169 150
migao 0.0032 82 187 146 203
migao 0.0014 91 184 147 196
wagui 0.7630 12 18 231 189
wagui 0.0063 33 44 200 154
wagui 0.0046 82 187 146 203
wagui 0.0026 91 184 147 196
wagui 0.0011 107 35 257 163
wagui 0.0011 191 118 224 140
wagui 0.0010 106 184 159 205
