Kongrou 0.1257 101 31 655 403
Kongrou 0.0039 162 -302 582 129
Kongrou 0.0024 338 55 636 400
Kongrou 0.0013 275 -228 453 81
Kongrou 0.0013 258 -108 452 -24
Kongrou 0.0012 213 0 399 44
Kongrou 0.0011 92 -179 634 36
Rouzaofun 0.0158 101 31 655 403
Rouzaofun 0.0034 162 -302 582 129
Rouzaofun 0.0014 213 0 399 44
Rouzaofun 0.0011 275 -228 453 81
Rice_with_Shredded_Chicken 0.0086 144 26 591 406
Rice_with_Shredded_Chicken 0.0040 137 -260 612 85
Rice_with_Shredded_Chicken 0.0014 213 0 399 44
Rice_with_Shredded_Chicken 0.0011 275 -228 453 81
migao 0.1021 101 31 655 403
migao 0.0043 137 -260 612 85
migao 0.0018 213 0 399 44
migao 0.0013 258 -108 452 -24
migao 0.0013 275 -228 453 81
wagui 0.6749 101 31 655 403
wagui 0.0037 72 -345 684 165
wagui 0.0034 213 0 399 44
wagui 0.0032 338 55 636 400
