Kongrou 0.1139 -59 59 1072 635
Kongrou 0.0527 260 12 712 527
Kongrou 0.0042 363 678 696 894
Kongrou 0.0029 538 -268 864 -97
Kongrou 0.0028 561 -485 875 96
Kongrou 0.0025 346 -341 716 -120
Kongrou 0.0017 297 -385 1132 -2
Kongrou 0.0016 681 254 1003 535
Kongrou 0.0016 -110 -639 934 199
Kongrou 0.0014 491 769 818 899
Kongrou 0.0013 513 511 827 1122
Kongrou 0.0013 475 699 933 957
Kongrou 0.0013 201 389 1187 1198
Kongrou 0.0012 359 -672 1208 221
Kongrou 0.0012 171 130 798 683
Kongrou 0.0010 440 -326 593 39
Rouzaofun 0.0202 -59 59 1072 635
Rouzaofun 0.0046 260 12 712 527
Rouzaofun 0.0023 538 -268 864 -97
Rouzaofun 0.0022 440 -326 593 39
Rouzaofun 0.0021 561 -485 875 96
Rouzaofun 0.0014 475 699 933 957
Rouzaofun 0.0014 297 -385 1132 -2
Rouzaofun 0.0012 268 589 1156 1042
Rouzaofun 0.0011 346 -341 716 -120
Rouzaofun 0.0010 -110 -639 934 199
Rouzaofun 0.0010 130 -282 939 -5
Rouzaofun 0.0010 778 453 1045 614
Rouzaofun 0.0010 363 678 696 894
Rouzaofun 0.0010 681 254 1003 535
Rouzaofun 0.0010 513 511 827 1122
Rice_with_Shredded_Chicken 0.0054 -59 59 1072 635
Rice_with_Shredded_Chicken 0.0024 538 -268 864 -97
Rice_with_Shredded_Chicken 0.0022 -110 -639 934 199
Rice_with_Shredded_Chicken 0.0022 561 -485 875 96
Rice_with_Shredded_Chicken 0.0020 260 12 712 527
Rice_with_Shredded_Chicken 0.0015 297 -385 1132 -2
Rice_with_Shredded_Chicken 0.0013 475 699 933 957
Rice_with_Shredded_Chicken 0.0012 359 -672 1208 221
Rice_with_Shredded_Chicken 0.0011 20 -828 1388 367
Rice_with_Shredded_Chicken 0.0011 201 389 1187 1198
Rice_with_Shredded_Chicken 0.0010 440 -326 593 39
Rice_with_Shredded_Chicken 0.0010 513 511 827 1122
migao 0.0351 -59 59 1072 635
migao 0.0128 260 12 712 527
migao 0.0030 538 -268 864 -97
migao 0.0026 440 -326 593 39
migao 0.0026 561 -485 875 96
migao 0.0019 -110 -639 934 199
migao 0.0017 237 -563 1155 119
migao 0.0016 475 699 933 957
migao 0.0014 491 769 818 899
migao 0.0013 681 254 1003 535
migao 0.0013 363 678 696 894
migao 0.0013 513 511 827 1122
migao 0.0012 268 589 1156 1042
migao 0.0010 130 -282 939 -5
migao 0.0010 778 453 1045 614
wagui 0.0118 -59 59 1072 635
wagui 0.0106 260 12 712 527
wagui 0.0035 346 -341 716 -120
wagui 0.0035 -110 -639 934 199
wagui 0.0021 538 -268 864 -97
wagui 0.0019 561 -485 875 96
wagui 0.0018 363 678 696 894
wagui 0.0015 681 254 1003 535
wagui 0.0015 297 -385 1132 -2
wagui 0.0014 20 -828 1388 367
wagui 0.0013 440 -326 593 39
wagui 0.0012 778 453 1045 614
wagui 0.0011 201 389 1187 1198
wagui 0.0010 359 -672 1208 221
