Kongrou 0.0323 227 127 579 388
Kongrou 0.0097 447 -246 754 -68
Kongrou 0.0071 446 -393 780 62
Kongrou 0.0070 78 232 255 361
Kongrou 0.0066 309 575 596 766
Kongrou 0.0066 15 93 161 186
Kongrou 0.0051 255 -340 964 8
Kongrou 0.0033 299 169 546 348
Kongrou 0.0031 118 45 295 115
Kongrou 0.0022 285 -571 1052 188
Kongrou 0.0022 502 71 778 327
Kongrou 0.0020 357 545 770 794
Kongrou 0.0019 178 -1 354 44
Kongrou 0.0017 -67 -5 247 283
Kongrou 0.0017 418 650 699 773
Kongrou 0.0016 429 431 715 963
Kongrou 0.0014 54 190 281 404
Kongrou 0.0013 784 -102 1146 247
Kongrou 0.0012 361 268 786 1050
Kongrou 0.0012 494 193 884 658
Kongrou 0.0012 131 477 782 844
Kongrou 0.0011 697 -255 1234 403
Rouzaofun 0.0527 227 127 579 388
Rouzaofun 0.0276 78 232 255 361
Rouzaofun 0.0104 15 93 161 186
Rouzaofun 0.0099 118 45 295 115
Rouzaofun 0.0088 447 -246 754 -68
Rouzaofun 0.0077 502 71 778 327
Rouzaofun 0.0064 299 169 546 348
Rouzaofun 0.0058 446 -393 780 62
Rouzaofun 0.0049 178 -1 354 44
Rouzaofun 0.0045 54 190 281 404
Rouzaofun 0.0044 255 -340 964 8
Rouzaofun 0.0042 -67 -5 247 283
Rouzaofun 0.0021 57 -632 1139 241
Rouzaofun 0.0018 309 575 596 766
Rouzaofun 0.0017 76 168 650 346
Rouzaofun 0.0015 532 184 920 668
Rouzaofun 0.0013 407 1 735 385
Rouzaofun 0.0012 429 431 715 963
Rouzaofun 0.0011 492 121 708 276
Rouzaofun 0.0011 398 587 804 827
Rouzaofun 0.0011 418 650 699 773
Rouzaofun 0.0011 697 -255 1234 403
Rouzaofun 0.0010 361 268 786 1050
Rouzaofun 0.0010 2 488 96 577
Rouzaofun 0.0010 241 509 973 884
Rouzaofun 0.0010 784 -102 1146 247
Rouzaofun 0.0010 238 163 449 314
Rouzaofun 0.0010 -170 486 425 1029
Rice_with_Shredded_Chicken 0.0362 78 232 255 361
Rice_with_Shredded_Chicken 0.0326 227 127 579 388
Rice_with_Shredded_Chicken 0.0152 118 45 295 115
Rice_with_Shredded_Chicken 0.0109 15 93 161 186
Rice_with_Shredded_Chicken 0.0086 447 -246 754 -68
Rice_with_Shredded_Chicken 0.0076 178 -1 354 44
Rice_with_Shredded_Chicken 0.0055 446 -393 780 62
Rice_with_Shredded_Chicken 0.0048 54 190 281 404
Rice_with_Shredded_Chicken 0.0044 255 -340 964 8
Rice_with_Shredded_Chicken 0.0044 502 71 778 327
Rice_with_Shredded_Chicken 0.0030 -67 -5 247 283
Rice_with_Shredded_Chicken 0.0029 57 -632 1139 241
Rice_with_Shredded_Chicken 0.0024 299 169 546 348
Rice_with_Shredded_Chicken 0.0019 532 184 920 668
Rice_with_Shredded_Chicken 0.0014 697 -255 1234 403
Rice_with_Shredded_Chicken 0.0013 2 488 96 577
Rice_with_Shredded_Chicken 0.0013 357 545 770 794
Rice_with_Shredded_Chicken 0.0012 76 168 650 346
Rice_with_Shredded_Chicken 0.0012 429 431 715 963
Rice_with_Shredded_Chicken 0.0012 318 270 673 1045
Rice_with_Shredded_Chicken 0.0010 137 29 314 93
migao 0.0520 227 127 579 388
migao 0.0469 78 232 255 361
migao 0.0170 118 45 295 115
migao 0.0115 15 93 161 186
migao 0.0098 447 -246 754 -68
migao 0.0087 178 -1 354 44
migao 0.0064 446 -393 780 62
migao 0.0062 502 71 778 327
migao 0.0049 255 -340 964 8
migao 0.0040 299 169 546 348
migao 0.0029 54 190 281 404
migao 0.0024 57 -632 1139 241
migao 0.0023 309 575 596 766
migao 0.0022 -67 -5 247 283
migao 0.0018 425 196 1026 650
migao 0.0018 418 650 699 773
migao 0.0016 357 545 770 794
migao 0.0016 76 168 650 346
migao 0.0015 429 431 715 963
migao 0.0015 2 488 96 577
migao 0.0014 697 -255 1234 403
migao 0.0013 318 270 673 1045
migao 0.0012 137 29 314 93
migao 0.0010 784 -102 1146 247
migao 0.0010 148 543 994 855
wagui 0.0906 80 214 251 340
wagui 0.0443 118 45 295 115
wagui 0.0364 227 127 579 388
wagui 0.0246 178 -1 354 44
wagui 0.0197 15 93 161 186
wagui 0.0061 502 71 778 327
wagui 0.0058 54 190 281 404
wagui 0.0052 447 -246 754 -68
wagui 0.0052 446 -393 780 62
wagui 0.0048 309 575 596 766
wagui 0.0044 255 -340 964 8
wagui 0.0039 137 29 314 93
wagui 0.0038 532 184 920 668
wagui 0.0035 2 488 96 577
wagui 0.0034 57 -632 1139 241
wagui 0.0033 -67 -5 247 283
wagui 0.0028 299 169 546 348
wagui 0.0027 784 -102 1146 247
wagui 0.0016 645 -163 1278 310
wagui 0.0015 165 -30 366 34
wagui 0.0014 187 11 345 69
wagui 0.0013 238 163 449 314
wagui 0.0013 13 -60 336 441
wagui 0.0013 492 121 708 276
wagui 0.0012 357 545 770 794
wagui 0.0012 87 260 246 372
wagui 0.0012 418 650 699 773
wagui 0.0012 10 50 165 152
wagui 0.0012 153 481 838 843
wagui 0.0012 361 268 786 1050
wagui 0.0012 884 12 1025 149
wagui 0.0011 76 168 650 346
wagui 0.0010 49 -102 465 164
wagui 0.0010 429 431 715 963
wagui 0.0010 98 52 651 485
