Kongrou 0.0107 46 15 195 142
Kongrou 0.0059 129 -70 219 -20
Kongrou 0.0053 5 0 294 168
Kongrou 0.0046 112 181 214 232
Kongrou 0.0036 131 -117 225 21
Kongrou 0.0031 114 136 218 271
Kongrou 0.0030 85 21 247 157
Kongrou 0.0029 84 -99 270 4
Kongrou 0.0029 60 150 272 257
Kongrou 0.0015 -2 67 76 175
Kongrou 0.0013 89 169 173 223
Kongrou 0.0012 -23 86 98 157
Kongrou 0.0011 109 -87 147 18
Kongrou 0.0011 57 42 239 216
Kongrou 0.0010 83 -153 255 42
Kongrou 0.0010 87 -85 176 -27
Rouzaofun 0.0411 21 26 273 144
Rouzaofun 0.0048 129 -70 219 -20
Rouzaofun 0.0042 112 181 214 232
Rouzaofun 0.0033 60 150 272 257
Rouzaofun 0.0033 10 57 291 197
Rouzaofun 0.0029 131 -117 225 21
Rouzaofun 0.0026 84 -99 270 4
Rouzaofun 0.0023 114 136 218 271
Rouzaofun 0.0018 109 -87 147 18
Rouzaofun 0.0017 -2 67 76 175
Rouzaofun 0.0016 -23 86 98 157
Rouzaofun 0.0012 86 49 245 152
Rice_with_Shredded_Chicken 0.0132 21 26 273 144
Rice_with_Shredded_Chicken 0.0053 10 57 291 197
Rice_with_Shredded_Chicken 0.0049 129 -70 219 -20
Rice_with_Shredded_Chicken 0.0036 112 181 214 232
Rice_with_Shredded_Chicken 0.0027 131 -117 225 21
Rice_with_Shredded_Chicken 0.0027 60 150 272 257
Rice_with_Shredded_Chicken 0.0026 84 -99 270 4
Rice_with_Shredded_Chicken 0.0021 114 136 218 271
Rice_with_Shredded_Chicken 0.0012 -23 86 98 157
Rice_with_Shredded_Chicken 0.0011 83 -153 255 42
Rice_with_Shredded_Chicken 0.0010 9 -200 340 87
Rice_with_Shredded_Chicken 0.0010 -2 67 76 175
migao 0.0402 21 26 273 144
migao 0.0061 129 -70 219 -20
migao 0.0058 112 181 214 232
migao 0.0034 60 150 272 257
migao 0.0033 131 -117 225 21
migao 0.0031 10 57 291 197
migao 0.0030 114 136 218 271
migao 0.0029 84 -99 270 4
migao 0.0024 109 -87 147 18
migao 0.0016 -23 86 98 157
migao 0.0014 -2 67 76 175
wagui 0.3839 21 26 273 144
wagui 0.0127 10 57 291 197
wagui 0.0117 48 16 192 119
wagui 0.0060 86 49 245 152
wagui 0.0048 -9 18 136 141
wagui 0.0030 129 -70 219 -20
wagui 0.0026 131 -117 225 21
wagui 0.0024 0 54 103 194
wagui 0.0023 84 -99 270 4
wagui 0.0021 60 150 272 257
wagui 0.0021 114 136 218 271
wagui 0.0020 112 181 214 232
wagui 0.0018 -23 -19 323 95
wagui 0.0016 -23 86 98 157
wagui 0.0015 109 -87 147 18
wagui 0.0014 87 -85 176 -27
wagui 0.0013 -2 66 65 176
wagui 0.0013 9 -200 340 87
wagui 0.0010 89 169 173 223
