Kongrou 0.0282 45 4 230 183
Kongrou 0.0038 58 21 163 172
Kongrou 0.0038 122 25 227 148
Kongrou 0.0034 120 -51 202 -4
Kongrou 0.0029 119 -94 209 33
Kongrou 0.0020 63 -77 264 17
Kongrou 0.0013 73 -128 285 53
Kongrou 0.0012 64 -42 256 136
Rouzaofun 0.0302 52 -4 263 191
Rouzaofun 0.0040 26 31 195 163
Rouzaofun 0.0039 120 -51 202 -4
Rouzaofun 0.0025 119 -94 209 33
Rouzaofun 0.0019 63 -77 264 17
Rouzaofun 0.0012 13 -163 308 86
Rice_with_Shredded_Chicken 0.0341 52 -4 263 191
Rice_with_Shredded_Chicken 0.0039 120 -51 202 -4
Rice_with_Shredded_Chicken 0.0025 26 31 195 163
Rice_with_Shredded_Chicken 0.0024 119 -94 209 33
Rice_with_Shredded_Chicken 0.0019 63 -77 264 17
Rice_with_Shredded_Chicken 0.0018 13 -163 308 86
migao 0.0456 52 -4 263 191
migao 0.0042 120 -51 202 -4
migao 0.0032 26 31 195 163
migao 0.0027 119 -94 209 33
migao 0.0022 63 -77 264 17
migao 0.0014 13 -163 308 86
wagui 0.3987 45 4 230 183
wagui 0.0089 58 21 163 172
wagui 0.0035 122 25 227 148
wagui 0.0026 120 -51 202 -4
wagui 0.0023 119 -94 209 33
wagui 0.0021 13 -163 308 86
wagui 0.0020 63 -77 264 17
wagui 0.0010 146 203 175 238
