Kongrou 0.0529 167 655 637 1322
Kongrou 0.0194 -87 777 804 1201
Kongrou 0.0118 188 439 462 781
Kongrou 0.0064 -10 507 245 622
Kongrou 0.0057 360 421 614 525
Kongrou 0.0036 1 522 232 699
Kongrou 0.0024 259 778 622 1181
Kongrou 0.0018 135 840 746 1120
Kongrou 0.0014 62 677 476 1218
Kongrou 0.0013 204 -36 592 187
Kongrou 0.0010 -185 -424 866 502
Kongrou 0.0010 210 377 603 859
Rouzaofun 0.1234 108 663 610 1312
Rouzaofun 0.0637 -87 777 804 1201
Rouzaofun 0.0170 188 439 462 781
Rouzaofun 0.0169 360 421 614 525
Rouzaofun 0.0145 1 522 232 699
Rouzaofun 0.0095 -10 507 245 622
Rouzaofun 0.0033 259 778 622 1181
Rouzaofun 0.0030 135 840 746 1120
Rouzaofun 0.0015 -31 437 269 693
Rouzaofun 0.0013 335 353 640 591
Rice_with_Shredded_Chicken 0.0549 108 663 610 1312
Rice_with_Shredded_Chicken 0.0549 -87 777 804 1201
Rice_with_Shredded_Chicken 0.0320 360 421 614 525
Rice_with_Shredded_Chicken 0.0155 1 522 232 699
Rice_with_Shredded_Chicken 0.0131 188 439 462 781
Rice_with_Shredded_Chicken 0.0088 -10 507 245 622
Rice_with_Shredded_Chicken 0.0020 135 840 746 1120
Rice_with_Shredded_Chicken 0.0018 335 353 640 591
Rice_with_Shredded_Chicken 0.0017 259 778 622 1181
Rice_with_Shredded_Chicken 0.0012 -65 -304 734 384
Rice_with_Shredded_Chicken 0.0012 -31 437 269 693
migao 0.1827 108 663 610 1312
migao 0.1002 -87 777 804 1201
migao 0.0310 360 421 614 525
migao 0.0211 188 439 462 781
migao 0.0182 1 522 232 699
migao 0.0124 -10 507 245 622
migao 0.0027 135 840 746 1120
migao 0.0023 259 778 622 1181
migao 0.0012 204 -36 592 187
migao 0.0011 -31 437 269 693
migao 0.0010 -185 -424 866 502
wagui 0.0991 66 683 566 1293
wagui 0.0902 360 421 614 525
wagui 0.0527 -87 777 804 1201
wagui 0.0322 1 522 232 699
wagui 0.0291 -10 507 245 622
wagui 0.0185 188 439 462 781
wagui 0.0027 373 385 600 468
wagui 0.0026 335 353 640 591
wagui 0.0021 135 840 746 1120
wagui 0.0019 -31 437 269 693
wagui 0.0017 259 778 622 1181
