Kongrou 0.0399 107 46 173 119
Kongrou 0.0313 48 26 115 97
Kongrou 0.0253 15 -3 73 43
Kongrou 0.0197 166 29 230 95
Kongrou 0.0185 -5 64 54 133
Kongrou 0.0154 196 -1 252 42
Kongrou 0.0150 0 23 26 79
Kongrou 0.0147 216 56 276 130
Kongrou 0.0147 168 94 238 167
Kongrou 0.0114 50 85 114 155
Kongrou 0.0111 -7 -2 22 21
Kongrou 0.0094 248 19 273 73
Kongrou 0.0087 109 104 171 178
Kongrou 0.0072 176 103 230 148
Kongrou 0.0064 55 30 107 74
Kongrou 0.0061 100 1 157 49
Kongrou 0.0038 -10 10 38 92
Kongrou 0.0035 -2 -8 92 48
Kongrou 0.0034 222 65 268 112
Kongrou 0.0033 113 114 166 158
Kongrou 0.0028 91 58 199 108
Kongrou 0.0023 239 3 284 89
Kongrou 0.0022 -4 14 19 68
Kongrou 0.0022 0 67 46 110
Kongrou 0.0021 -41 19 57 84
Kongrou 0.0021 -9 26 14 76
Kongrou 0.0020 -27 -27 44 46
Kongrou 0.0016 50 90 102 129
Kongrou 0.0016 253 11 280 60
Kongrou 0.0013 75 -132 238 58
Kongrou 0.0012 146 -3 196 12
Kongrou 0.0012 122 -99 364 64
Kongrou 0.0012 112 72 167 115
Kongrou 0.0012 253 -5 279 14
Kongrou 0.0011 120 50 170 96
Kongrou 0.0010 180 -8 268 48
Rouzaofun 0.0999 107 46 173 119
Rouzaofun 0.0770 48 26 115 97
Rouzaofun 0.0584 166 29 230 95
Rouzaofun 0.0572 168 94 238 167
Rouzaofun 0.0555 15 -3 73 43
Rouzaofun 0.0523 -5 64 54 133
Rouzaofun 0.0494 196 -1 252 42
Rouzaofun 0.0457 216 56 276 130
Rouzaofun 0.0361 44 85 109 155
Rouzaofun 0.0336 109 104 171 178
Rouzaofun 0.0290 0 23 26 79
Rouzaofun 0.0254 248 19 273 73
Rouzaofun 0.0193 176 103 230 148
Rouzaofun 0.0184 100 1 157 49
Rouzaofun 0.0175 -7 -2 22 21
Rouzaofun 0.0098 -2 -8 92 48
Rouzaofun 0.0098 55 30 107 74
Rouzaofun 0.0080 110 117 158 165
Rouzaofun 0.0075 91 58 199 108
Rouzaofun 0.0072 -10 10 38 92
Rouzaofun 0.0064 222 65 268 112
Rouzaofun 0.0061 239 3 284 89
Rouzaofun 0.0044 -41 19 57 84
Rouzaofun 0.0043 -27 -27 44 46
Rouzaofun 0.0035 -9 26 14 76
Rouzaofun 0.0033 180 -8 268 48
Rouzaofun 0.0033 -4 14 19 68
Rouzaofun 0.0032 0 67 46 110
Rouzaofun 0.0026 50 90 102 129
Rouzaofun 0.0022 253 11 280 60
Rouzaofun 0.0022 253 -5 279 14
Rouzaofun 0.0021 146 -3 196 12
Rouzaofun 0.0020 112 72 167 115
Rouzaofun 0.0019 238 156 274 179
Rouzaofun 0.0018 -70 -9 81 118
Rouzaofun 0.0018 11 75 57 124
Rouzaofun 0.0016 215 9 307 73
Rouzaofun 0.0015 120 50 170 96
Rouzaofun 0.0015 52 53 111 92
Rouzaofun 0.0014 71 35 113 89
Rouzaofun 0.0014 106 170 177 217
Rouzaofun 0.0013 75 -132 238 58
Rouzaofun 0.0012 234 75 278 123
Rouzaofun 0.0012 156 203 187 238
Rouzaofun 0.0012 122 -99 364 64
Rouzaofun 0.0011 83 1 175 60
Rouzaofun 0.0011 41 -1 79 41
Rouzaofun 0.0010 14 -161 306 84
Rice_with_Shredded_Chicken 0.0981 107 46 173 119
Rice_with_Shredded_Chicken 0.0714 48 26 115 97
Rice_with_Shredded_Chicken 0.0571 15 -3 73 43
Rice_with_Shredded_Chicken 0.0550 -5 64 54 133
Rice_with_Shredded_Chicken 0.0548 196 -1 252 42
Rice_with_Shredded_Chicken 0.0460 166 29 230 95
Rice_with_Shredded_Chicken 0.0436 0 23 26 79
Rice_with_Shredded_Chicken 0.0430 168 94 238 167
Rice_with_Shredded_Chicken 0.0403 216 56 276 130
Rice_with_Shredded_Chicken 0.0398 248 19 273 73
Rice_with_Shredded_Chicken 0.0302 44 85 109 155
Rice_with_Shredded_Chicken 0.0237 -7 -2 22 21
Rice_with_Shredded_Chicken 0.0234 109 104 171 178
Rice_with_Shredded_Chicken 0.0174 98 -4 161 55
Rice_with_Shredded_Chicken 0.0149 176 103 230 148
Rice_with_Shredded_Chicken 0.0091 55 30 107 74
Rice_with_Shredded_Chicken 0.0069 -2 -8 92 48
Rice_with_Shredded_Chicken 0.0067 -10 10 38 92
Rice_with_Shredded_Chicken 0.0067 113 114 166 158
Rice_with_Shredded_Chicken 0.0062 222 65 268 112
Rice_with_Shredded_Chicken 0.0055 239 3 284 89
Rice_with_Shredded_Chicken 0.0052 91 58 199 108
Rice_with_Shredded_Chicken 0.0037 -4 14 19 68
Rice_with_Shredded_Chicken 0.0036 -41 19 57 84
Rice_with_Shredded_Chicken 0.0034 -27 -27 44 46
Rice_with_Shredded_Chicken 0.0033 -9 26 14 76
Rice_with_Shredded_Chicken 0.0031 0 67 46 110
Rice_with_Shredded_Chicken 0.0030 253 -5 279 14
Rice_with_Shredded_Chicken 0.0029 238 156 274 179
Rice_with_Shredded_Chicken 0.0029 146 -3 196 12
Rice_with_Shredded_Chicken 0.0026 253 11 280 60
Rice_with_Shredded_Chicken 0.0023 180 -8 268 48
Rice_with_Shredded_Chicken 0.0022 50 90 102 129
Rice_with_Shredded_Chicken 0.0016 52 -102 266 30
Rice_with_Shredded_Chicken 0.0014 112 72 167 115
Rice_with_Shredded_Chicken 0.0014 -70 -9 81 118
Rice_with_Shredded_Chicken 0.0014 14 -161 306 84
Rice_with_Shredded_Chicken 0.0013 214 -15 303 102
Rice_with_Shredded_Chicken 0.0013 156 203 187 238
Rice_with_Shredded_Chicken 0.0012 122 -99 364 64
Rice_with_Shredded_Chicken 0.0012 218 16 305 76
Rice_with_Shredded_Chicken 0.0012 120 50 170 96
Rice_with_Shredded_Chicken 0.0012 9 -28 85 74
Rice_with_Shredded_Chicken 0.0011 52 53 111 92
Rice_with_Shredded_Chicken 0.0010 11 75 57 124
migao 0.1290 107 46 173 119
migao 0.0914 48 26 115 97
migao 0.0651 196 -1 252 42
migao 0.0618 15 -3 73 43
migao 0.0594 166 29 230 95
migao 0.0539 -5 64 54 133
migao 0.0497 0 23 26 79
migao 0.0479 168 94 238 167
migao 0.0472 248 19 273 73
migao 0.0440 216 56 276 130
migao 0.0320 44 85 109 155
migao 0.0266 -7 -2 22 21
migao 0.0245 109 104 171 178
migao 0.0189 100 1 157 49
migao 0.0182 176 103 230 148
migao 0.0096 55 30 107 74
migao 0.0079 -2 -8 92 48
migao 0.0079 110 117 158 165
migao 0.0063 91 58 199 108
migao 0.0061 222 65 268 112
migao 0.0054 -10 10 38 92
migao 0.0042 239 3 284 89
migao 0.0037 -4 14 19 68
migao 0.0036 238 156 274 179
migao 0.0035 253 -5 279 14
migao 0.0035 146 -3 196 12
migao 0.0034 -9 26 14 76
migao 0.0032 -41 19 57 84
migao 0.0030 0 67 46 110
migao 0.0027 253 11 280 60
migao 0.0025 50 90 102 129
migao 0.0024 180 -8 268 48
migao 0.0023 -27 -27 44 46
migao 0.0016 112 72 167 115
migao 0.0015 52 -102 266 30
migao 0.0013 52 53 111 92
migao 0.0013 120 50 170 96
migao 0.0012 122 -99 364 64
migao 0.0012 11 75 57 124
migao 0.0012 156 203 187 238
migao 0.0011 218 16 305 76
migao 0.0011 106 170 177 217
migao 0.0010 14 -161 306 84
migao 0.0010 -53 -23 64 133
wagui 0.1726 107 46 173 119
wagui 0.1295 48 26 115 97
wagui 0.1149 15 -3 73 43
wagui 0.1135 196 -1 252 42
wagui 0.0892 -5 64 54 133
wagui 0.0891 248 19 273 73
wagui 0.0879 166 29 230 95
wagui 0.0799 0 23 26 79
wagui 0.0719 216 56 276 130
wagui 0.0696 168 94 238 167
wagui 0.0541 -7 -2 22 21
wagui 0.0530 44 85 109 155
wagui 0.0333 176 103 230 148
wagui 0.0328 100 1 157 49
wagui 0.0327 109 104 171 178
wagui 0.0228 55 30 107 74
wagui 0.0153 113 114 166 158
wagui 0.0148 222 65 268 112
wagui 0.0107 146 -3 196 12
wagui 0.0101 238 156 274 179
wagui 0.0088 -10 10 38 92
wagui 0.0087 253 -5 279 14
wagui 0.0085 -4 14 19 68
wagui 0.0082 0 67 46 110
wagui 0.0078 -2 -8 92 48
wagui 0.0076 239 3 284 89
wagui 0.0072 91 58 199 108
wagui 0.0071 50 90 102 129
wagui 0.0060 -9 26 14 76
wagui 0.0059 253 11 280 60
wagui 0.0051 -34 0 45 107
wagui 0.0046 -27 -27 44 46
wagui 0.0045 9 -28 85 74
wagui 0.0040 214 -15 303 102
wagui 0.0034 38 3 121 126
wagui 0.0034 120 50 170 96
wagui 0.0033 155 6 235 123
wagui 0.0030 -35 22 62 81
wagui 0.0030 112 72 167 115
wagui 0.0027 52 53 111 92
wagui 0.0025 11 75 57 124
wagui 0.0025 185 -9 274 49
wagui 0.0024 91 -30 172 77
wagui 0.0024 29 47 59 77
wagui 0.0023 153 0 200 18
wagui 0.0022 208 38 288 154
wagui 0.0021 41 -1 79 41
wagui 0.0020 71 35 113 89
wagui 0.0019 -70 -9 81 118
wagui 0.0018 36 63 121 174
wagui 0.0018 234 75 278 123
wagui 0.0016 14 -161 306 84
wagui 0.0015 -5 -9 31 17
wagui 0.0015 -14 36 67 158
wagui 0.0014 156 203 187 238
wagui 0.0014 122 -99 364 64
wagui 0.0012 52 -102 266 30
wagui 0.0012 218 16 305 76
wagui 0.0012 258 19 285 73
wagui 0.0012 174 119 232 163
wagui 0.0011 106 170 177 217
wagui 0.0011 -67 -52 78 76
wagui 0.0011 4 13 268 161
wagui 0.0011 255 27 278 86
wagui 0.0010 189 41 228 94
wagui 0.0010 106 50 151 105
