Kongrou 0.0289 10 5 260 176
Kongrou 0.0056 68 11 195 141
Kongrou 0.0032 84 -123 273 51
Kongrou 0.0029 64 -61 155 -14
Kongrou 0.0026 119 -46 200 -7
Kongrou 0.0024 123 -95 204 35
Kongrou 0.0021 79 170 161 218
Kongrou 0.0017 110 182 189 226
Kongrou 0.0017 52 -73 273 14
Kongrou 0.0016 110 142 195 262
Kongrou 0.0013 58 151 247 251
Kongrou 0.0012 44 106 273 288
Kongrou 0.0010 197 112 315 231
Rouzaofun 0.2490 4 6 271 174
Rouzaofun 0.0074 64 20 199 153
Rouzaofun 0.0024 84 -123 273 51
Rouzaofun 0.0024 64 -61 155 -14
Rouzaofun 0.0022 119 -46 200 -7
Rouzaofun 0.0019 110 182 189 226
Rouzaofun 0.0018 123 -95 204 35
Rouzaofun 0.0015 52 -73 273 14
Rouzaofun 0.0013 58 151 247 251
Rouzaofun 0.0012 110 142 195 262
Rouzaofun 0.0011 44 106 273 288
Rice_with_Shredded_Chicken 0.0540 31 1 243 181
Rice_with_Shredded_Chicken 0.0032 84 -123 273 51
Rice_with_Shredded_Chicken 0.0020 119 -46 200 -7
Rice_with_Shredded_Chicken 0.0019 123 -95 204 35
Rice_with_Shredded_Chicken 0.0018 110 182 189 226
Rice_with_Shredded_Chicken 0.0014 52 -73 273 14
Rice_with_Shredded_Chicken 0.0013 58 151 247 251
Rice_with_Shredded_Chicken 0.0011 110 142 195 262
Rice_with_Shredded_Chicken 0.0011 44 106 273 288
migao 0.0867 10 5 260 176
migao 0.0029 119 -46 200 -7
migao 0.0026 64 20 199 153
migao 0.0023 110 182 189 226
migao 0.0023 84 -123 273 51
migao 0.0023 123 -95 204 35
migao 0.0018 52 -73 273 14
migao 0.0015 110 142 195 262
migao 0.0013 58 151 247 251
migao 0.0010 64 -61 155 -14
migao 0.0010 39 97 279 295
wagui 0.3672 10 5 260 176
wagui 0.0027 84 -123 273 51
wagui 0.0021 64 -61 155 -14
wagui 0.0018 68 11 195 141
wagui 0.0017 119 -46 200 -7
wagui 0.0016 123 -95 204 35
wagui 0.0016 46 -29 227 127
wagui 0.0014 52 -73 273 14
wagui 0.0012 -4 -177 325 101
wagui 0.0012 110 142 195 262
wagui 0.0010 58 151 247 251
wagui 0.0010 44 106 273 288
