Kongrou 0.0401 205 87 409 422
Kongrou 0.0082 127 128 487 379
Kongrou 0.0014 185 142 392 324
Kongrou 0.0012 82 -131 332 44
Kongrou 0.0010 402 100 643 293
Rouzaofun 0.0080 205 87 409 422
Rouzaofun 0.0069 127 128 487 379
Rouzaofun 0.0017 138 166 463 301
Rouzaofun 0.0014 402 100 643 293
Rouzaofun 0.0014 382 8 673 397
Rouzaofun 0.0012 -1 432 319 614
Rouzaofun 0.0011 53 -132 311 45
Rice_with_Shredded_Chicken 0.0023 127 128 487 379
Rice_with_Shredded_Chicken 0.0015 197 143 405 348
Rice_with_Shredded_Chicken 0.0012 82 -131 332 44
Rice_with_Shredded_Chicken 0.0011 138 166 463 301
Rice_with_Shredded_Chicken 0.0011 -1 432 319 614
Rice_with_Shredded_Chicken 0.0010 402 100 643 293
migao 0.0265 205 87 409 422
migao 0.0104 127 128 487 379
migao 0.0018 382 8 673 397
migao 0.0016 131 174 446 317
migao 0.0014 402 100 643 293
wagui 0.0871 205 87 409 422
wagui 0.0185 127 128 487 379
wagui 0.0017 382 8 673 397
wagui 0.0015 138 166 463 301
wagui 0.0011 402 100 643 293
