Kongrou 0.0176 75 16 209 176
Kongrou 0.0044 38 53 246 161
Kongrou 0.0034 119 -52 203 -4
Kongrou 0.0033 118 -97 210 36
Kongrou 0.0023 62 -79 265 19
Kongrou 0.0023 85 -134 273 60
Kongrou 0.0021 47 25 154 167
Kongrou 0.0014 6 107 110 214
Kongrou 0.0013 -15 77 132 244
Kongrou 0.0012 225 -28 314 75
Kongrou 0.0011 201 -81 338 129
Kongrou 0.0010 101 -51 341 109
Rouzaofun 0.0087 23 36 213 183
Rouzaofun 0.0038 119 -52 203 -4
Rouzaofun 0.0027 118 -97 210 36
Rouzaofun 0.0022 62 -79 265 19
Rouzaofun 0.0019 183 -38 354 84
Rouzaofun 0.0018 -40 98 156 220
Rouzaofun 0.0017 225 -28 314 75
Rouzaofun 0.0017 6 107 110 214
Rouzaofun 0.0015 85 -134 273 60
Rouzaofun 0.0011 -37 90 46 209
Rouzaofun 0.0010 8 -164 313 88
Rouzaofun 0.0010 160 -88 281 143
Rice_with_Shredded_Chicken 0.0108 23 36 213 183
Rice_with_Shredded_Chicken 0.0037 119 -52 203 -4
Rice_with_Shredded_Chicken 0.0027 118 -97 210 36
Rice_with_Shredded_Chicken 0.0021 62 -79 265 19
Rice_with_Shredded_Chicken 0.0019 85 -134 273 60
Rice_with_Shredded_Chicken 0.0016 201 -81 338 129
Rice_with_Shredded_Chicken 0.0016 8 -164 313 88
Rice_with_Shredded_Chicken 0.0013 -15 77 132 244
Rice_with_Shredded_Chicken 0.0012 6 107 110 214
Rice_with_Shredded_Chicken 0.0011 225 -28 314 75
Rice_with_Shredded_Chicken 0.0010 256 6 277 54
migao 0.0182 60 27 204 184
migao 0.0045 119 -52 203 -4
migao 0.0030 118 -97 210 36
migao 0.0025 62 -79 265 19
migao 0.0017 85 -134 273 60
migao 0.0015 183 -38 354 84
migao 0.0013 -15 77 132 244
migao 0.0013 225 -28 314 75
migao 0.0013 256 6 277 54
migao 0.0012 8 -164 313 88
migao 0.0012 6 107 110 214
wagui 0.2207 60 27 204 184
wagui 0.0028 119 -52 203 -4
wagui 0.0028 41 44 138 169
wagui 0.0027 118 -97 210 36
wagui 0.0023 62 -79 265 19
wagui 0.0021 256 6 277 54
wagui 0.0020 227 -20 313 86
wagui 0.0019 85 -134 273 60
wagui 0.0019 183 -38 354 84
wagui 0.0018 8 -164 313 88
wagui 0.0016 -40 98 156 220
wagui 0.0013 6 107 110 214
wagui 0.0012 8 45 226 222
wagui 0.0010 27 19 235 133
