Kongrou 0.0110 94 98 706 526
Kongrou 0.0088 -6 307 113 614
Kongrou 0.0043 192 71 517 498
Kongrou 0.0033 660 225 800 604
Kongrou 0.0031 -6 392 83 590
Kongrou 0.0029 622 287 838 543
Kongrou 0.0028 333 557 543 698
Kongrou 0.0020 585 226 858 654
Kongrou 0.0018 348 445 548 862
Kongrou 0.0014 155 487 740 752
Kongrou 0.0013 -39 365 146 556
Kongrou 0.0013 83 -37 321 236
Kongrou 0.0013 281 528 486 671
Kongrou 0.0011 537 69 883 783
Kongrou 0.0010 312 -79 857 308
Rouzaofun 0.0291 -6 307 113 614
Rouzaofun 0.0160 71 129 731 573
Rouzaofun 0.0069 -5 373 82 579
Rouzaofun 0.0046 660 225 800 604
Rouzaofun 0.0035 622 287 838 543
Rouzaofun 0.0030 -39 365 146 556
Rouzaofun 0.0023 351 533 526 781
Rouzaofun 0.0020 241 559 393 751
Rouzaofun 0.0017 83 -37 321 236
Rouzaofun 0.0015 -3 -66 399 273
Rouzaofun 0.0014 214 498 682 802
Rouzaofun 0.0010 500 217 939 658
Rouzaofun 0.0010 0 349 107 511
Rice_with_Shredded_Chicken 0.0458 71 129 731 573
Rice_with_Shredded_Chicken 0.0223 -6 307 113 614
Rice_with_Shredded_Chicken 0.0046 -5 373 82 579
Rice_with_Shredded_Chicken 0.0031 660 225 800 604
Rice_with_Shredded_Chicken 0.0027 622 287 838 543
Rice_with_Shredded_Chicken 0.0027 351 533 526 781
Rice_with_Shredded_Chicken 0.0022 -39 365 146 556
Rice_with_Shredded_Chicken 0.0014 214 498 682 802
Rice_with_Shredded_Chicken 0.0011 500 217 939 658
Rice_with_Shredded_Chicken 0.0010 83 -37 321 236
migao 0.0413 71 129 731 573
migao 0.0248 -6 307 113 614
migao 0.0071 -6 392 83 590
migao 0.0044 660 225 800 604
migao 0.0043 622 287 838 543
migao 0.0037 333 557 543 698
migao 0.0037 -39 365 146 556
migao 0.0025 83 -37 321 236
migao 0.0019 348 445 548 862
migao 0.0018 -3 -66 399 273
migao 0.0015 241 559 393 751
migao 0.0014 214 498 682 802
migao 0.0014 585 226 858 654
migao 0.0010 537 69 883 783
wagui 0.2635 71 129 731 573
wagui 0.0237 -6 307 113 614
wagui 0.0091 -6 392 83 590
wagui 0.0042 627 299 834 562
wagui 0.0040 662 230 797 629
wagui 0.0034 83 -37 321 236
wagui 0.0031 -39 365 146 556
wagui 0.0024 223 61 605 510
wagui 0.0017 333 557 543 698
wagui 0.0017 -3 -66 399 273
wagui 0.0016 348 445 548 862
wagui 0.0016 585 226 858 654
wagui 0.0015 -12 376 57 545
wagui 0.0014 0 349 107 511
wagui 0.0011 120 80 462 549
wagui 0.0011 155 487 740 752
wagui 0.0010 537 69 883 783
wagui 0.0010 122 416 682 906
