Kongrou 0.2467 35 23 558 434
Kongrou 0.0126 158 48 501 332
Kongrou 0.0031 181 144 592 489
Kongrou 0.0016 306 99 541 420
Rouzaofun 0.0713 43 12 543 442
Rouzaofun 0.0019 160 71 497 354
Rouzaofun 0.0014 22 -21 229 133
Rouzaofun 0.0011 0 402 340 569
Rice_with_Shredded_Chicken 0.2129 36 -2 559 452
Rice_with_Shredded_Chicken 0.0088 24 -12 229 164
Rice_with_Shredded_Chicken 0.0034 158 48 501 332
Rice_with_Shredded_Chicken 0.0014 197 149 599 416
Rice_with_Shredded_Chicken 0.0012 0 402 340 569
migao 0.2144 36 -2 559 452
migao 0.0081 158 48 501 332
migao 0.0013 197 149 599 416
migao 0.0010 22 -21 229 133
wagui 0.0766 35 23 558 434
wagui 0.0065 22 -21 229 133
wagui 0.0029 158 48 501 332
wagui 0.0014 -2 385 343 542
wagui 0.0011 197 149 599 416
