Kongrou 0.0290 91 -3 173 60
Kongrou 0.0244 120 53 221 166
Kongrou 0.0067 -4 114 72 191
Kongrou 0.0058 95 4 158 42
Kongrou 0.0020 10 32 103 124
Kongrou 0.0015 4 128 52 178
Kongrou 0.0013 152 101 334 237
Kongrou 0.0013 -47 -108 192 129
Kongrou 0.0010 55 -125 255 61
Kongrou 0.0010 192 119 293 225
Rouzaofun 0.0640 91 -3 173 60
Rouzaofun 0.0297 118 60 222 176
Rouzaofun 0.0140 -4 114 72 191
Rouzaofun 0.0104 95 4 158 42
Rouzaofun 0.0081 12 32 101 144
Rouzaofun 0.0032 4 128 52 178
Rouzaofun 0.0026 65 70 256 168
Rouzaofun 0.0016 -47 -108 192 129
Rouzaofun 0.0014 152 101 334 237
Rouzaofun 0.0011 92 90 245 142
Rouzaofun 0.0011 -32 38 146 137
Rouzaofun 0.0010 192 119 293 225
Rice_with_Shredded_Chicken 0.0440 12 32 101 144
Rice_with_Shredded_Chicken 0.0385 91 -3 173 60
Rice_with_Shredded_Chicken 0.0188 118 60 222 176
Rice_with_Shredded_Chicken 0.0098 -4 114 72 191
Rice_with_Shredded_Chicken 0.0058 95 4 158 42
Rice_with_Shredded_Chicken 0.0023 -32 38 146 137
Rice_with_Shredded_Chicken 0.0023 65 70 256 168
Rice_with_Shredded_Chicken 0.0020 4 128 52 178
Rice_with_Shredded_Chicken 0.0013 -17 -93 132 104
Rice_with_Shredded_Chicken 0.0012 56 -104 255 38
Rice_with_Shredded_Chicken 0.0011 152 101 334 237
migao 0.0779 91 -3 173 60
migao 0.0350 120 53 221 166
migao 0.0116 95 4 158 42
migao 0.0114 -4 114 72 191
migao 0.0086 10 32 103 124
migao 0.0035 75 69 266 168
migao 0.0025 4 128 52 178
migao 0.0015 152 101 334 237
migao 0.0013 -47 -108 192 129
migao 0.0012 56 -104 255 38
migao 0.0012 -32 38 146 137
migao 0.0010 92 90 245 142
wagui 0.3363 118 60 222 176
wagui 0.1573 12 32 101 144
wagui 0.0603 91 -3 173 60
wagui 0.0156 -4 114 72 191
wagui 0.0151 95 4 158 42
wagui 0.0134 65 70 256 168
wagui 0.0058 -32 38 146 137
wagui 0.0035 4 128 52 178
wagui 0.0022 178 8 267 127
wagui 0.0020 90 -11 189 102
wagui 0.0015 152 101 334 237
wagui 0.0013 -17 -93 132 104
wagui 0.0013 50 -24 209 75
wagui 0.0011 22 -128 290 60
wagui 0.0010 92 90 245 142
