Kongrou 0.0288 418 109 656 522
Kongrou 0.0043 315 140 760 488
Kongrou 0.0042 455 201 697 443
Kongrou 0.0036 158 102 410 326
Kongrou 0.0022 128 106 394 526
Kongrou 0.0012 69 64 726 534
Kongrou 0.0011 398 197 601 479
Kongrou 0.0010 443 159 648 362
Kongrou 0.0010 333 222 727 392
Rouzaofun 0.0146 189 107 409 352
Rouzaofun 0.0050 453 217 700 457
Rouzaofun 0.0035 418 109 656 522
Rouzaofun 0.0034 86 133 480 296
Rouzaofun 0.0032 147 51 375 450
Rouzaofun 0.0025 124 118 320 312
Rouzaofun 0.0023 223 148 375 283
Rouzaofun 0.0017 315 140 760 488
Rouzaofun 0.0014 398 197 601 479
Rouzaofun 0.0014 336 225 755 388
Rouzaofun 0.0013 60 272 448 465
Rouzaofun 0.0012 69 64 726 534
Rouzaofun 0.0011 441 161 650 391
Rice_with_Shredded_Chicken 0.0078 418 109 656 522
Rice_with_Shredded_Chicken 0.0056 189 107 409 352
Rice_with_Shredded_Chicken 0.0035 315 140 760 488
Rice_with_Shredded_Chicken 0.0025 453 217 700 457
Rice_with_Shredded_Chicken 0.0022 69 64 726 534
Rice_with_Shredded_Chicken 0.0018 69 91 454 478
Rice_with_Shredded_Chicken 0.0017 86 133 480 296
Rice_with_Shredded_Chicken 0.0011 124 118 320 312
Rice_with_Shredded_Chicken 0.0011 60 272 448 465
Rice_with_Shredded_Chicken 0.0011 336 225 755 388
migao 0.0151 418 109 656 522
migao 0.0086 189 107 409 352
migao 0.0058 315 140 760 488
migao 0.0042 483 217 701 457
migao 0.0023 86 133 480 296
migao 0.0020 389 245 764 430
migao 0.0019 124 118 320 312
migao 0.0016 69 91 454 478
migao 0.0016 223 148 375 283
migao 0.0012 60 272 448 465
migao 0.0010 441 161 650 391
wagui 0.0040 189 107 409 352
wagui 0.0026 453 217 700 457
wagui 0.0014 418 109 656 522
wagui 0.0013 265 562 365 607
wagui 0.0011 124 118 320 312
wagui 0.0010 86 133 480 296
