Kongrou 0.0305 44 141 254 467
Kongrou 0.0273 -45 188 344 423
Kongrou 0.0110 192 26 396 180
Kongrou 0.0096 263 166 634 398
Kongrou 0.0060 346 94 552 426
Kongrou 0.0022 115 47 448 159
Kongrou 0.0020 212 55 374 151
Kongrou 0.0016 22 -14 567 466
Kongrou 0.0016 20 227 221 418
Rouzaofun 0.1035 346 117 552 444
Rouzaofun 0.0615 263 166 634 398
Rouzaofun 0.0598 200 -13 376 212
Rouzaofun 0.0175 -45 188 344 423
Rouzaofun 0.0121 44 141 254 467
Rouzaofun 0.0075 115 47 448 159
Rouzaofun 0.0054 212 55 374 151
Rouzaofun 0.0026 22 -14 567 466
Rouzaofun 0.0025 326 169 515 361
Rouzaofun 0.0021 20 227 221 418
Rouzaofun 0.0017 -47 254 289 390
Rouzaofun 0.0016 112 8 462 233
Rouzaofun 0.0010 334 455 438 537
Rouzaofun 0.0010 389 185 567 391
Rice_with_Shredded_Chicken 0.2248 346 117 552 444
Rice_with_Shredded_Chicken 0.1203 263 166 634 398
Rice_with_Shredded_Chicken 0.0998 200 -13 376 212
Rice_with_Shredded_Chicken 0.0894 44 141 254 467
Rice_with_Shredded_Chicken 0.0684 -45 188 344 423
Rice_with_Shredded_Chicken 0.0047 115 47 448 159
Rice_with_Shredded_Chicken 0.0031 22 -14 567 466
Rice_with_Shredded_Chicken 0.0024 212 55 374 151
Rice_with_Shredded_Chicken 0.0023 112 8 462 233
Rice_with_Shredded_Chicken 0.0012 -47 254 289 390
Rice_with_Shredded_Chicken 0.0010 326 169 515 361
migao 0.0626 346 117 552 444
migao 0.0418 263 166 634 398
migao 0.0376 -45 188 344 423
migao 0.0296 44 141 254 467
migao 0.0251 192 26 396 180
migao 0.0053 115 47 448 159
migao 0.0039 212 55 374 151
migao 0.0023 22 -14 567 466
migao 0.0014 -47 254 289 390
migao 0.0013 126 -20 447 218
migao 0.0013 20 227 221 418
migao 0.0012 326 169 515 361
migao 0.0010 334 455 438 537
wagui 0.0386 346 117 552 444
wagui 0.0283 263 166 634 398
wagui 0.0155 200 -13 376 212
wagui 0.0090 -45 188 344 423
wagui 0.0062 44 141 254 467
wagui 0.0027 115 47 448 159
wagui 0.0016 212 55 374 151
wagui 0.0015 22 -14 567 466
wagui 0.0013 229 419 406 457
wagui 0.0011 334 455 438 537
wagui 0.0010 350 -28 595 225
