Kongrou 0.0097 52 9 240 161
Kongrou 0.0082 126 -65 216 -17
Kongrou 0.0059 127 -116 224 28
Kongrou 0.0057 117 188 203 224
Kongrou 0.0056 104 -14 222 131
Kongrou 0.0043 117 132 209 273
Kongrou 0.0039 43 154 282 252
Kongrou 0.0039 71 -94 277 6
Kongrou 0.0017 100 170 180 221
Kongrou 0.0015 91 -152 289 51
Kongrou 0.0012 88 52 215 175
Rouzaofun 0.0108 51 26 253 157
Rouzaofun 0.0095 89 -10 215 148
Rouzaofun 0.0074 126 -65 216 -17
Rouzaofun 0.0049 127 -116 224 28
Rouzaofun 0.0047 117 188 203 224
Rouzaofun 0.0038 43 154 282 252
Rouzaofun 0.0034 71 -94 277 6
Rouzaofun 0.0030 117 132 209 273
Rouzaofun 0.0012 92 23 183 108
Rouzaofun 0.0012 24 -18 218 191
Rouzaofun 0.0010 81 -146 251 43
Rouzaofun 0.0010 85 169 173 222
Rice_with_Shredded_Chicken 0.0078 126 -65 216 -17
Rice_with_Shredded_Chicken 0.0048 127 -116 224 28
Rice_with_Shredded_Chicken 0.0037 51 26 253 157
Rice_with_Shredded_Chicken 0.0035 71 -94 277 6
Rice_with_Shredded_Chicken 0.0034 117 188 203 224
Rice_with_Shredded_Chicken 0.0031 43 154 282 252
Rice_with_Shredded_Chicken 0.0030 117 132 209 273
Rice_with_Shredded_Chicken 0.0014 -29 -168 233 67
Rice_with_Shredded_Chicken 0.0014 91 -152 289 51
Rice_with_Shredded_Chicken 0.0010 24 -18 218 191
migao 0.0143 52 9 240 161
migao 0.0087 126 -65 216 -17
migao 0.0065 117 188 203 224
migao 0.0056 127 -116 224 28
migao 0.0044 43 154 282 252
migao 0.0043 117 132 209 273
migao 0.0039 71 -94 277 6
migao 0.0032 91 -11 213 128
migao 0.0011 91 -152 289 51
migao 0.0011 -2 -195 345 89
migao 0.0010 100 170 180 221
wagui 0.1386 52 9 240 161
wagui 0.0122 88 52 215 175
wagui 0.0056 126 -65 216 -17
wagui 0.0047 104 -14 222 131
wagui 0.0046 127 -116 224 28
wagui 0.0037 71 -94 277 6
wagui 0.0033 117 188 203 224
wagui 0.0030 43 154 282 252
wagui 0.0028 117 132 209 273
wagui 0.0017 -2 -195 345 89
wagui 0.0016 83 -79 175 -26
wagui 0.0013 91 -152 289 51
wagui 0.0013 130 7 331 175
wagui 0.0012 100 170 180 221
