Kongrou 0.0348 118 141 352 311
Kongrou 0.0322 369 146 613 332
Kongrou 0.0043 298 180 684 298
Kongrou 0.0028 399 168 582 285
Kongrou 0.0024 181 155 342 271
Kongrou 0.0022 41 150 428 275
Kongrou 0.0017 171 -325 633 142
Kongrou 0.0014 137 184 306 295
Kongrou 0.0013 -274 267 299 593
Kongrou 0.0010 296 104 701 388
Kongrou 0.0010 -131 291 153 578
Rouzaofun 0.0690 118 141 352 311
Rouzaofun 0.0270 369 146 613 332
Rouzaofun 0.0073 298 180 684 298
Rouzaofun 0.0053 41 150 428 275
Rouzaofun 0.0049 181 155 342 271
Rouzaofun 0.0026 399 168 582 285
Rouzaofun 0.0026 137 184 306 295
Rouzaofun 0.0025 634 3 696 125
Rouzaofun 0.0014 171 -325 633 142
Rouzaofun 0.0013 -274 267 299 593
Rouzaofun 0.0010 29 48 676 420
Rouzaofun 0.0010 296 104 701 388
Rice_with_Shredded_Chicken 0.0526 118 141 352 311
Rice_with_Shredded_Chicken 0.0192 369 146 613 332
Rice_with_Shredded_Chicken 0.0059 298 180 684 298
Rice_with_Shredded_Chicken 0.0042 634 3 696 125
Rice_with_Shredded_Chicken 0.0042 41 150 428 275
Rice_with_Shredded_Chicken 0.0020 181 155 342 271
Rice_with_Shredded_Chicken 0.0018 152 -268 653 85
Rice_with_Shredded_Chicken 0.0014 399 168 582 285
Rice_with_Shredded_Chicken 0.0012 137 184 306 295
Rice_with_Shredded_Chicken 0.0012 296 104 701 388
Rice_with_Shredded_Chicken 0.0011 66 72 749 497
Rice_with_Shredded_Chicken 0.0010 -274 267 299 593
Rice_with_Shredded_Chicken 0.0010 370 514 449 611
migao 0.0724 118 141 352 311
migao 0.0407 369 146 613 332
migao 0.0080 298 180 684 298
migao 0.0051 634 3 696 125
migao 0.0051 41 150 428 275
migao 0.0032 181 155 342 271
migao 0.0021 399 168 582 285
migao 0.0020 137 184 306 295
migao 0.0019 296 104 701 388
migao 0.0016 152 -268 653 85
migao 0.0011 -274 267 299 593
wagui 0.1122 387 104 607 386
wagui 0.0690 118 141 352 311
wagui 0.0141 634 3 696 125
wagui 0.0076 298 180 684 298
wagui 0.0040 41 150 428 275
wagui 0.0035 292 86 703 354
wagui 0.0035 181 155 342 271
wagui 0.0024 399 168 582 285
wagui 0.0019 137 184 306 295
wagui 0.0016 171 -325 633 142
wagui 0.0013 66 72 749 497
wagui 0.0012 434 144 629 334
wagui 0.0010 370 514 449 611
