Kongrou 0.0733 555 157 940 631
Kongrou 0.0293 45 244 357 595
Kongrou 0.0149 525 -11 840 196
Kongrou 0.0133 -63 310 466 529
Kongrou 0.0118 392 207 1103 577
Kongrou 0.0021 88 327 314 512
Kongrou 0.0018 621 271 973 568
Kongrou 0.0016 45 -4 951 667
Kongrou 0.0012 181 -393 976 125
Kongrou 0.0012 500 316 1055 522
Kongrou 0.0011 429 -202 743 -5
Kongrou 0.0010 415 -363 780 143
Kongrou 0.0010 7 -547 1163 265
Rouzaofun 0.0673 558 172 941 684
Rouzaofun 0.0384 409 237 1087 621
Rouzaofun 0.0372 45 244 357 595
Rouzaofun 0.0308 525 -11 840 196
Rouzaofun 0.0195 -63 310 466 529
Rouzaofun 0.0149 169 -26 484 274
Rouzaofun 0.0026 608 271 948 568
Rouzaofun 0.0025 88 327 314 512
Rouzaofun 0.0023 45 -4 951 667
Rouzaofun 0.0019 500 316 1055 522
Rouzaofun 0.0013 429 -202 743 -5
Rouzaofun 0.0012 223 -464 916 192
Rouzaofun 0.0011 159 65 435 196
Rouzaofun 0.0010 7 -547 1163 265
Rice_with_Shredded_Chicken 0.1480 558 172 941 684
Rice_with_Shredded_Chicken 0.0668 409 237 1087 621
Rice_with_Shredded_Chicken 0.0412 50 174 374 679
Rice_with_Shredded_Chicken 0.0208 525 -11 840 196
Rice_with_Shredded_Chicken 0.0182 169 -26 484 274
Rice_with_Shredded_Chicken 0.0157 -63 310 466 529
Rice_with_Shredded_Chicken 0.0020 45 -4 951 667
Rice_with_Shredded_Chicken 0.0018 181 -393 976 125
Rice_with_Shredded_Chicken 0.0015 7 -547 1163 265
Rice_with_Shredded_Chicken 0.0013 608 271 948 568
Rice_with_Shredded_Chicken 0.0013 88 327 314 512
Rice_with_Shredded_Chicken 0.0013 500 316 1055 522
Rice_with_Shredded_Chicken 0.0012 429 -202 743 -5
Rice_with_Shredded_Chicken 0.0012 53 -86 595 332
Rice_with_Shredded_Chicken 0.0011 -1 259 327 581
Rice_with_Shredded_Chicken 0.0011 275 -169 1038 368
migao 0.0922 558 172 941 684
migao 0.0498 409 237 1087 621
migao 0.0336 45 244 357 595
migao 0.0292 525 -11 840 196
migao 0.0224 -63 310 466 529
migao 0.0059 169 -26 484 274
migao 0.0020 608 271 948 568
migao 0.0019 181 -393 976 125
migao 0.0017 500 316 1055 522
migao 0.0016 45 -4 951 667
migao 0.0016 88 327 314 512
migao 0.0015 429 -202 743 -5
migao 0.0012 889 214 1014 354
migao 0.0011 7 -547 1163 265
migao 0.0011 415 -363 780 143
wagui 0.1363 49 149 373 641
wagui 0.1195 558 172 941 684
wagui 0.0436 409 237 1087 621
wagui 0.0328 169 -26 484 274
wagui 0.0236 525 -11 840 196
wagui 0.0203 -71 205 494 577
wagui 0.0037 -5 290 332 588
wagui 0.0028 889 214 1014 354
wagui 0.0018 7 -547 1163 265
wagui 0.0016 88 327 314 512
wagui 0.0015 608 271 948 568
wagui 0.0014 181 -393 976 125
wagui 0.0012 53 -86 595 332
wagui 0.0012 500 316 1055 522
wagui 0.0012 45 -4 951 667
