Kongrou 0.0523 378 54 678 322
Kongrou 0.0409 23 239 342 522
Kongrou 0.0089 -75 289 439 472
Kongrou 0.0075 76 318 287 484
Kongrou 0.0054 279 97 738 278
Kongrou 0.0046 423 114 633 302
Kongrou 0.0033 614 328 943 626
Kongrou 0.0027 419 -359 700 135
Kongrou 0.0027 191 -467 955 204
Kongrou 0.0025 404 -165 689 -36
Kongrou 0.0018 161 -266 954 48
Kongrou 0.0011 606 5 798 103
Kongrou 0.0010 391 96 587 243
Kongrou 0.0010 36 286 249 438
Rouzaofun 0.1132 378 54 678 322
Rouzaofun 0.0647 23 239 342 522
Rouzaofun 0.0261 586 216 917 713
Rouzaofun 0.0178 -75 289 439 472
Rouzaofun 0.0123 279 97 738 278
Rouzaofun 0.0111 63 292 299 471
Rouzaofun 0.0088 423 114 633 302
Rouzaofun 0.0070 442 279 1067 658
Rouzaofun 0.0038 645 326 949 628
Rouzaofun 0.0023 501 376 1054 578
Rouzaofun 0.0022 191 -467 955 204
Rouzaofun 0.0021 419 -359 700 135
Rouzaofun 0.0018 404 -165 689 -36
Rouzaofun 0.0017 337 658 528 761
Rouzaofun 0.0016 626 9 816 100
Rouzaofun 0.0014 161 -266 954 48
Rouzaofun 0.0012 391 96 587 243
Rice_with_Shredded_Chicken 0.0921 378 54 678 322
Rice_with_Shredded_Chicken 0.0529 23 239 342 522
Rice_with_Shredded_Chicken 0.0354 613 215 961 717
Rice_with_Shredded_Chicken 0.0147 -75 289 439 472
Rice_with_Shredded_Chicken 0.0095 279 97 738 278
Rice_with_Shredded_Chicken 0.0090 442 279 1067 658
Rice_with_Shredded_Chicken 0.0069 63 292 299 471
Rice_with_Shredded_Chicken 0.0043 423 114 633 302
Rice_with_Shredded_Chicken 0.0026 191 -467 955 204
Rice_with_Shredded_Chicken 0.0025 588 334 930 620
Rice_with_Shredded_Chicken 0.0022 419 -359 700 135
Rice_with_Shredded_Chicken 0.0018 404 -165 689 -36
Rice_with_Shredded_Chicken 0.0017 626 9 816 100
Rice_with_Shredded_Chicken 0.0016 501 376 1054 578
Rice_with_Shredded_Chicken 0.0015 161 -266 954 48
Rice_with_Shredded_Chicken 0.0010 337 658 528 761
migao 0.1368 378 54 678 322
migao 0.0674 23 239 342 522
migao 0.0214 613 215 961 717
migao 0.0195 -75 289 439 472
migao 0.0140 279 97 738 278
migao 0.0076 63 292 299 471
migao 0.0062 442 279 1067 658
migao 0.0062 423 114 633 302
migao 0.0029 588 334 930 620
migao 0.0026 404 -165 689 -36
migao 0.0025 199 -401 952 141
migao 0.0025 419 -359 700 135
migao 0.0021 626 9 816 100
migao 0.0019 337 658 528 761
migao 0.0019 501 376 1054 578
migao 0.0010 391 96 587 243
wagui 0.3795 613 215 961 717
wagui 0.1077 378 54 678 322
wagui 0.0965 23 239 342 522
wagui 0.0381 482 273 1095 666
wagui 0.0198 -75 289 439 472
wagui 0.0110 63 292 299 471
wagui 0.0098 279 97 738 278
wagui 0.0049 626 9 816 100
wagui 0.0047 423 114 633 302
wagui 0.0042 588 334 930 620
wagui 0.0024 140 -523 1027 245
wagui 0.0023 337 658 528 761
wagui 0.0020 -84 187 434 598
wagui 0.0019 419 -359 700 135
wagui 0.0019 404 -165 689 -36
wagui 0.0018 501 376 1054 578
wagui 0.0015 161 -266 954 48
wagui 0.0013 391 96 587 243
wagui 0.0011 739 -109 1066 279
wagui 0.0010 301 -228 583 -52
wagui 0.0010 646 384 872 532
