Kongrou 0.0087 627 246 929 592
Kongrou 0.0044 536 306 1020 531
Kongrou 0.0027 514 178 1063 605
Kongrou 0.0022 212 -471 935 204
Kongrou 0.0013 384 18 711 280
Kongrou 0.0013 70 129 503 657
Kongrou 0.0012 226 229 523 569
Kongrou 0.0011 179 -66 338 364
Kongrou 0.0010 420 487 774 983
Rouzaofun 0.0776 623 129 952 649
Rouzaofun 0.0076 450 173 1057 608
Rouzaofun 0.0074 536 306 1020 531
Rouzaofun 0.0039 686 267 986 610
Rouzaofun 0.0030 179 -66 338 364
Rouzaofun 0.0019 212 -471 935 204
Rouzaofun 0.0018 384 18 711 280
Rouzaofun 0.0018 -67 232 646 627
Rouzaofun 0.0017 40 31 960 631
Rouzaofun 0.0013 239 237 549 562
Rouzaofun 0.0012 81 152 496 701
Rouzaofun 0.0011 534 747 637 862
Rouzaofun 0.0011 75 265 597 496
Rouzaofun 0.0011 669 335 887 504
Rouzaofun 0.0010 441 651 730 833
Rice_with_Shredded_Chicken 0.0506 623 129 952 649
Rice_with_Shredded_Chicken 0.0073 497 147 1078 559
Rice_with_Shredded_Chicken 0.0057 81 152 496 701
Rice_with_Shredded_Chicken 0.0055 536 306 1020 531
Rice_with_Shredded_Chicken 0.0050 -67 232 646 627
Rice_with_Shredded_Chicken 0.0049 368 -67 745 383
Rice_with_Shredded_Chicken 0.0025 213 -383 939 115
Rice_with_Shredded_Chicken 0.0020 179 -66 338 364
Rice_with_Shredded_Chicken 0.0019 105 -556 1058 281
Rice_with_Shredded_Chicken 0.0019 686 267 986 610
Rice_with_Shredded_Chicken 0.0015 534 747 637 862
Rice_with_Shredded_Chicken 0.0012 40 31 960 631
migao 0.0462 623 129 952 649
migao 0.0074 536 306 1020 531
migao 0.0052 497 147 1078 559
migao 0.0028 -67 232 646 627
migao 0.0026 376 -86 735 337
migao 0.0026 686 267 986 610
migao 0.0024 213 -383 939 115
migao 0.0024 81 152 496 701
migao 0.0022 179 -66 338 364
migao 0.0014 105 -556 1058 281
migao 0.0013 534 747 637 862
migao 0.0011 441 651 730 833
migao 0.0011 140 278 610 522
migao 0.0010 420 487 774 983
wagui 0.1006 623 129 952 649
wagui 0.0515 81 152 496 701
wagui 0.0410 376 -86 735 337
wagui 0.0201 -67 232 646 627
wagui 0.0138 497 147 1078 559
wagui 0.0051 536 306 1020 531
wagui 0.0037 454 -68 892 245
wagui 0.0020 212 -471 935 204
wagui 0.0020 686 267 986 610
wagui 0.0014 534 747 637 862
wagui 0.0013 240 -46 871 370
wagui 0.0013 179 -66 338 364
wagui 0.0011 239 237 549 562
wagui 0.0010 75 265 597 496
