Kongrou 0.0588 546 -16 774 337
Kongrou 0.0107 228 161 542 526
Kongrou 0.0093 -15 32 215 300
Kongrou 0.0071 188 -52 454 131
Kongrou 0.0028 -99 74 298 258
Kongrou 0.0027 493 28 751 244
Kongrou 0.0026 582 80 817 283
Kongrou 0.0025 432 -26 885 287
Kongrou 0.0025 427 216 603 454
Kongrou 0.0016 433 70 874 231
Kongrou 0.0013 346 358 821 802
Kongrou 0.0013 9 93 190 240
Kongrou 0.0011 349 428 548 813
Kongrou 0.0010 89 -114 552 187
Rouzaofun 0.0114 -15 32 215 300
Rouzaofun 0.0064 228 161 542 526
Rouzaofun 0.0051 -99 74 298 258
Rouzaofun 0.0048 427 216 603 454
Rouzaofun 0.0046 188 -52 454 131
Rouzaofun 0.0041 527 32 779 269
Rouzaofun 0.0023 433 70 874 231
Rouzaofun 0.0017 450 259 579 413
Rouzaofun 0.0016 620 82 810 281
Rouzaofun 0.0014 9 93 190 240
Rouzaofun 0.0014 448 -2 869 323
Rouzaofun 0.0011 196 304 977 828
Rouzaofun 0.0010 178 264 574 438
Rouzaofun 0.0010 361 492 515 754
Rice_with_Shredded_Chicken 0.0477 228 161 542 526
Rice_with_Shredded_Chicken 0.0222 546 -16 774 337
Rice_with_Shredded_Chicken 0.0181 186 -30 459 162
Rice_with_Shredded_Chicken 0.0071 -15 32 215 300
Rice_with_Shredded_Chicken 0.0041 -99 74 298 258
Rice_with_Shredded_Chicken 0.0031 427 216 603 454
Rice_with_Shredded_Chicken 0.0021 89 -114 552 187
Rice_with_Shredded_Chicken 0.0020 136 167 690 459
Rice_with_Shredded_Chicken 0.0018 433 70 874 231
Rice_with_Shredded_Chicken 0.0016 432 -26 885 287
Rice_with_Shredded_Chicken 0.0014 196 304 977 828
Rice_with_Shredded_Chicken 0.0012 361 492 515 754
Rice_with_Shredded_Chicken 0.0011 493 28 751 244
Rice_with_Shredded_Chicken 0.0011 582 80 817 283
migao 0.0283 546 -16 774 337
migao 0.0117 228 161 542 526
migao 0.0103 -15 32 215 300
migao 0.0064 188 -52 454 131
migao 0.0051 -99 74 298 258
migao 0.0032 427 216 603 454
migao 0.0023 433 70 874 231
migao 0.0022 582 80 817 283
migao 0.0020 493 28 751 244
migao 0.0019 432 -26 885 287
migao 0.0015 361 492 515 754
migao 0.0012 450 259 579 413
migao 0.0012 341 532 533 658
migao 0.0011 227 301 936 836
migao 0.0010 9 93 190 240
wagui 0.0853 228 161 542 526
wagui 0.0133 -15 32 215 300
wagui 0.0097 188 -52 454 131
wagui 0.0055 546 -16 774 337
wagui 0.0049 -99 74 298 258
wagui 0.0024 427 216 603 454
wagui 0.0024 136 167 690 459
wagui 0.0016 89 -114 552 187
wagui 0.0015 433 70 874 231
wagui 0.0014 493 28 751 244
wagui 0.0014 9 93 190 240
wagui 0.0013 582 80 817 283
wagui 0.0012 447 -42 808 179
wagui 0.0011 227 301 936 836
