Kongrou 0.0129 512 248 866 752
Kongrou 0.0117 167 -11 498 393
Kongrou 0.0062 570 69 963 330
Kongrou 0.0026 535 -179 907 37
Kongrou 0.0026 416 387 982 633
Kongrou 0.0022 3 767 197 878
Kongrou 0.0020 622 117 909 283
Kongrou 0.0020 537 -333 933 174
Kongrou 0.0020 -180 670 378 975
Kongrou 0.0017 328 -490 1168 276
Kongrou 0.0017 348 324 1030 759
Kongrou 0.0016 16 -45 642 424
Kongrou 0.0013 361 -288 1102 129
Kongrou 0.0013 548 418 852 605
Kongrou 0.0011 386 -207 725 -19
Kongrou 0.0010 500 313 854 575
Rouzaofun 0.0348 500 245 878 832
Rouzaofun 0.0094 570 69 963 330
Rouzaofun 0.0085 348 324 1030 759
Rouzaofun 0.0082 532 365 912 700
Rouzaofun 0.0033 622 117 909 283
Rouzaofun 0.0029 415 346 984 586
Rouzaofun 0.0026 535 -179 907 37
Rouzaofun 0.0025 548 418 852 605
Rouzaofun 0.0022 -180 670 378 975
Rouzaofun 0.0021 3 767 197 878
Rouzaofun 0.0016 537 -333 933 174
Rouzaofun 0.0015 328 -490 1168 276
Rouzaofun 0.0014 361 -288 1102 129
Rouzaofun 0.0013 63 62 536 337
Rouzaofun 0.0012 548 491 807 619
Rice_with_Shredded_Chicken 0.0592 500 245 878 832
Rice_with_Shredded_Chicken 0.0137 348 324 1030 759
Rice_with_Shredded_Chicken 0.0072 570 69 963 330
Rice_with_Shredded_Chicken 0.0047 416 387 982 633
Rice_with_Shredded_Chicken 0.0024 535 -179 907 37
Rice_with_Shredded_Chicken 0.0023 498 315 856 617
Rice_with_Shredded_Chicken 0.0021 622 117 909 283
Rice_with_Shredded_Chicken 0.0020 3 767 197 878
Rice_with_Shredded_Chicken 0.0019 328 -490 1168 276
Rice_with_Shredded_Chicken 0.0018 119 -7 461 390
Rice_with_Shredded_Chicken 0.0017 -180 670 378 975
Rice_with_Shredded_Chicken 0.0016 537 -333 933 174
Rice_with_Shredded_Chicken 0.0012 46 -107 1090 975
Rice_with_Shredded_Chicken 0.0012 361 -288 1102 129
migao 0.0225 512 248 866 752
migao 0.0080 570 69 963 330
migao 0.0058 348 324 1030 759
migao 0.0057 416 387 982 633
migao 0.0040 167 -11 498 393
migao 0.0031 535 -179 907 37
migao 0.0028 622 117 909 283
migao 0.0021 3 767 197 878
migao 0.0020 -180 670 378 975
migao 0.0018 537 -333 933 174
migao 0.0017 548 418 852 605
migao 0.0017 362 -420 1155 217
migao 0.0014 16 -45 642 424
migao 0.0010 548 491 807 619
wagui 0.0231 603 28 956 436
wagui 0.0105 167 -11 498 393
wagui 0.0082 509 341 890 679
wagui 0.0043 622 117 909 283
wagui 0.0030 3 767 197 878
wagui 0.0019 -180 670 378 975
wagui 0.0017 386 -207 725 -19
wagui 0.0016 -29 -60 602 438
wagui 0.0016 537 -333 933 174
wagui 0.0016 295 -591 1230 365
wagui 0.0016 348 324 1030 759
wagui 0.0015 535 -179 907 37
wagui 0.0014 526 227 935 852
wagui 0.0012 486 92 1046 306
wagui 0.0011 361 -288 1102 129
