Kongrou 0.0280 118 30 803 567
Kongrou 0.0045 358 -92 576 0
Kongrou 0.0036 344 -135 655 35
Kongrou 0.0034 366 -239 591 127
Kongrou 0.0029 408 50 731 517
Kongrou 0.0024 171 -175 782 66
Kongrou 0.0017 322 105 878 464
Kongrou 0.0017 302 521 524 673
Kongrou 0.0015 251 -353 787 206
Kongrou 0.0012 274 -147 494 -9
Kongrou 0.0012 280 248 553 935
Kongrou 0.0011 551 448 828 677
Kongrou 0.0010 152 455 680 730
Rouzaofun 0.4089 2 31 797 572
Rouzaofun 0.0039 344 -135 655 35
Rouzaofun 0.0031 358 -92 576 0
Rouzaofun 0.0029 310 116 829 515
Rouzaofun 0.0025 366 -239 591 127
Rouzaofun 0.0020 226 -205 788 92
Rouzaofun 0.0016 148 192 778 650
Rouzaofun 0.0015 302 521 524 673
Rouzaofun 0.0011 416 630 521 723
Rice_with_Shredded_Chicken 0.1573 2 31 797 572
Rice_with_Shredded_Chicken 0.0038 344 -135 655 35
Rice_with_Shredded_Chicken 0.0028 366 -239 591 127
Rice_with_Shredded_Chicken 0.0026 358 -92 576 0
Rice_with_Shredded_Chicken 0.0026 310 116 829 515
Rice_with_Shredded_Chicken 0.0017 171 -175 782 66
Rice_with_Shredded_Chicken 0.0015 251 -353 787 206
Rice_with_Shredded_Chicken 0.0013 416 630 521 723
Rice_with_Shredded_Chicken 0.0011 520 441 799 682
Rice_with_Shredded_Chicken 0.0011 280 248 553 935
Rice_with_Shredded_Chicken 0.0010 302 521 524 673
migao 0.1234 2 31 797 572
migao 0.0044 358 -92 576 0
migao 0.0042 344 -135 655 35
migao 0.0030 366 -239 591 127
migao 0.0029 310 116 829 515
migao 0.0021 171 -175 782 66
migao 0.0016 302 521 524 673
migao 0.0012 280 248 553 935
migao 0.0012 416 630 521 723
migao 0.0012 251 -353 787 206
migao 0.0012 372 533 565 781
migao 0.0010 403 -149 533 111
wagui 0.1314 -15 104 814 615
wagui 0.0067 334 35 834 571
wagui 0.0031 358 -92 576 0
wagui 0.0026 475 29 780 477
wagui 0.0020 366 -239 591 127
wagui 0.0020 171 -175 782 66
wagui 0.0020 344 -135 655 35
wagui 0.0016 274 -147 494 -9
wagui 0.0015 302 521 524 673
wagui 0.0015 1 -372 676 217
wagui 0.0013 92 -32 696 506
wagui 0.0012 416 630 521 723
wagui 0.0010 147 436 658 882
wagui 0.0010 280 248 553 935
