Kongrou 0.0143 55 149 133 213
Kongrou 0.0046 33 21 150 148
Kongrou 0.0032 12 -6 172 178
Kongrou 0.0018 78 58 110 115
Kongrou 0.0017 75 31 113 132
Kongrou 0.0015 -56 -2 61 152
Kongrou 0.0011 46 49 142 114
Rouzaofun 0.0427 55 149 133 213
Rouzaofun 0.0078 33 21 150 148
Rouzaofun 0.0029 12 -6 172 178
Rouzaofun 0.0020 52 161 116 202
Rouzaofun 0.0019 78 58 110 115
Rouzaofun 0.0019 75 31 113 132
Rouzaofun 0.0016 -56 -2 61 152
Rouzaofun 0.0016 46 49 142 114
Rouzaofun 0.0015 -43 29 50 117
Rouzaofun 0.0013 63 151 125 191
Rouzaofun 0.0013 15 -23 89 74
Rouzaofun 0.0013 67 170 121 212
Rouzaofun 0.0011 -16 -34 133 97
Rice_with_Shredded_Chicken 0.0292 55 149 133 213
Rice_with_Shredded_Chicken 0.0045 12 -6 172 178
Rice_with_Shredded_Chicken 0.0042 33 21 150 148
Rice_with_Shredded_Chicken 0.0016 78 58 110 115
Rice_with_Shredded_Chicken 0.0015 75 31 113 132
Rice_with_Shredded_Chicken 0.0015 -56 -2 61 152
Rice_with_Shredded_Chicken 0.0013 46 49 142 114
Rice_with_Shredded_Chicken 0.0011 52 161 116 202
migao 0.0364 55 149 133 213
migao 0.0083 33 21 150 148
migao 0.0047 12 -6 172 178
migao 0.0026 78 58 110 115
migao 0.0020 75 31 113 132
migao 0.0018 52 161 116 202
migao 0.0017 -56 -2 61 152
migao 0.0013 46 49 142 114
migao 0.0011 -43 29 50 117
migao 0.0010 63 151 125 191
wagui 0.0530 55 149 133 213
wagui 0.0090 33 21 150 148
wagui 0.0044 12 -6 172 178
wagui 0.0033 52 161 116 202
wagui 0.0026 63 151 125 191
wagui 0.0025 78 58 110 115
wagui 0.0024 -43 29 50 117
wagui 0.0021 29 58 80 86
wagui 0.0021 75 31 113 132
wagui 0.0018 -56 -2 61 152
wagui 0.0015 16 138 167 230
wagui 0.0015 67 170 121 212
wagui 0.0014 46 49 142 114
wagui 0.0011 -7 59 17 84
wagui 0.0011 69 10 109 44
