Kongrou 0.0040 15 18 248 213
Kongrou 0.0015 88 172 160 214
Kongrou 0.0013 62 52 196 220
Kongrou 0.0011 43 -114 256 66
Kongrou 0.0010 93 88 177 294
Rouzaofun 0.0077 15 18 248 213
Rouzaofun 0.0046 105 -11 222 114
Rouzaofun 0.0028 62 52 196 220
Rouzaofun 0.0026 55 -3 272 89
Rouzaofun 0.0024 88 172 160 214
Rouzaofun 0.0011 134 201 168 235
Rouzaofun 0.0010 89 183 154 204
Rice_with_Shredded_Chicken 0.0389 105 -17 223 103
Rice_with_Shredded_Chicken 0.0113 16 68 202 199
Rice_with_Shredded_Chicken 0.0061 12 -20 249 209
Rice_with_Shredded_Chicken 0.0050 55 -3 272 89
Rice_with_Shredded_Chicken 0.0013 56 -86 243 37
Rice_with_Shredded_Chicken 0.0011 20 -124 279 76
Rice_with_Shredded_Chicken 0.0011 134 201 168 235
Rice_with_Shredded_Chicken 0.0010 94 182 159 205
migao 0.0101 16 68 202 199
migao 0.0074 105 -17 223 103
migao 0.0038 12 -20 249 209
migao 0.0027 55 -3 272 89
migao 0.0018 88 172 160 214
migao 0.0012 89 183 154 204
migao 0.0011 56 -86 243 37
migao 0.0010 93 88 177 294
migao 0.0010 134 201 168 235
wagui 0.2321 105 -17 223 103
wagui 0.2049 16 68 202 199
wagui 0.0176 55 -3 272 89
wagui 0.0154 12 -20 249 209
wagui 0.0030 88 172 160 214
wagui 0.0017 84 185 149 203
wagui 0.0011 134 201 168 235
wagui 0.0011 56 -86 243 37
wagui 0.0011 20 -124 279 76
