Kongrou 0.0958 144 103 853 589
Kongrou 0.0062 235 77 647 476
Kongrou 0.0025 255 166 708 688
Kongrou 0.0016 815 110 1011 536
Kongrou 0.0012 131 367 1020 1059
Kongrou 0.0011 719 184 1069 463
Rouzaofun 0.0482 139 113 871 692
Rouzaofun 0.0029 246 49 712 578
Rouzaofun 0.0028 815 110 1011 536
Rouzaofun 0.0022 719 184 1069 463
Rouzaofun 0.0020 593 70 1172 596
Rouzaofun 0.0012 316 -39 645 197
Rouzaofun 0.0010 453 656 718 834
Rice_with_Shredded_Chicken 0.1190 139 113 871 692
Rice_with_Shredded_Chicken 0.0030 316 -39 645 197
Rice_with_Shredded_Chicken 0.0030 593 70 1172 596
Rice_with_Shredded_Chicken 0.0017 719 184 1069 463
Rice_with_Shredded_Chicken 0.0016 815 110 1011 536
Rice_with_Shredded_Chicken 0.0013 453 656 718 834
Rice_with_Shredded_Chicken 0.0012 185 336 975 1093
Rice_with_Shredded_Chicken 0.0011 184 -376 967 111
Rice_with_Shredded_Chicken 0.0010 50 -560 1118 279
migao 0.2322 139 113 871 692
migao 0.0108 246 49 712 578
migao 0.0021 719 184 1069 463
migao 0.0017 815 110 1011 536
migao 0.0014 453 656 718 834
migao 0.0011 316 -39 645 197
migao 0.0011 184 -376 967 111
migao 0.0010 131 367 1020 1059
wagui 0.0985 139 113 871 692
wagui 0.0185 316 -39 645 197
wagui 0.0028 246 49 712 578
wagui 0.0016 719 184 1069 463
wagui 0.0015 297 -1 644 110
wagui 0.0015 815 110 1011 536
wagui 0.0011 50 -560 1118 279
wagui 0.0011 593 70 1172 596
wagui 0.0010 755 9 993 138
wagui 0.0010 185 336 975 1093
