Kongrou 0.0050 91 -128 267 54
Kongrou 0.0040 215 156 276 179
Kongrou 0.0038 117 -51 205 -5
Kongrou 0.0036 118 -94 210 34
Kongrou 0.0034 -5 62 74 146
Kongrou 0.0029 45 7 275 173
Kongrou 0.0028 113 34 257 158
Kongrou 0.0026 61 -77 266 17
Kongrou 0.0014 6 -168 314 92
Kongrou 0.0013 87 -98 358 154
Kongrou 0.0011 198 95 261 177
Rouzaofun 0.0143 215 156 276 179
Rouzaofun 0.0138 48 19 269 161
Rouzaofun 0.0070 -5 62 74 146
Rouzaofun 0.0038 117 -51 205 -5
Rouzaofun 0.0035 91 -128 267 54
Rouzaofun 0.0029 118 -94 210 34
Rouzaofun 0.0023 61 -77 266 17
Rouzaofun 0.0017 6 -168 314 92
Rouzaofun 0.0017 87 -98 358 154
Rouzaofun 0.0015 204 139 287 196
Rouzaofun 0.0012 -26 74 105 135
Rouzaofun 0.0011 135 -47 310 101
Rouzaofun 0.0011 198 95 261 177
Rouzaofun 0.0010 1 79 56 130
Rice_with_Shredded_Chicken 0.0184 215 156 276 179
Rice_with_Shredded_Chicken 0.0105 48 19 269 161
Rice_with_Shredded_Chicken 0.0045 91 -128 267 54
Rice_with_Shredded_Chicken 0.0041 -4 58 72 140
Rice_with_Shredded_Chicken 0.0035 117 -51 205 -5
Rice_with_Shredded_Chicken 0.0029 118 -94 210 34
Rice_with_Shredded_Chicken 0.0022 6 -168 314 92
Rice_with_Shredded_Chicken 0.0022 61 -77 266 17
Rice_with_Shredded_Chicken 0.0016 204 139 287 196
Rice_with_Shredded_Chicken 0.0012 87 -98 358 154
migao 0.0226 215 156 276 179
migao 0.0182 48 19 269 161
migao 0.0056 -5 62 74 146
migao 0.0045 117 -51 205 -5
migao 0.0039 86 -113 275 42
migao 0.0034 118 -94 210 34
migao 0.0018 6 -168 314 92
migao 0.0016 87 -98 358 154
migao 0.0011 135 -47 310 101
migao 0.0010 198 95 261 177
migao 0.0010 -26 74 105 135
wagui 0.1779 48 19 269 161
wagui 0.0577 215 156 276 179
wagui 0.0057 -5 62 74 146
wagui 0.0044 91 -128 267 54
wagui 0.0031 23 64 294 198
wagui 0.0028 118 -94 210 34
wagui 0.0028 6 -168 314 92
wagui 0.0027 119 54 271 159
wagui 0.0027 117 -51 205 -5
wagui 0.0023 61 -77 266 17
wagui 0.0021 204 139 287 196
wagui 0.0020 256 111 278 140
wagui 0.0018 210 161 260 184
wagui 0.0017 235 163 277 183
wagui 0.0017 89 2 225 224
wagui 0.0015 219 168 272 188
wagui 0.0013 198 95 261 177
wagui 0.0013 198 113 251 159
wagui 0.0012 87 -98 358 154
wagui 0.0010 156 204 187 237
wagui 0.0010 -26 74 105 135
wagui 0.0010 126 64 217 134
