Kongrou 0.0379 117 -48 205 -7
Kongrou 0.0245 119 -98 210 36
Kongrou 0.0193 69 -77 258 16
Kongrou 0.0109 132 -61 190 25
Kongrou 0.0031 123 97 178 132
Kongrou 0.0024 87 39 161 117
Kongrou 0.0024 102 -74 221 -3
Kongrou 0.0022 17 19 72 126
Kongrou 0.0021 89 -10 197 141
Kongrou 0.0021 97 -61 140 24
Kongrou 0.0018 113 75 177 155
Kongrou 0.0017 203 58 278 151
Kongrou 0.0015 77 -65 166 -13
Kongrou 0.0014 216 27 264 170
Kongrou 0.0013 32 -52 212 13
Kongrou 0.0012 5 39 84 106
Kongrou 0.0012 52 21 233 151
Kongrou 0.0011 79 -125 234 51
Kongrou 0.0011 56 -55 142 17
Rouzaofun 0.0280 117 -48 205 -7
Rouzaofun 0.0183 119 -98 210 36
Rouzaofun 0.0165 69 -77 258 16
Rouzaofun 0.0105 132 -61 190 25
Rouzaofun 0.0080 77 12 187 158
Rouzaofun 0.0040 87 39 161 117
Rouzaofun 0.0038 17 19 72 126
Rouzaofun 0.0033 97 -61 140 24
Rouzaofun 0.0031 118 98 173 132
Rouzaofun 0.0024 215 23 265 164
Rouzaofun 0.0022 203 58 278 151
Rouzaofun 0.0017 32 -52 212 13
Rouzaofun 0.0017 5 39 84 106
Rouzaofun 0.0016 113 75 177 155
Rouzaofun 0.0016 14 67 74 110
Rouzaofun 0.0015 114 -63 230 5
Rouzaofun 0.0011 56 -55 142 17
Rouzaofun 0.0010 79 -125 234 51
Rice_with_Shredded_Chicken 0.0273 117 -48 205 -7
Rice_with_Shredded_Chicken 0.0183 119 -98 210 36
Rice_with_Shredded_Chicken 0.0165 69 -77 258 16
Rice_with_Shredded_Chicken 0.0118 132 -61 190 25
Rice_with_Shredded_Chicken 0.0027 17 19 72 126
Rice_with_Shredded_Chicken 0.0022 52 21 233 151
Rice_with_Shredded_Chicken 0.0020 118 98 173 132
Rice_with_Shredded_Chicken 0.0016 203 58 278 151
Rice_with_Shredded_Chicken 0.0015 87 39 161 117
Rice_with_Shredded_Chicken 0.0015 102 -74 221 -3
Rice_with_Shredded_Chicken 0.0014 97 -61 140 24
Rice_with_Shredded_Chicken 0.0014 215 23 265 164
Rice_with_Shredded_Chicken 0.0014 5 39 84 106
Rice_with_Shredded_Chicken 0.0012 15 -168 307 91
Rice_with_Shredded_Chicken 0.0012 113 75 177 155
Rice_with_Shredded_Chicken 0.0012 32 -52 212 13
Rice_with_Shredded_Chicken 0.0011 79 -125 234 51
Rice_with_Shredded_Chicken 0.0010 14 67 74 110
migao 0.0384 117 -48 205 -7
migao 0.0215 119 -98 210 36
migao 0.0194 69 -77 258 16
migao 0.0168 132 -61 190 25
migao 0.0044 52 21 233 151
migao 0.0038 97 -61 140 24
migao 0.0035 123 97 178 132
migao 0.0031 87 39 161 117
migao 0.0029 17 19 72 126
migao 0.0027 203 55 277 143
migao 0.0020 89 -10 197 141
migao 0.0020 102 -74 221 -3
migao 0.0020 5 39 84 106
migao 0.0018 215 23 265 164
migao 0.0016 32 -52 212 13
migao 0.0013 55 -111 188 72
migao 0.0012 113 75 177 155
migao 0.0012 14 67 74 110
migao 0.0010 15 -168 307 91
wagui 0.0221 117 -48 205 -7
wagui 0.0158 119 -98 210 36
wagui 0.0151 69 -77 258 16
wagui 0.0145 87 -1 198 152
wagui 0.0084 132 -61 190 25
wagui 0.0046 11 43 78 123
wagui 0.0034 53 12 231 118
wagui 0.0032 118 98 173 132
wagui 0.0025 77 -65 166 -13
wagui 0.0025 97 -61 140 24
wagui 0.0024 203 58 278 151
wagui 0.0021 14 67 74 110
wagui 0.0018 87 39 161 117
wagui 0.0017 215 23 265 164
wagui 0.0015 15 -168 307 91
wagui 0.0015 56 -55 142 17
wagui 0.0013 13 3 260 175
wagui 0.0011 32 -52 212 13
wagui 0.0011 113 75 177 155
wagui 0.0011 102 -74 221 -3
