Kongrou 0.0147 41 6 207 156
Kongrou 0.0044 11 35 239 202
Kongrou 0.0012 11 23 171 130
Rouzaofun 0.1187 44 18 205 182
Rouzaofun 0.0158 39 11 144 140
Rouzaofun 0.0023 10 4 236 129
Rouzaofun 0.0011 2 53 250 225
Rice_with_Shredded_Chicken 0.1766 20 15 228 186
Rice_with_Shredded_Chicken 0.0037 10 33 172 138
Rice_with_Shredded_Chicken 0.0018 39 1 142 131
migao 0.0685 44 18 205 182
migao 0.0042 11 23 171 130
migao 0.0011 -37 145 98 284
migao 0.0010 -70 115 126 313
wagui 0.6313 20 15 228 186
wagui 0.0015 10 33 172 138
wagui 0.0013 47 52 202 224
wagui 0.0010 -37 145 98 284
