Kongrou 0.0424 110 49 217 195
Kongrou 0.0172 162 3 261 65
Kongrou 0.0134 65 68 243 176
Kongrou 0.0016 138 196 185 231
Kongrou 0.0015 87 171 161 215
Kongrou 0.0012 76 39 266 230
Kongrou 0.0012 112 181 161 196
Kongrou 0.0011 -36 -63 63 29
Kongrou 0.0010 0 -51 88 18
Kongrou 0.0010 119 11 293 57
Kongrou 0.0010 139 -17 287 83
Kongrou 0.0010 112 165 195 218
Rouzaofun 0.0175 162 3 261 65
Rouzaofun 0.0151 79 78 248 186
Rouzaofun 0.0021 119 11 293 57
Rouzaofun 0.0020 138 196 185 231
Rouzaofun 0.0020 87 171 161 215
Rouzaofun 0.0019 112 181 161 196
Rouzaofun 0.0017 97 181 156 206
Rouzaofun 0.0014 119 175 203 253
Rouzaofun 0.0011 -64 -81 92 43
Rouzaofun 0.0010 -36 -63 63 29
Rouzaofun 0.0010 34 12 224 182
Rouzaofun 0.0010 139 -17 287 83
Rice_with_Shredded_Chicken 0.0273 74 31 260 199
Rice_with_Shredded_Chicken 0.0160 113 60 216 202
Rice_with_Shredded_Chicken 0.0119 162 3 261 65
Rice_with_Shredded_Chicken 0.0020 140 203 172 234
Rice_with_Shredded_Chicken 0.0015 112 181 161 196
Rice_with_Shredded_Chicken 0.0015 139 -17 287 83
Rice_with_Shredded_Chicken 0.0014 119 11 293 57
Rice_with_Shredded_Chicken 0.0014 97 181 156 206
Rice_with_Shredded_Chicken 0.0014 143 195 190 232
Rice_with_Shredded_Chicken 0.0012 -36 -63 63 29
Rice_with_Shredded_Chicken 0.0012 119 175 203 253
Rice_with_Shredded_Chicken 0.0011 0 -51 88 18
migao 0.0275 79 78 248 186
migao 0.0198 162 3 261 65
migao 0.0021 97 181 156 206
migao 0.0019 112 181 161 196
migao 0.0019 140 203 172 234
migao 0.0017 119 11 293 57
migao 0.0017 99 172 169 213
migao 0.0015 139 -17 287 83
migao 0.0014 143 195 190 232
migao 0.0013 -36 -63 63 29
migao 0.0010 -64 -81 92 43
migao 0.0010 119 175 203 253
wagui 0.2870 113 60 216 202
wagui 0.1610 74 31 260 199
wagui 0.1106 171 -8 255 75
wagui 0.0058 139 -17 287 83
wagui 0.0032 112 181 161 196
wagui 0.0031 131 11 292 58
wagui 0.0025 97 181 156 206
wagui 0.0025 87 171 161 215
wagui 0.0022 167 13 256 55
wagui 0.0019 142 203 180 234
wagui 0.0015 149 195 193 231
wagui 0.0013 88 181 145 196
wagui 0.0012 125 177 208 200
wagui 0.0010 119 175 203 253
wagui 0.0010 39 14 130 88
