Kongrou 0.0213 112 15 236 135
Kongrou 0.0077 120 -45 201 -10
Kongrou 0.0073 124 -97 205 35
Kongrou 0.0048 53 -71 274 11
Kongrou 0.0036 58 4 258 177
Kongrou 0.0025 138 -57 184 22
Kongrou 0.0021 73 -132 284 59
Kongrou 0.0019 74 8 188 142
Kongrou 0.0014 119 134 187 268
Kongrou 0.0014 105 -71 218 -6
Kongrou 0.0013 116 189 183 220
Kongrou 0.0012 94 162 208 224
Kongrou 0.0010 68 49 217 164
Rouzaofun 0.0177 56 23 262 159
Rouzaofun 0.0056 124 -97 205 35
Rouzaofun 0.0052 120 -45 201 -10
Rouzaofun 0.0039 53 -71 274 11
Rouzaofun 0.0029 138 -57 184 22
Rouzaofun 0.0026 112 15 236 135
Rouzaofun 0.0014 81 -147 279 72
Rouzaofun 0.0011 2 -70 89 11
Rouzaofun 0.0011 116 189 183 220
Rouzaofun 0.0010 119 134 187 268
Rouzaofun 0.0010 125 -63 218 5
Rice_with_Shredded_Chicken 0.0245 56 23 262 159
Rice_with_Shredded_Chicken 0.0057 124 -97 205 35
Rice_with_Shredded_Chicken 0.0051 120 -45 201 -10
Rice_with_Shredded_Chicken 0.0040 53 -71 274 11
Rice_with_Shredded_Chicken 0.0039 112 15 236 135
Rice_with_Shredded_Chicken 0.0027 138 -57 184 22
Rice_with_Shredded_Chicken 0.0020 81 -147 279 72
Rice_with_Shredded_Chicken 0.0012 2 -184 320 106
Rice_with_Shredded_Chicken 0.0012 125 -63 218 5
Rice_with_Shredded_Chicken 0.0010 119 134 187 268
Rice_with_Shredded_Chicken 0.0010 7 -64 105 6
migao 0.0345 56 23 262 159
migao 0.0079 112 15 236 135
migao 0.0074 120 -45 201 -10
migao 0.0064 124 -97 205 35
migao 0.0046 53 -71 274 11
migao 0.0044 138 -57 184 22
migao 0.0018 88 -115 271 45
migao 0.0015 116 189 183 220
migao 0.0014 119 134 187 268
migao 0.0012 105 -71 218 -6
migao 0.0011 94 162 208 224
wagui 0.5402 56 23 262 159
wagui 0.0906 112 15 236 135
wagui 0.0073 85 76 221 159
wagui 0.0057 120 -45 201 -10
wagui 0.0055 74 8 188 142
wagui 0.0047 124 -97 205 35
wagui 0.0044 53 -71 274 11
wagui 0.0033 138 -57 184 22
wagui 0.0017 81 -147 279 72
wagui 0.0016 2 -184 320 106
wagui 0.0013 78 -62 164 -15
