Kongrou 0.0043 10 7 211 150
Kongrou 0.0012 185 0 228 20
Rouzaofun 0.0014 5 9 217 182
Rouzaofun 0.0012 185 0 228 20
Rice_with_Shredded_Chicken 0.0035 23 3 232 187
Rice_with_Shredded_Chicken 0.0015 185 0 228 20
migao 0.0036 23 3 232 187
migao 0.0020 185 0 228 20
wagui 0.1094 23 3 232 187
wagui 0.0050 40 22 149 161
wagui 0.0034 185 0 228 20
wagui 0.0029 69 35 200 167
wagui 0.0021 134 -2 179 12
wagui 0.0013 194 -23 295 46
wagui 0.0012 59 -1 170 125
wagui 0.0011 232 1 261 18
wagui 0.0011 200 139 233 159
wagui 0.0010 196 -65 290 32
