Kongrou 0.0693 75 26 174 157
Kongrou 0.0210 39 40 228 143
Kongrou 0.0023 14 12 244 182
Kongrou 0.0014 203 5 259 33
Kongrou 0.0013 160 152 282 216
Kongrou 0.0012 200 170 242 197
Kongrou 0.0011 106 180 177 226
Kongrou 0.0010 110 141 179 281
Kongrou 0.0010 69 169 158 218
Rouzaofun 0.1035 80 32 189 170
Rouzaofun 0.0497 42 50 226 153
Rouzaofun 0.0041 203 5 259 33
Rouzaofun 0.0019 14 12 244 182
Rouzaofun 0.0016 160 152 282 216
Rouzaofun 0.0014 48 62 185 126
Rouzaofun 0.0012 200 170 242 197
Rouzaofun 0.0011 132 201 161 236
Rouzaofun 0.0011 115 170 169 253
Rouzaofun 0.0010 79 50 163 138
Rice_with_Shredded_Chicken 0.0196 42 50 226 153
Rice_with_Shredded_Chicken 0.0162 80 32 189 170
Rice_with_Shredded_Chicken 0.0055 203 5 259 33
Rice_with_Shredded_Chicken 0.0013 14 12 244 182
Rice_with_Shredded_Chicken 0.0012 160 152 282 216
Rice_with_Shredded_Chicken 0.0012 132 201 161 236
Rice_with_Shredded_Chicken 0.0011 200 170 242 197
Rice_with_Shredded_Chicken 0.0010 115 170 169 253
migao 0.0749 80 32 189 170
migao 0.0579 39 40 228 143
migao 0.0062 203 5 259 33
migao 0.0024 14 12 244 182
migao 0.0015 115 170 169 253
migao 0.0013 106 180 177 226
migao 0.0013 160 152 282 216
migao 0.0012 48 62 185 126
migao 0.0011 132 201 161 236
migao 0.0011 110 141 179 281
migao 0.0010 200 170 242 197
wagui 0.1620 80 32 189 170
wagui 0.0710 42 50 226 153
wagui 0.0158 203 5 259 33
wagui 0.0030 14 12 244 182
wagui 0.0014 200 170 242 197
wagui 0.0012 160 152 282 216
wagui 0.0012 132 201 161 236
wagui 0.0010 196 -8 266 48
