Kongrou 0.0063 99 -70 137 33
Kongrou 0.0052 85 -118 276 47
Kongrou 0.0047 119 -47 202 -8
Kongrou 0.0044 153 0 253 71
Kongrou 0.0043 122 -97 206 36
Kongrou 0.0039 -6 60 188 176
Kongrou 0.0036 58 -103 186 64
Kongrou 0.0033 35 -50 209 12
Kongrou 0.0027 60 -73 267 13
Kongrou 0.0022 79 -64 163 -13
Kongrou 0.0013 168 15 237 56
Kongrou 0.0013 119 12 277 59
Kongrou 0.0011 104 -73 219 -4
Kongrou 0.0010 1 -181 321 103
Kongrou 0.0010 -30 141 140 294
Kongrou 0.0010 29 23 151 169
Kongrou 0.0010 117 139 189 263
Rouzaofun 0.0080 153 0 253 71
Rouzaofun 0.0077 -6 60 188 176
Rouzaofun 0.0073 99 -70 137 33
Rouzaofun 0.0045 35 -50 209 12
Rouzaofun 0.0042 119 -47 202 -8
Rouzaofun 0.0041 85 -118 276 47
Rouzaofun 0.0035 122 -97 206 36
Rouzaofun 0.0031 58 -103 186 64
Rouzaofun 0.0028 119 12 277 59
Rouzaofun 0.0023 60 -73 267 13
Rouzaofun 0.0022 170 20 236 61
Rouzaofun 0.0014 -30 141 140 294
Rouzaofun 0.0013 1 -181 321 103
Rouzaofun 0.0011 109 -8 282 97
Rice_with_Shredded_Chicken 0.0232 153 -11 238 97
Rice_with_Shredded_Chicken 0.0081 41 43 162 189
Rice_with_Shredded_Chicken 0.0053 85 -118 276 47
Rice_with_Shredded_Chicken 0.0051 99 -70 137 33
Rice_with_Shredded_Chicken 0.0045 119 -47 202 -8
Rice_with_Shredded_Chicken 0.0038 35 -50 209 12
Rice_with_Shredded_Chicken 0.0035 122 -97 206 36
Rice_with_Shredded_Chicken 0.0029 58 -103 186 64
Rice_with_Shredded_Chicken 0.0024 60 -73 267 13
Rice_with_Shredded_Chicken 0.0020 119 12 277 59
Rice_with_Shredded_Chicken 0.0019 1 -181 321 103
Rice_with_Shredded_Chicken 0.0015 109 -8 282 97
Rice_with_Shredded_Chicken 0.0013 -30 141 140 294
Rice_with_Shredded_Chicken 0.0012 170 20 236 61
migao 0.0158 153 -11 238 97
migao 0.0105 99 -70 137 33
migao 0.0102 0 59 202 177
migao 0.0054 85 -118 276 47
migao 0.0052 119 -47 202 -8
migao 0.0048 35 -50 209 12
migao 0.0043 58 -103 186 64
migao 0.0039 122 -97 206 36
migao 0.0031 33 33 148 180
migao 0.0028 60 -73 267 13
migao 0.0025 119 12 277 59
migao 0.0016 170 20 236 61
migao 0.0015 109 -8 282 97
migao 0.0014 1 -181 321 103
migao 0.0013 -30 141 140 294
migao 0.0011 171 3 257 78
migao 0.0010 116 187 183 222
migao 0.0010 104 -73 219 -4
wagui 0.1966 153 -11 238 97
wagui 0.1887 40 31 162 182
wagui 0.0073 86 -66 130 29
wagui 0.0065 109 -8 282 97
wagui 0.0060 -3 40 205 154
wagui 0.0041 85 -118 276 47
wagui 0.0039 119 -47 202 -8
wagui 0.0034 23 -51 200 12
wagui 0.0034 170 20 236 61
wagui 0.0034 79 -64 163 -13
wagui 0.0031 122 -97 206 36
wagui 0.0028 119 12 277 59
wagui 0.0026 60 -73 267 13
wagui 0.0023 1 -181 321 103
wagui 0.0022 171 3 257 78
wagui 0.0019 58 -103 186 64
wagui 0.0013 154 16 220 55
wagui 0.0012 0 24 278 198
wagui 0.0011 -30 141 140 294
wagui 0.0011 49 -54 127 16
