Kongrou 0.0086 130 -70 219 -21
Kongrou 0.0065 131 -121 226 24
Kongrou 0.0050 120 190 206 224
Kongrou 0.0047 120 0 260 156
Kongrou 0.0047 80 -98 275 1
Kongrou 0.0040 126 132 207 274
Kongrou 0.0036 87 169 176 222
Kongrou 0.0032 43 156 290 252
Kongrou 0.0022 102 -23 338 181
Kongrou 0.0020 101 -157 289 46
Kongrou 0.0014 -86 -92 111 118
Kongrou 0.0013 108 -94 149 23
Kongrou 0.0012 -154 -76 177 154
Kongrou 0.0012 0 -205 351 91
Kongrou 0.0012 147 139 274 224
Kongrou 0.0010 86 -86 178 -29
Kongrou 0.0010 -70 -20 137 182
Rouzaofun 0.0070 130 -70 219 -21
Rouzaofun 0.0051 131 -121 226 24
Rouzaofun 0.0045 88 -11 302 173
Rouzaofun 0.0041 80 -98 275 1
Rouzaofun 0.0039 120 190 206 224
Rouzaofun 0.0030 43 156 290 252
Rouzaofun 0.0028 126 132 207 274
Rouzaofun 0.0022 108 -94 149 23
Rouzaofun 0.0022 127 10 252 167
Rouzaofun 0.0022 87 169 176 222
Rouzaofun 0.0016 -75 -59 98 130
Rouzaofun 0.0014 0 -205 351 91
Rouzaofun 0.0014 101 -157 289 46
Rouzaofun 0.0013 36 -69 230 -2
Rouzaofun 0.0012 113 170 238 240
Rouzaofun 0.0010 147 139 274 224
Rouzaofun 0.0010 -154 -76 177 154
Rice_with_Shredded_Chicken 0.0069 130 -70 219 -21
Rice_with_Shredded_Chicken 0.0063 88 -11 302 173
Rice_with_Shredded_Chicken 0.0052 127 10 252 167
Rice_with_Shredded_Chicken 0.0050 131 -121 226 24
Rice_with_Shredded_Chicken 0.0040 80 -98 275 1
Rice_with_Shredded_Chicken 0.0028 120 190 206 224
Rice_with_Shredded_Chicken 0.0027 43 156 290 252
Rice_with_Shredded_Chicken 0.0027 126 132 207 274
Rice_with_Shredded_Chicken 0.0022 -75 -59 98 130
Rice_with_Shredded_Chicken 0.0020 -154 -76 177 154
Rice_with_Shredded_Chicken 0.0020 0 -205 351 91
Rice_with_Shredded_Chicken 0.0018 101 -157 289 46
Rice_with_Shredded_Chicken 0.0014 -68 -11 138 179
Rice_with_Shredded_Chicken 0.0013 147 139 274 224
Rice_with_Shredded_Chicken 0.0012 113 170 238 240
Rice_with_Shredded_Chicken 0.0010 108 -94 149 23
migao 0.0224 88 -11 302 173
migao 0.0089 130 -70 219 -21
migao 0.0058 131 -121 226 24
migao 0.0056 120 190 206 224
migao 0.0047 80 -98 275 1
migao 0.0038 126 132 207 274
migao 0.0034 43 156 290 252
migao 0.0033 127 10 252 167
migao 0.0028 108 -94 149 23
migao 0.0016 -154 -76 177 154
migao 0.0016 87 169 176 222
migao 0.0015 101 -157 289 46
migao 0.0015 0 -205 351 91
migao 0.0014 -75 -59 98 130
migao 0.0013 36 -69 230 -2
migao 0.0012 113 170 238 240
migao 0.0012 -68 -11 138 179
migao 0.0010 143 78 381 272
migao 0.0010 67 -126 198 53
wagui 0.3440 88 -11 302 173
wagui 0.0679 127 10 252 167
wagui 0.0048 130 -70 219 -21
wagui 0.0047 131 -121 226 24
wagui 0.0039 80 -98 275 1
wagui 0.0027 120 190 206 224
wagui 0.0024 0 -205 351 91
wagui 0.0024 126 132 207 274
wagui 0.0024 43 156 290 252
wagui 0.0019 100 172 186 219
wagui 0.0016 108 -94 149 23
wagui 0.0015 101 -157 289 46
wagui 0.0015 86 -86 178 -29
wagui 0.0014 -75 -59 98 130
wagui 0.0012 -154 -76 177 154
wagui 0.0012 -68 -11 138 179
wagui 0.0010 10 5 64 31
wagui 0.0010 26 96 60 134
