Kongrou 0.0866 18 62 125 206
Kongrou 0.0227 -21 79 165 189
Kongrou 0.0063 -5 156 89 292
Kongrou 0.0014 26 97 112 176
Kongrou 0.0010 -80 -21 114 280
Rouzaofun 0.0312 18 69 125 218
Rouzaofun 0.0261 -20 89 164 199
Rouzaofun 0.0034 1 161 101 286
Rouzaofun 0.0023 26 97 112 176
Rouzaofun 0.0016 -9 106 138 167
Rouzaofun 0.0011 -80 -21 114 280
Rouzaofun 0.0010 5 8 185 212
Rice_with_Shredded_Chicken 0.0172 -20 89 164 199
Rice_with_Shredded_Chicken 0.0124 18 62 125 206
Rice_with_Shredded_Chicken 0.0059 -5 156 89 292
Rice_with_Shredded_Chicken 0.0012 -2 105 140 168
migao 0.0542 18 62 125 206
migao 0.0400 -20 89 164 199
migao 0.0052 -5 156 89 292
migao 0.0017 -2 105 140 168
migao 0.0013 34 95 114 178
wagui 0.1101 10 81 114 225
wagui 0.0435 -28 88 152 200
wagui 0.0102 -5 156 89 292
wagui 0.0035 69 45 192 105
wagui 0.0031 26 60 136 188
wagui 0.0021 -8 37 200 184
wagui 0.0012 -2 105 140 168
wagui 0.0010 -80 -21 114 280
wagui 0.0010 34 95 114 178
