Kongrou 0.0106 121 -53 206 -9
Kongrou 0.0075 121 -105 213 36
Kongrou 0.0056 114 60 218 175
Kongrou 0.0054 62 -80 271 12
Kongrou 0.0044 6 94 96 177
Kongrou 0.0037 226 71 284 167
Kongrou 0.0027 93 -135 271 53
Kongrou 0.0023 63 74 251 180
Kongrou 0.0018 -20 108 122 162
Kongrou 0.0014 65 -66 160 -18
Kongrou 0.0013 105 -79 224 -7
Kongrou 0.0011 82 87 284 305
Kongrou 0.0011 233 90 277 148
Kongrou 0.0011 33 20 148 106
Kongrou 0.0010 137 -68 191 24
Rouzaofun 0.0118 6 94 96 177
Rouzaofun 0.0111 106 66 207 187
Rouzaofun 0.0089 121 -53 206 -9
Rouzaofun 0.0076 226 71 284 167
Rouzaofun 0.0065 63 74 251 180
Rouzaofun 0.0058 121 -105 213 36
Rouzaofun 0.0047 -20 108 122 162
Rouzaofun 0.0046 62 -80 271 12
Rouzaofun 0.0034 33 25 148 122
Rouzaofun 0.0021 233 90 277 148
Rouzaofun 0.0018 104 -68 136 23
Rouzaofun 0.0018 1 59 46 92
Rouzaofun 0.0018 93 -135 271 53
Rouzaofun 0.0016 20 113 81 158
Rouzaofun 0.0013 132 84 228 154
Rouzaofun 0.0011 137 -68 191 24
Rouzaofun 0.0011 128 103 283 291
Rouzaofun 0.0010 105 -79 224 -7
Rouzaofun 0.0010 6 104 84 145
Rouzaofun 0.0010 212 85 309 153
Rice_with_Shredded_Chicken 0.0239 116 61 217 193
Rice_with_Shredded_Chicken 0.0109 8 79 88 195
Rice_with_Shredded_Chicken 0.0103 76 75 257 180
Rice_with_Shredded_Chicken 0.0089 121 -53 206 -9
Rice_with_Shredded_Chicken 0.0062 33 25 148 122
Rice_with_Shredded_Chicken 0.0061 226 71 284 167
Rice_with_Shredded_Chicken 0.0059 121 -105 213 36
Rice_with_Shredded_Chicken 0.0045 62 -80 271 12
Rice_with_Shredded_Chicken 0.0032 -20 108 122 162
Rice_with_Shredded_Chicken 0.0026 93 -135 271 53
Rice_with_Shredded_Chicken 0.0017 1 59 46 92
Rice_with_Shredded_Chicken 0.0017 233 90 277 148
Rice_with_Shredded_Chicken 0.0013 -2 -199 331 113
Rice_with_Shredded_Chicken 0.0013 137 -68 191 24
Rice_with_Shredded_Chicken 0.0012 -34 86 131 191
Rice_with_Shredded_Chicken 0.0012 104 -68 136 23
Rice_with_Shredded_Chicken 0.0011 105 -79 224 -7
Rice_with_Shredded_Chicken 0.0011 154 202 184 241
Rice_with_Shredded_Chicken 0.0011 82 87 284 305
migao 0.0289 116 61 217 193
migao 0.0124 76 75 257 180
migao 0.0115 121 -53 206 -9
migao 0.0112 8 79 88 195
migao 0.0069 121 -105 213 36
migao 0.0067 226 71 284 167
migao 0.0053 62 -80 271 12
migao 0.0039 -20 108 122 162
migao 0.0037 33 25 148 122
migao 0.0028 1 59 46 92
migao 0.0021 104 -68 136 23
migao 0.0020 93 -135 271 53
migao 0.0018 137 -68 191 24
migao 0.0016 233 90 277 148
migao 0.0013 -34 86 131 191
migao 0.0013 105 -79 224 -7
migao 0.0012 128 103 283 291
migao 0.0012 256 48 287 82
migao 0.0011 -2 -199 331 113
migao 0.0010 154 202 184 241
migao 0.0010 16 107 85 153
wagui 0.5794 116 61 217 193
wagui 0.1693 8 79 88 195
wagui 0.0884 76 75 257 180
wagui 0.0669 33 25 148 122
wagui 0.0108 177 34 264 113
wagui 0.0098 226 71 284 167
wagui 0.0081 1 59 46 92
wagui 0.0075 -34 86 131 191
wagui 0.0073 121 -53 206 -9
wagui 0.0052 121 -105 213 36
wagui 0.0047 -5 91 97 158
wagui 0.0047 62 -80 271 12
wagui 0.0042 -6 13 189 113
wagui 0.0028 233 90 277 148
wagui 0.0022 93 -135 271 53
wagui 0.0021 256 48 287 82
wagui 0.0021 65 -66 160 -18
wagui 0.0020 16 107 85 153
wagui 0.0017 -2 -199 331 113
wagui 0.0013 -17 109 119 172
wagui 0.0013 132 84 228 154
wagui 0.0013 87 90 281 301
wagui 0.0012 -40 99 131 150
wagui 0.0011 154 202 184 241
wagui 0.0010 137 -68 191 24
wagui 0.0010 95 172 173 217
wagui 0.0010 104 -68 136 23
