Kongrou 0.0660 154 -19 844 632
Kongrou 0.0138 794 47 1011 281
Kongrou 0.0121 429 -216 753 -43
Kongrou 0.0079 342 -32 705 542
Kongrou 0.0073 420 -379 790 105
Kongrou 0.0026 -53 14 477 643
Kongrou 0.0018 239 -258 574 -77
Kongrou 0.0014 318 -451 1004 143
Kongrou 0.0011 344 166 605 513
Kongrou 0.0011 -199 -334 224 68
Kongrou 0.0011 61 -139 636 754
Kongrou 0.0011 371 -302 815 -37
Kongrou 0.0010 612 -187 1166 500
Kongrou 0.0010 45 -280 362 -12
Kongrou 0.0010 207 -354 919 8
Kongrou 0.0010 628 451 905 655
Kongrou 0.0010 -93 -521 788 201
Rouzaofun 0.0255 154 -19 844 632
Rouzaofun 0.0192 808 72 997 259
Rouzaofun 0.0115 429 -216 753 -43
Rouzaofun 0.0059 420 -379 790 105
Rouzaofun 0.0029 -53 14 477 643
Rouzaofun 0.0014 -93 -521 788 201
Rouzaofun 0.0014 239 -258 574 -77
Rouzaofun 0.0012 652 489 882 620
Rouzaofun 0.0011 -199 -334 224 68
Rouzaofun 0.0010 376 -277 494 90
Rouzaofun 0.0010 45 -280 362 -12
Rice_with_Shredded_Chicken 0.1524 154 -19 844 632
Rice_with_Shredded_Chicken 0.0127 794 47 1011 281
Rice_with_Shredded_Chicken 0.0117 429 -216 753 -43
Rice_with_Shredded_Chicken 0.0056 420 -379 790 105
Rice_with_Shredded_Chicken 0.0026 -77 -29 423 685
Rice_with_Shredded_Chicken 0.0023 -93 -521 788 201
Rice_with_Shredded_Chicken 0.0015 211 -425 957 104
Rice_with_Shredded_Chicken 0.0015 -199 -334 224 68
Rice_with_Shredded_Chicken 0.0013 612 -187 1166 500
migao 0.0909 154 -19 844 632
migao 0.0220 794 47 1011 281
migao 0.0132 429 -216 753 -43
migao 0.0067 420 -379 790 105
migao 0.0035 -77 -29 423 685
migao 0.0019 342 -32 705 542
migao 0.0016 211 -425 957 104
migao 0.0015 -93 -521 788 201
migao 0.0014 -199 -334 224 68
migao 0.0012 376 -277 494 90
migao 0.0011 612 -187 1166 500
migao 0.0011 45 -280 362 -12
migao 0.0011 652 489 882 620
migao 0.0010 371 -302 815 -37
wagui 0.0255 154 -19 844 632
wagui 0.0109 808 72 997 259
wagui 0.0067 429 -216 753 -43
wagui 0.0054 420 -379 790 105
wagui 0.0040 -77 -29 423 685
wagui 0.0025 239 -258 574 -77
wagui 0.0018 -93 -521 788 201
wagui 0.0012 -199 -334 224 68
wagui 0.0011 211 -425 957 104
