Kongrou 0.0076 129 -75 222 -18
Kongrou 0.0059 131 -118 228 21
Kongrou 0.0040 72 -100 285 2
Kongrou 0.0035 119 188 208 226
Kongrou 0.0031 81 -156 260 43
Kongrou 0.0029 122 134 212 273
Kongrou 0.0025 90 170 173 221
Kongrou 0.0024 16 -197 333 81
Kongrou 0.0023 44 155 289 253
Kongrou 0.0014 242 42 305 153
Kongrou 0.0013 106 7 227 148
Rouzaofun 0.0071 129 -75 222 -18
Rouzaofun 0.0050 131 -118 228 21
Rouzaofun 0.0036 72 -100 285 2
Rouzaofun 0.0031 119 188 208 226
Rouzaofun 0.0030 242 42 305 153
Rouzaofun 0.0028 81 -156 260 43
Rouzaofun 0.0025 16 -197 333 81
Rouzaofun 0.0022 44 155 289 253
Rouzaofun 0.0021 122 134 212 273
Rouzaofun 0.0015 90 170 173 221
Rouzaofun 0.0013 106 7 227 148
Rouzaofun 0.0012 6 117 57 160
Rice_with_Shredded_Chicken 0.0076 129 -75 222 -18
Rice_with_Shredded_Chicken 0.0047 131 -118 228 21
Rice_with_Shredded_Chicken 0.0042 55 -135 291 24
Rice_with_Shredded_Chicken 0.0037 16 -197 333 81
Rice_with_Shredded_Chicken 0.0031 106 7 227 148
Rice_with_Shredded_Chicken 0.0025 119 188 208 226
Rice_with_Shredded_Chicken 0.0021 44 155 289 253
Rice_with_Shredded_Chicken 0.0020 122 134 212 273
Rice_with_Shredded_Chicken 0.0016 242 42 305 153
Rice_with_Shredded_Chicken 0.0015 69 -7 272 175
Rice_with_Shredded_Chicken 0.0010 209 93 368 301
migao 0.0081 129 -75 222 -18
migao 0.0053 131 -118 228 21
migao 0.0044 55 -135 291 24
migao 0.0042 119 188 208 226
migao 0.0030 16 -197 333 81
migao 0.0027 122 134 212 273
migao 0.0024 44 155 289 253
migao 0.0020 242 42 305 153
migao 0.0017 106 7 227 148
migao 0.0013 61 23 273 157
migao 0.0012 90 170 173 221
migao 0.0011 6 117 57 160
wagui 0.0287 106 7 227 148
wagui 0.0061 61 23 273 157
wagui 0.0049 129 -75 222 -18
wagui 0.0044 131 -118 228 21
wagui 0.0043 16 -197 333 81
wagui 0.0039 72 -100 285 2
wagui 0.0025 81 -156 260 43
wagui 0.0024 6 117 57 160
wagui 0.0022 113 -21 242 66
wagui 0.0021 119 188 208 226
wagui 0.0019 44 155 289 253
wagui 0.0019 242 42 305 153
wagui 0.0018 122 134 212 273
wagui 0.0014 66 -16 175 57
wagui 0.0013 90 170 173 221
wagui 0.0012 86 -85 178 -30
wagui 0.0011 209 93 368 301
