Kongrou 0.0113 33 -11 262 176
Kongrou 0.0017 113 153 177 269
Kongrou 0.0015 41 33 167 150
Kongrou 0.0012 -45 -100 111 53
Kongrou 0.0012 148 6 240 157
Kongrou 0.0011 68 161 220 259
Rouzaofun 0.0343 56 7 242 183
Rouzaofun 0.0016 113 169 171 255
Rouzaofun 0.0012 68 161 220 259
Rouzaofun 0.0011 -45 -100 111 53
Rice_with_Shredded_Chicken 0.0611 56 7 242 183
Rice_with_Shredded_Chicken 0.0020 113 169 171 255
Rice_with_Shredded_Chicken 0.0015 -45 -100 111 53
Rice_with_Shredded_Chicken 0.0013 68 161 220 259
migao 0.0582 56 7 242 183
migao 0.0023 113 169 171 255
migao 0.0012 68 161 220 259
migao 0.0012 117 11 270 153
migao 0.0012 -45 -100 111 53
migao 0.0010 13 23 194 161
wagui 0.6870 45 4 252 188
wagui 0.0051 41 33 167 150
wagui 0.0044 148 6 240 157
wagui 0.0038 7 -18 211 136
wagui 0.0015 71 54 177 190
wagui 0.0014 113 153 177 269
wagui 0.0011 114 37 273 167
wagui 0.0010 85 23 203 160
wagui 0.0010 -45 -100 111 53
