Kongrou 0.0287 111 -18 217 123
Kongrou 0.0106 70 0 256 104
Kongrou 0.0070 10 8 250 187
Kongrou 0.0020 234 48 258 80
Kongrou 0.0010 68 -46 270 159
Rouzaofun 0.0148 -8 19 267 178
Rouzaofun 0.0062 234 48 258 80
Rouzaofun 0.0038 70 0 256 104
Rouzaofun 0.0020 111 -18 217 123
Rouzaofun 0.0011 114 174 169 249
Rice_with_Shredded_Chicken 0.0285 -8 19 267 178
Rice_with_Shredded_Chicken 0.0088 234 48 258 80
Rice_with_Shredded_Chicken 0.0066 70 0 256 104
Rice_with_Shredded_Chicken 0.0063 111 -18 217 123
migao 0.0193 10 8 250 187
migao 0.0109 234 48 258 80
migao 0.0095 70 0 256 104
migao 0.0094 111 -18 217 123
migao 0.0013 114 174 169 249
wagui 0.2324 -8 19 267 178
wagui 0.0248 234 48 258 80
wagui 0.0150 111 -18 217 123
wagui 0.0076 70 0 256 104
wagui 0.0023 36 67 222 205
wagui 0.0017 21 -27 240 140
wagui 0.0010 37 0 152 125
wagui 0.0010 34 0 70 20
