Kongrou 0.0271 18 24 256 200
Kongrou 0.0043 94 174 168 214
Kongrou 0.0023 53 115 265 276
Kongrou 0.0021 -3 -8 275 114
Kongrou 0.0013 106 28 283 166
Kongrou 0.0012 23 14 135 137
Kongrou 0.0010 29 148 234 236
Rouzaofun 0.0374 26 2 247 181
Rouzaofun 0.0041 94 174 168 214
Rouzaofun 0.0016 0 80 275 185
Rouzaofun 0.0016 71 111 247 281
Rice_with_Shredded_Chicken 0.0552 26 2 247 181
Rice_with_Shredded_Chicken 0.0021 0 80 275 185
Rice_with_Shredded_Chicken 0.0020 53 115 265 276
Rice_with_Shredded_Chicken 0.0015 94 174 168 214
migao 0.0572 26 2 247 181
migao 0.0031 94 174 168 214
migao 0.0021 71 111 247 281
migao 0.0016 0 80 275 185
migao 0.0010 29 148 234 236
wagui 0.8204 3 14 273 176
wagui 0.0060 94 174 168 214
wagui 0.0030 41 46 234 221
wagui 0.0026 119 18 249 174
wagui 0.0022 -1 -14 233 120
wagui 0.0021 25 12 154 140
wagui 0.0019 71 111 247 281
wagui 0.0017 39 42 203 152
wagui 0.0012 46 -63 270 78
wagui 0.0010 29 148 234 236
