Kongrou 0.0055 86 40 283 153
Kongrou 0.0042 137 17 252 175
Kongrou 0.0040 61 131 181 191
Kongrou 0.0038 7 15 93 109
Kongrou 0.0025 -20 30 120 93
Kongrou 0.0025 122 171 179 256
Kongrou 0.0017 75 165 231 260
Kongrou 0.0016 70 -127 242 54
Kongrou 0.0012 -3 92 40 190
Kongrou 0.0012 144 203 178 238
Kongrou 0.0011 17 -157 304 80
Kongrou 0.0010 17 -17 258 198
Rouzaofun 0.0524 54 144 168 196
Rouzaofun 0.0090 86 40 283 153
Rouzaofun 0.0064 7 15 93 109
Rouzaofun 0.0052 125 14 245 178
Rouzaofun 0.0045 -20 30 120 93
Rouzaofun 0.0041 10 122 212 220
Rouzaofun 0.0032 -3 92 40 190
Rouzaofun 0.0027 122 171 179 256
Rouzaofun 0.0017 75 165 231 260
Rouzaofun 0.0017 144 203 178 238
Rouzaofun 0.0015 70 -127 242 54
Rouzaofun 0.0014 3 116 43 176
Rouzaofun 0.0013 -25 3 141 125
Rouzaofun 0.0012 17 -157 304 80
Rouzaofun 0.0011 -4 2 62 100
Rice_with_Shredded_Chicken 0.0113 125 14 245 178
Rice_with_Shredded_Chicken 0.0101 63 144 180 196
Rice_with_Shredded_Chicken 0.0100 86 40 283 153
Rice_with_Shredded_Chicken 0.0086 10 -20 104 129
Rice_with_Shredded_Chicken 0.0034 2 14 87 109
Rice_with_Shredded_Chicken 0.0034 122 171 179 256
Rice_with_Shredded_Chicken 0.0033 -22 29 112 95
Rice_with_Shredded_Chicken 0.0024 -3 92 40 190
Rice_with_Shredded_Chicken 0.0021 141 204 170 237
Rice_with_Shredded_Chicken 0.0020 75 165 231 260
Rice_with_Shredded_Chicken 0.0019 55 -106 262 33
Rice_with_Shredded_Chicken 0.0018 25 123 217 219
Rice_with_Shredded_Chicken 0.0017 17 -157 304 80
Rice_with_Shredded_Chicken 0.0015 148 202 185 238
Rice_with_Shredded_Chicken 0.0011 3 116 43 176
migao 0.0204 63 144 180 196
migao 0.0203 10 -20 104 129
migao 0.0177 125 14 245 178
migao 0.0167 86 40 283 153
migao 0.0086 -23 0 138 109
migao 0.0048 2 14 87 109
migao 0.0040 122 171 179 256
migao 0.0028 -3 92 40 190
migao 0.0023 -31 30 110 94
migao 0.0021 25 123 217 219
migao 0.0020 75 165 231 260
migao 0.0020 55 -106 262 33
migao 0.0019 141 204 170 237
migao 0.0014 17 -157 304 80
migao 0.0014 148 202 185 238
migao 0.0011 3 116 43 176
migao 0.0010 115 160 193 289
wagui 0.2797 125 14 245 178
wagui 0.2241 10 -20 104 129
wagui 0.1058 86 40 283 153
wagui 0.0989 63 144 180 196
wagui 0.0418 -23 0 138 109
wagui 0.0058 2 14 87 109
wagui 0.0044 25 123 217 219
wagui 0.0044 -3 92 40 190
wagui 0.0031 -12 4 286 178
wagui 0.0027 122 171 179 256
wagui 0.0023 141 204 170 237
wagui 0.0022 -31 30 110 94
wagui 0.0020 3 116 43 176
wagui 0.0020 17 -157 304 80
wagui 0.0018 148 202 185 238
wagui 0.0015 55 -106 262 33
wagui 0.0014 75 165 231 260
wagui 0.0010 0 106 25 176
