Kongrou 0.0273 106 58 175 92
Kongrou 0.0170 103 85 202 156
Kongrou 0.0140 128 -76 224 -17
Kongrou 0.0097 98 44 185 105
Kongrou 0.0085 125 -123 233 26
Kongrou 0.0067 74 -99 282 1
Kongrou 0.0035 102 170 185 222
Kongrou 0.0033 165 30 244 107
Kongrou 0.0028 134 102 194 152
Kongrou 0.0025 127 -61 200 -29
Kongrou 0.0024 108 99 184 143
Kongrou 0.0023 82 -155 259 43
Kongrou 0.0022 121 191 206 224
Kongrou 0.0022 129 125 205 281
Kongrou 0.0021 148 135 275 229
Kongrou 0.0019 23 34 110 116
Kongrou 0.0018 216 33 320 129
Kongrou 0.0017 100 18 170 51
Kongrou 0.0017 26 -204 324 89
Kongrou 0.0016 86 -86 179 -30
Kongrou 0.0016 115 173 237 239
Kongrou 0.0015 34 157 300 252
Kongrou 0.0013 45 98 302 297
Kongrou 0.0013 -43 -87 77 13
Kongrou 0.0011 37 17 107 52
Kongrou 0.0011 -79 -102 113 26
Kongrou 0.0011 -83 -162 117 89
Kongrou 0.0010 110 -95 147 24
Kongrou 0.0010 144 -87 183 16
Rouzaofun 0.0695 106 58 175 92
Rouzaofun 0.0599 104 91 202 162
Rouzaofun 0.0212 98 44 185 105
Rouzaofun 0.0128 128 -76 224 -17
Rouzaofun 0.0092 134 102 194 152
Rouzaofun 0.0071 125 -123 233 26
Rouzaofun 0.0062 74 -99 282 1
Rouzaofun 0.0057 165 30 244 107
Rouzaofun 0.0050 108 99 184 143
Rouzaofun 0.0033 23 34 110 116
Rouzaofun 0.0024 100 18 170 51
Rouzaofun 0.0023 148 135 275 229
Rouzaofun 0.0021 216 33 320 129
Rouzaofun 0.0020 82 -155 259 43
Rouzaofun 0.0018 115 173 237 239
Rouzaofun 0.0017 26 -204 324 89
Rouzaofun 0.0016 129 125 205 281
Rouzaofun 0.0015 68 145 288 262
Rouzaofun 0.0015 121 191 206 224
Rouzaofun 0.0015 102 170 185 222
Rouzaofun 0.0014 37 17 107 52
Rouzaofun 0.0013 -79 -102 113 26
Rouzaofun 0.0013 127 -61 200 -29
Rouzaofun 0.0012 243 11 303 139
Rouzaofun 0.0012 -83 -162 117 89
Rouzaofun 0.0011 33 51 99 99
Rouzaofun 0.0011 110 -95 147 24
Rouzaofun 0.0010 66 74 281 320
Rouzaofun 0.0010 -43 -87 77 13
Rouzaofun 0.0010 178 41 242 86
Rouzaofun 0.0010 148 19 226 50
Rice_with_Shredded_Chicken 0.0977 106 58 175 92
Rice_with_Shredded_Chicken 0.0442 104 91 202 162
Rice_with_Shredded_Chicken 0.0258 98 44 185 105
Rice_with_Shredded_Chicken 0.0133 128 -76 224 -17
Rice_with_Shredded_Chicken 0.0068 125 -123 233 26
Rice_with_Shredded_Chicken 0.0057 74 -99 282 1
Rice_with_Shredded_Chicken 0.0057 165 30 244 107
Rice_with_Shredded_Chicken 0.0045 134 102 194 152
Rice_with_Shredded_Chicken 0.0034 108 99 184 143
Rice_with_Shredded_Chicken 0.0028 23 34 110 116
Rice_with_Shredded_Chicken 0.0026 26 -204 324 89
Rice_with_Shredded_Chicken 0.0024 100 18 170 51
Rice_with_Shredded_Chicken 0.0023 82 -155 259 43
Rice_with_Shredded_Chicken 0.0023 148 135 275 229
Rice_with_Shredded_Chicken 0.0021 -17 -149 223 39
Rice_with_Shredded_Chicken 0.0017 115 173 237 239
Rice_with_Shredded_Chicken 0.0016 216 33 320 129
Rice_with_Shredded_Chicken 0.0016 -43 -87 77 13
Rice_with_Shredded_Chicken 0.0015 129 125 205 281
Rice_with_Shredded_Chicken 0.0013 66 74 281 320
Rice_with_Shredded_Chicken 0.0012 -83 -162 117 89
Rice_with_Shredded_Chicken 0.0012 37 17 107 52
Rice_with_Shredded_Chicken 0.0012 34 157 300 252
Rice_with_Shredded_Chicken 0.0012 127 -61 200 -29
Rice_with_Shredded_Chicken 0.0012 144 -87 183 16
Rice_with_Shredded_Chicken 0.0011 92 0 179 69
Rice_with_Shredded_Chicken 0.0010 121 191 206 224
Rice_with_Shredded_Chicken 0.0010 33 -94 136 19
Rice_with_Shredded_Chicken 0.0010 148 75 378 279
migao 0.1200 106 58 175 92
migao 0.0513 110 91 207 162
migao 0.0176 98 44 185 105
migao 0.0141 128 -76 224 -17
migao 0.0077 125 -123 233 26
migao 0.0066 74 -99 282 1
migao 0.0060 134 102 194 152
migao 0.0053 165 30 244 107
migao 0.0042 108 99 184 143
migao 0.0036 100 18 170 51
migao 0.0029 23 34 110 116
migao 0.0024 121 191 206 224
migao 0.0021 127 -61 200 -29
migao 0.0021 129 125 205 281
migao 0.0020 26 -204 324 89
migao 0.0020 115 173 237 239
migao 0.0020 216 33 320 129
migao 0.0018 110 -95 147 24
migao 0.0017 37 17 107 52
migao 0.0017 144 -87 183 16
migao 0.0017 102 170 185 222
migao 0.0017 96 -146 296 40
migao 0.0015 148 135 275 229
migao 0.0015 68 145 288 262
migao 0.0013 -43 -87 77 13
migao 0.0013 148 19 226 50
migao 0.0013 -83 -162 117 89
migao 0.0012 -17 -149 223 39
migao 0.0011 -79 -102 113 26
migao 0.0010 33 51 99 99
wagui 0.2811 106 58 175 92
wagui 0.0825 110 91 207 162
wagui 0.0444 98 44 185 105
wagui 0.0126 134 102 194 152
wagui 0.0087 108 99 184 143
wagui 0.0085 165 30 244 107
wagui 0.0082 128 -76 224 -17
wagui 0.0073 100 18 170 51
wagui 0.0069 125 -123 233 26
wagui 0.0062 74 -99 282 1
wagui 0.0044 23 34 110 116
wagui 0.0035 37 17 107 52
wagui 0.0034 102 170 185 222
wagui 0.0030 26 -204 324 89
wagui 0.0024 148 19 226 50
wagui 0.0024 86 -86 179 -30
wagui 0.0023 -17 -149 223 39
wagui 0.0021 127 -61 200 -29
wagui 0.0018 216 33 320 129
wagui 0.0018 110 73 171 99
wagui 0.0018 82 -155 259 43
wagui 0.0017 92 0 179 69
wagui 0.0017 178 41 242 86
wagui 0.0016 33 51 99 99
wagui 0.0014 -43 -87 77 13
wagui 0.0014 121 191 206 224
wagui 0.0013 -79 -102 113 26
wagui 0.0012 129 125 205 281
wagui 0.0012 34 157 300 252
wagui 0.0012 33 -94 136 19
wagui 0.0012 -83 -162 117 89
wagui 0.0012 66 74 281 320
wagui 0.0011 144 -87 183 16
wagui 0.0011 110 -95 147 24
wagui 0.0011 74 4 128 30
wagui 0.0011 28 95 92 112
wagui 0.0010 120 1 174 22
wagui 0.0010 81 61 229 189
wagui 0.0010 26 0 118 70
wagui 0.0010 116 119 308 242
