Kongrou 0.0150 23 9 114 142
Kongrou 0.0054 118 -52 203 -4
Kongrou 0.0042 116 -96 212 35
Kongrou 0.0029 68 -77 260 17
Kongrou 0.0027 81 -133 277 59
Kongrou 0.0025 0 52 143 114
Kongrou 0.0025 -13 24 150 148
Kongrou 0.0024 43 32 178 181
Kongrou 0.0017 94 173 169 215
Kongrou 0.0015 8 -12 107 59
Kongrou 0.0014 55 93 260 297
Kongrou 0.0013 7 -168 315 90
Kongrou 0.0012 215 72 276 168
Kongrou 0.0011 98 63 188 319
Kongrou 0.0010 25 147 239 237
Rouzaofun 0.0056 118 -52 203 -4
Rouzaofun 0.0052 22 37 109 129
Rouzaofun 0.0039 0 52 143 114
Rouzaofun 0.0036 116 -96 212 35
Rouzaofun 0.0029 8 -12 107 59
Rouzaofun 0.0026 68 -77 260 17
Rouzaofun 0.0024 216 75 275 175
Rouzaofun 0.0021 -10 37 191 178
Rouzaofun 0.0020 94 173 169 215
Rouzaofun 0.0017 83 -139 276 65
Rouzaofun 0.0015 7 -168 315 90
Rouzaofun 0.0013 -10 17 146 135
Rouzaofun 0.0011 188 84 292 156
Rouzaofun 0.0010 25 147 239 237
Rouzaofun 0.0010 120 177 201 231
Rice_with_Shredded_Chicken 0.0083 1 30 191 191
Rice_with_Shredded_Chicken 0.0081 8 -12 107 59
Rice_with_Shredded_Chicken 0.0060 118 -52 203 -4
Rice_with_Shredded_Chicken 0.0033 116 -96 212 35
Rice_with_Shredded_Chicken 0.0030 27 36 115 130
Rice_with_Shredded_Chicken 0.0029 -8 54 140 112
Rice_with_Shredded_Chicken 0.0026 68 -77 260 17
Rice_with_Shredded_Chicken 0.0022 81 -133 277 59
Rice_with_Shredded_Chicken 0.0021 7 -168 315 90
Rice_with_Shredded_Chicken 0.0013 216 75 275 175
Rice_with_Shredded_Chicken 0.0012 -16 -128 206 55
Rice_with_Shredded_Chicken 0.0012 55 93 260 297
Rice_with_Shredded_Chicken 0.0011 -10 17 146 135
Rice_with_Shredded_Chicken 0.0010 98 63 188 319
Rice_with_Shredded_Chicken 0.0010 120 177 201 231
migao 0.0102 1 30 191 191
migao 0.0063 118 -52 203 -4
migao 0.0060 8 -12 107 59
migao 0.0059 23 16 115 155
migao 0.0039 0 52 143 114
migao 0.0038 116 -96 212 35
migao 0.0031 68 -77 260 17
migao 0.0021 81 -133 277 59
migao 0.0017 7 -168 315 90
migao 0.0017 94 173 169 215
migao 0.0016 216 75 275 175
migao 0.0012 120 177 201 231
migao 0.0011 55 93 260 297
migao 0.0011 25 147 239 237
migao 0.0011 98 63 188 319
migao 0.0010 188 84 292 156
wagui 0.2709 1 30 191 191
wagui 0.1181 8 -12 107 59
wagui 0.0485 23 16 115 155
wagui 0.0044 -32 -25 149 72
wagui 0.0040 0 52 143 114
wagui 0.0038 118 -52 203 -4
wagui 0.0034 116 -96 212 35
wagui 0.0028 68 -77 260 17
wagui 0.0025 7 -168 315 90
wagui 0.0021 94 173 169 215
wagui 0.0021 81 -133 277 59
wagui 0.0017 216 75 275 175
wagui 0.0014 -16 -128 206 55
wagui 0.0014 14 54 123 202
wagui 0.0012 55 93 260 297
wagui 0.0011 25 147 239 237
