Kongrou 0.0034 46 0 270 141
Kongrou 0.0030 141 -94 241 -36
Kongrou 0.0026 144 -143 247 8
Kongrou 0.0020 89 -125 299 -10
Kongrou 0.0017 93 -23 223 163
Rouzaofun 0.0105 55 -4 285 145
Rouzaofun 0.0082 93 -23 223 163
Rouzaofun 0.0028 141 -94 241 -36
Rouzaofun 0.0021 144 -143 247 8
Rouzaofun 0.0019 89 -125 299 -10
Rouzaofun 0.0010 6 -230 377 75
Rouzaofun 0.0010 119 162 164 199
Rice_with_Shredded_Chicken 0.0079 55 -4 285 145
Rice_with_Shredded_Chicken 0.0031 93 -23 223 163
Rice_with_Shredded_Chicken 0.0026 141 -94 241 -36
Rice_with_Shredded_Chicken 0.0021 144 -143 247 8
Rice_with_Shredded_Chicken 0.0017 89 -125 299 -10
Rice_with_Shredded_Chicken 0.0014 6 -230 377 75
migao 0.0136 55 -4 285 145
migao 0.0085 93 -23 223 163
migao 0.0032 141 -94 241 -36
migao 0.0024 144 -143 247 8
migao 0.0020 89 -125 299 -10
migao 0.0011 118 -115 163 8
migao 0.0010 6 -230 377 75
migao 0.0010 119 162 164 199
wagui 0.2006 98 -25 241 165
wagui 0.0147 53 -5 287 123
wagui 0.0024 285 -2 323 24
wagui 0.0020 144 -143 247 8
wagui 0.0017 141 -94 241 -36
wagui 0.0017 6 -230 377 75
wagui 0.0017 89 -125 299 -10
wagui 0.0014 119 162 164 199
wagui 0.0011 124 -30 171 2
wagui 0.0010 93 -109 195 -46
wagui 0.0010 -30 -38 306 189
