Kongrou 0.0102 25 98 109 169
Kongrou 0.0095 140 53 228 172
Kongrou 0.0031 102 73 265 170
Kongrou 0.0025 33 108 100 150
Kongrou 0.0011 67 -108 228 60
Kongrou 0.0010 111 -40 192 8
Kongrou 0.0010 30 116 83 161
Kongrou 0.0010 157 86 236 161
Rouzaofun 0.0358 139 60 229 183
Rouzaofun 0.0249 25 98 109 169
Rouzaofun 0.0097 102 73 265 170
Rouzaofun 0.0058 34 111 99 156
Rouzaofun 0.0016 134 79 218 149
Rouzaofun 0.0014 157 86 236 161
Rouzaofun 0.0011 127 100 265 157
Rouzaofun 0.0011 67 -108 228 60
Rice_with_Shredded_Chicken 0.0238 139 60 229 183
Rice_with_Shredded_Chicken 0.0186 25 98 109 169
Rice_with_Shredded_Chicken 0.0071 102 73 265 170
Rice_with_Shredded_Chicken 0.0037 34 111 99 156
Rice_with_Shredded_Chicken 0.0015 35 -84 263 35
Rice_with_Shredded_Chicken 0.0011 -9 -128 311 76
Rice_with_Shredded_Chicken 0.0010 134 79 218 149
migao 0.0503 139 60 229 183
migao 0.0211 25 98 109 169
migao 0.0113 102 73 265 170
migao 0.0044 34 111 99 156
migao 0.0015 35 -84 263 35
migao 0.0012 121 98 251 149
migao 0.0010 111 -40 192 8
wagui 0.4170 139 60 229 183
wagui 0.0421 102 73 265 170
wagui 0.0408 25 98 109 169
wagui 0.0086 34 111 99 156
wagui 0.0030 57 30 132 131
wagui 0.0021 134 79 218 149
wagui 0.0016 164 4 218 35
wagui 0.0015 30 117 73 161
wagui 0.0014 71 54 122 84
wagui 0.0013 -9 -128 311 76
wagui 0.0011 35 -84 263 35
wagui 0.0010 -13 89 143 196
wagui 0.0010 157 86 236 161
wagui 0.0010 151 92 211 136
