Kongrou 0.0045 -26 37 164 156
Kongrou 0.0029 166 48 251 140
Kongrou 0.0024 124 39 289 154
Kongrou 0.0021 118 -51 203 -5
Kongrou 0.0021 87 -127 270 53
Kongrou 0.0020 119 -98 209 38
Kongrou 0.0017 20 6 137 146
Kongrou 0.0016 144 66 283 132
Kongrou 0.0012 71 -80 256 20
Rouzaofun 0.0231 19 20 138 171
Rouzaofun 0.0081 159 21 254 170
Rouzaofun 0.0064 124 39 289 154
Rouzaofun 0.0034 142 65 275 133
Rouzaofun 0.0022 118 -51 203 -5
Rouzaofun 0.0018 119 -98 209 38
Rouzaofun 0.0015 87 -127 270 53
Rouzaofun 0.0015 169 42 259 124
Rouzaofun 0.0013 145 203 176 238
Rouzaofun 0.0012 71 -80 256 20
Rouzaofun 0.0010 -6 65 138 133
Rice_with_Shredded_Chicken 0.0164 19 20 138 171
Rice_with_Shredded_Chicken 0.0143 167 23 266 169
Rice_with_Shredded_Chicken 0.0023 142 65 275 133
Rice_with_Shredded_Chicken 0.0022 118 -51 203 -5
Rice_with_Shredded_Chicken 0.0021 129 49 303 163
Rice_with_Shredded_Chicken 0.0021 77 -106 283 36
Rice_with_Shredded_Chicken 0.0017 119 -98 209 38
Rice_with_Shredded_Chicken 0.0016 -13 -133 203 62
Rice_with_Shredded_Chicken 0.0014 145 203 176 238
Rice_with_Shredded_Chicken 0.0013 164 41 252 125
Rice_with_Shredded_Chicken 0.0012 0 -180 322 102
Rice_with_Shredded_Chicken 0.0010 -35 -116 103 46
migao 0.0157 159 21 254 170
migao 0.0153 -17 35 176 158
migao 0.0109 124 39 289 154
migao 0.0033 141 60 276 127
migao 0.0026 118 -51 203 -5
migao 0.0020 119 -98 209 38
migao 0.0017 77 -106 283 36
migao 0.0013 145 203 176 238
migao 0.0012 20 6 137 146
migao 0.0010 -35 -116 103 46
wagui 0.2996 159 21 254 170
wagui 0.1660 19 20 138 171
wagui 0.0730 124 39 289 154
wagui 0.0036 -14 25 203 193
wagui 0.0033 141 60 276 127
wagui 0.0021 118 -51 203 -5
wagui 0.0018 87 -127 270 53
wagui 0.0017 119 -98 209 38
wagui 0.0017 145 203 176 238
wagui 0.0016 -13 -133 203 62
wagui 0.0015 0 -180 322 102
wagui 0.0014 -23 24 161 127
wagui 0.0013 71 -80 256 20
wagui 0.0011 170 67 257 152
wagui 0.0011 64 -63 156 -13
wagui 0.0010 -5 -2 43 10
