Kongrou 0.0098 46 87 127 111
Kongrou 0.0042 113 -10 291 190
Kongrou 0.0040 118 -51 203 -5
Kongrou 0.0035 118 -97 210 37
Kongrou 0.0031 171 9 214 41
Kongrou 0.0026 102 114 177 147
Kongrou 0.0024 74 -121 286 48
Kongrou 0.0023 68 -79 259 18
Kongrou 0.0018 240 151 282 236
Kongrou 0.0018 44 74 130 123
Kongrou 0.0016 111 180 190 228
Kongrou 0.0012 77 38 187 158
Kongrou 0.0012 11 -165 311 88
Kongrou 0.0012 -40 -120 108 48
Kongrou 0.0011 152 -16 234 65
Kongrou 0.0010 62 93 123 116
Kongrou 0.0010 59 151 246 251
Kongrou 0.0010 107 136 200 267
Kongrou 0.0010 80 108 189 164
Rouzaofun 0.0400 46 87 127 111
Rouzaofun 0.0091 102 114 177 147
Rouzaofun 0.0072 44 74 130 123
Rouzaofun 0.0049 109 -27 293 206
Rouzaofun 0.0046 118 -51 203 -5
Rouzaofun 0.0043 171 9 214 41
Rouzaofun 0.0038 62 93 123 116
Rouzaofun 0.0033 85 105 184 157
Rouzaofun 0.0030 118 -97 210 37
Rouzaofun 0.0025 93 91 170 187
Rouzaofun 0.0025 76 88 119 110
Rouzaofun 0.0022 68 -79 259 18
Rouzaofun 0.0020 152 -16 234 65
Rouzaofun 0.0019 240 151 282 236
Rouzaofun 0.0016 74 -121 286 48
Rouzaofun 0.0014 128 16 262 157
Rouzaofun 0.0013 11 -165 311 88
Rouzaofun 0.0012 111 180 190 228
Rouzaofun 0.0012 -40 -120 108 48
Rouzaofun 0.0010 59 151 246 251
Rouzaofun 0.0010 55 31 207 164
Rouzaofun 0.0010 41 96 122 123
Rice_with_Shredded_Chicken 0.0326 46 87 127 111
Rice_with_Shredded_Chicken 0.0089 93 91 170 187
Rice_with_Shredded_Chicken 0.0052 109 -27 293 206
Rice_with_Shredded_Chicken 0.0050 102 114 177 147
Rice_with_Shredded_Chicken 0.0048 44 74 130 123
Rice_with_Shredded_Chicken 0.0044 118 -51 203 -5
Rice_with_Shredded_Chicken 0.0044 166 8 209 42
Rice_with_Shredded_Chicken 0.0028 118 -97 210 37
Rice_with_Shredded_Chicken 0.0022 50 -109 267 37
Rice_with_Shredded_Chicken 0.0020 62 93 123 116
Rice_with_Shredded_Chicken 0.0020 85 105 184 157
Rice_with_Shredded_Chicken 0.0019 11 -165 311 88
Rice_with_Shredded_Chicken 0.0016 -40 -120 108 48
Rice_with_Shredded_Chicken 0.0015 152 -16 234 65
Rice_with_Shredded_Chicken 0.0014 76 88 119 110
Rice_with_Shredded_Chicken 0.0013 240 151 282 236
Rice_with_Shredded_Chicken 0.0012 55 31 207 164
Rice_with_Shredded_Chicken 0.0011 128 16 262 157
Rice_with_Shredded_Chicken 0.0010 111 180 190 228
Rice_with_Shredded_Chicken 0.0010 3 -18 111 43
migao 0.0516 46 87 127 111
migao 0.0093 102 114 177 147
migao 0.0051 118 -51 203 -5
migao 0.0049 109 -27 293 206
migao 0.0047 166 8 209 42
migao 0.0038 44 74 130 123
migao 0.0032 118 -97 210 37
migao 0.0032 62 93 123 116
migao 0.0026 68 -79 259 18
migao 0.0026 240 151 282 236
migao 0.0024 76 88 119 110
migao 0.0019 74 -121 286 48
migao 0.0019 85 105 184 157
migao 0.0018 111 180 190 228
migao 0.0016 93 91 170 187
migao 0.0014 11 -165 311 88
migao 0.0013 133 -9 252 59
migao 0.0013 -40 -120 108 48
migao 0.0012 77 38 187 158
migao 0.0011 107 136 200 267
migao 0.0010 59 151 246 251
wagui 0.1072 46 87 127 111
wagui 0.0193 102 114 177 147
wagui 0.0120 93 91 170 187
wagui 0.0079 30 79 133 129
wagui 0.0077 166 8 209 42
wagui 0.0070 62 93 123 116
wagui 0.0058 109 -27 293 206
wagui 0.0057 76 88 119 110
wagui 0.0037 80 108 189 164
wagui 0.0036 77 38 187 158
wagui 0.0034 118 -51 203 -5
wagui 0.0029 118 -97 210 37
wagui 0.0026 138 -23 232 68
wagui 0.0024 68 -79 259 18
wagui 0.0022 11 -165 311 88
wagui 0.0020 240 151 282 236
wagui 0.0019 74 -121 286 48
wagui 0.0017 128 16 262 157
wagui 0.0017 41 96 122 123
wagui 0.0017 81 47 136 78
wagui 0.0011 -40 -120 108 48
wagui 0.0011 101 125 168 158
