Kongrou 0.0586 193 19 249 115
Kongrou 0.0175 179 37 263 98
Kongrou 0.0095 12 19 99 77
Kongrou 0.0055 120 13 185 34
Kongrou 0.0030 204 34 247 92
Kongrou 0.0022 192 46 240 99
Kongrou 0.0017 68 33 173 138
Kongrou 0.0015 116 -1 190 49
Kongrou 0.0014 162 126 322 300
Kongrou 0.0012 23 55 220 153
Kongrou 0.0010 66 -106 221 69
Rouzaofun 0.0999 193 19 249 115
Rouzaofun 0.0281 179 37 263 98
Rouzaofun 0.0181 22 2 103 88
Rouzaofun 0.0118 68 32 174 175
Rouzaofun 0.0078 23 55 220 153
Rouzaofun 0.0071 120 13 185 34
Rouzaofun 0.0054 17 28 94 68
Rouzaofun 0.0047 204 34 247 92
Rouzaofun 0.0034 192 46 240 99
Rouzaofun 0.0018 116 -1 190 49
Rouzaofun 0.0014 -9 29 121 76
Rouzaofun 0.0013 213 45 248 109
Rouzaofun 0.0012 162 126 322 300
Rouzaofun 0.0011 214 27 257 127
Rice_with_Shredded_Chicken 0.0638 193 19 249 115
Rice_with_Shredded_Chicken 0.0607 22 2 103 88
Rice_with_Shredded_Chicken 0.0344 68 32 174 175
Rice_with_Shredded_Chicken 0.0226 179 37 263 98
Rice_with_Shredded_Chicken 0.0115 23 55 220 153
Rice_with_Shredded_Chicken 0.0047 119 3 201 67
Rice_with_Shredded_Chicken 0.0046 120 13 185 34
Rice_with_Shredded_Chicken 0.0029 17 28 94 68
Rice_with_Shredded_Chicken 0.0021 204 34 247 92
Rice_with_Shredded_Chicken 0.0016 192 46 240 99
Rice_with_Shredded_Chicken 0.0015 -5 -7 131 100
Rice_with_Shredded_Chicken 0.0010 -9 29 121 76
migao 0.1328 193 19 249 115
migao 0.0369 179 37 263 98
migao 0.0137 12 19 99 77
migao 0.0132 68 32 174 175
migao 0.0089 120 13 185 34
migao 0.0087 23 55 220 153
migao 0.0031 204 34 247 92
migao 0.0023 192 46 240 99
migao 0.0014 162 126 322 300
migao 0.0013 116 -1 190 49
migao 0.0010 69 -85 222 47
wagui 0.3704 68 32 174 175
wagui 0.1055 22 2 103 88
wagui 0.0886 193 19 249 115
wagui 0.0631 23 55 220 153
wagui 0.0310 179 37 263 98
wagui 0.0174 120 13 185 34
wagui 0.0056 119 3 201 67
wagui 0.0050 17 28 94 68
wagui 0.0030 204 34 247 92
wagui 0.0024 192 46 240 99
wagui 0.0021 -5 -7 131 100
wagui 0.0015 162 126 322 300
wagui 0.0011 32 -128 261 87
wagui 0.0010 -9 29 121 76
