Kongrou 0.0215 198 106 509 561
Kongrou 0.0044 82 -1 714 574
Kongrou 0.0033 255 32 498 214
Kongrou 0.0024 10 341 219 614
Kongrou 0.0017 7 -3 131 97
Kongrou 0.0013 678 60 813 403
Rouzaofun 0.0053 165 -7 632 579
Rouzaofun 0.0039 10 341 219 614
Rouzaofun 0.0029 7 -3 131 97
Rouzaofun 0.0017 255 32 498 214
Rouzaofun 0.0016 -38 383 299 572
Rouzaofun 0.0014 -16 -25 185 150
Rouzaofun 0.0013 678 60 813 403
Rouzaofun 0.0010 615 109 909 323
Rice_with_Shredded_Chicken 0.1189 165 -7 632 579
Rice_with_Shredded_Chicken 0.0019 10 341 219 614
Rice_with_Shredded_Chicken 0.0016 7 -3 131 97
Rice_with_Shredded_Chicken 0.0016 255 32 498 214
Rice_with_Shredded_Chicken 0.0013 180 124 468 542
Rice_with_Shredded_Chicken 0.0013 481 -78 929 530
migao 0.0300 165 -7 632 579
migao 0.0031 7 -3 131 97
migao 0.0030 255 32 498 214
migao 0.0029 10 341 219 614
migao 0.0013 -38 383 299 572
migao 0.0011 620 112 872 351
migao 0.0011 -16 -25 185 150
wagui 0.0045 7 -3 131 97
wagui 0.0040 165 -7 632 579
wagui 0.0030 255 32 498 214
wagui 0.0017 10 341 219 614
wagui 0.0011 -16 -25 185 150
