Kongrou 0.0276 100 14 190 88
Kongrou 0.0161 7 64 93 144
Kongrou 0.0067 112 27 177 75
Kongrou 0.0047 20 79 79 118
Kongrou 0.0046 161 86 256 164
Kongrou 0.0031 -14 79 115 129
Kongrou 0.0025 63 -130 250 56
Kongrou 0.0015 116 -58 205 1
Kongrou 0.0015 102 -2 135 21
Kongrou 0.0015 110 -98 218 37
Kongrou 0.0014 173 105 243 146
Kongrou 0.0012 131 98 286 153
Kongrou 0.0012 133 -135 265 147
Kongrou 0.0011 217 -12 274 63
Kongrou 0.0010 169 0 227 29
Kongrou 0.0010 148 204 184 237
Kongrou 0.0010 113 -42 187 -12
Rouzaofun 0.0509 100 14 190 88
Rouzaofun 0.0353 14 63 96 145
Rouzaofun 0.0169 161 61 251 194
Rouzaofun 0.0136 112 27 177 75
Rouzaofun 0.0086 21 82 78 127
Rouzaofun 0.0072 -14 79 115 129
Rouzaofun 0.0037 118 75 295 181
Rouzaofun 0.0034 173 92 266 169
Rouzaofun 0.0029 131 98 286 153
Rouzaofun 0.0022 63 -130 250 56
Rouzaofun 0.0021 173 105 243 146
Rouzaofun 0.0019 116 -58 205 1
Rouzaofun 0.0017 102 -2 135 21
Rouzaofun 0.0016 -15 0 292 183
Rouzaofun 0.0014 148 204 184 237
Rouzaofun 0.0013 202 -26 294 72
Rouzaofun 0.0013 110 -98 218 37
Rouzaofun 0.0013 102 -62 134 25
Rouzaofun 0.0013 169 0 227 29
Rouzaofun 0.0012 217 -12 274 63
Rouzaofun 0.0012 89 -57 127 20
Rouzaofun 0.0012 96 -69 306 84
Rouzaofun 0.0011 170 -41 325 87
Rouzaofun 0.0011 133 -135 265 147
Rouzaofun 0.0010 21 -9 167 190
Rouzaofun 0.0010 74 0 111 29
Rice_with_Shredded_Chicken 0.0380 100 14 190 88
Rice_with_Shredded_Chicken 0.0268 7 64 93 144
Rice_with_Shredded_Chicken 0.0221 161 61 251 194
Rice_with_Shredded_Chicken 0.0079 112 27 177 75
Rice_with_Shredded_Chicken 0.0064 20 79 79 118
Rice_with_Shredded_Chicken 0.0058 -14 79 115 129
Rice_with_Shredded_Chicken 0.0045 118 75 295 181
Rice_with_Shredded_Chicken 0.0029 56 -110 260 38
Rice_with_Shredded_Chicken 0.0027 25 -159 296 82
Rice_with_Shredded_Chicken 0.0022 131 98 286 153
Rice_with_Shredded_Chicken 0.0020 102 -2 135 21
Rice_with_Shredded_Chicken 0.0019 116 -58 205 1
Rice_with_Shredded_Chicken 0.0018 173 92 266 169
Rice_with_Shredded_Chicken 0.0016 148 204 184 237
Rice_with_Shredded_Chicken 0.0014 -26 -1 219 186
Rice_with_Shredded_Chicken 0.0013 173 105 243 146
Rice_with_Shredded_Chicken 0.0013 169 0 227 29
Rice_with_Shredded_Chicken 0.0012 110 -98 218 37
Rice_with_Shredded_Chicken 0.0011 133 -135 265 147
Rice_with_Shredded_Chicken 0.0011 217 -12 274 63
Rice_with_Shredded_Chicken 0.0011 -34 -124 224 50
Rice_with_Shredded_Chicken 0.0011 74 0 111 29
migao 0.0559 100 14 190 88
migao 0.0321 14 63 96 145
migao 0.0163 161 61 251 194
migao 0.0103 112 27 177 75
migao 0.0077 -14 79 115 129
migao 0.0075 20 79 79 118
migao 0.0043 118 75 295 181
migao 0.0030 56 -110 260 38
migao 0.0027 131 98 286 153
migao 0.0025 102 -2 135 21
migao 0.0022 173 92 266 169
migao 0.0021 25 -159 296 82
migao 0.0019 116 -58 205 1
migao 0.0017 102 -62 134 25
migao 0.0017 169 0 227 29
migao 0.0015 217 -12 274 63
migao 0.0015 173 105 243 146
migao 0.0015 110 -98 218 37
migao 0.0014 148 204 184 237
migao 0.0014 74 0 111 29
migao 0.0013 89 -57 127 20
migao 0.0010 133 -135 265 147
migao 0.0010 96 -69 306 84
wagui 0.2978 161 61 251 194
wagui 0.1174 8 52 86 161
wagui 0.0882 100 14 190 88
wagui 0.0249 118 75 295 181
wagui 0.0172 20 79 79 118
wagui 0.0167 112 27 177 75
wagui 0.0077 -14 79 115 129
wagui 0.0035 173 92 266 169
wagui 0.0031 102 -2 135 21
wagui 0.0031 173 105 243 146
wagui 0.0030 -25 47 121 167
wagui 0.0029 25 -159 296 82
wagui 0.0027 131 98 286 153
wagui 0.0025 169 0 227 29
wagui 0.0021 56 -110 260 38
wagui 0.0019 217 -12 274 63
wagui 0.0018 74 0 111 29
wagui 0.0018 148 204 184 237
wagui 0.0016 202 -26 294 72
wagui 0.0014 -19 -21 294 202
wagui 0.0013 110 -98 218 37
wagui 0.0013 -34 -124 224 50
wagui 0.0013 116 -58 205 1
wagui 0.0013 89 -57 127 20
wagui 0.0012 21 4 115 85
wagui 0.0012 170 -41 325 87
wagui 0.0012 54 -9 219 192
wagui 0.0012 163 204 201 237
wagui 0.0011 34 87 86 133
wagui 0.0011 96 -69 306 84
wagui 0.0011 102 -62 134 25
wagui 0.0010 82 -63 161 -14
wagui 0.0010 133 -135 265 147
