Kongrou 0.0196 96 46 193 197
Kongrou 0.0090 64 69 224 174
Kongrou 0.0031 83 13 130 56
Kongrou 0.0011 72 -115 265 69
Kongrou 0.0011 149 196 194 230
Rouzaofun 0.0099 96 46 193 197
Rouzaofun 0.0095 64 69 224 174
Rouzaofun 0.0031 83 13 130 56
Rouzaofun 0.0013 149 196 194 230
Rouzaofun 0.0012 30 5 226 191
Rice_with_Shredded_Chicken 0.0059 64 69 224 174
Rice_with_Shredded_Chicken 0.0045 96 46 193 197
Rice_with_Shredded_Chicken 0.0022 83 13 130 56
Rice_with_Shredded_Chicken 0.0011 149 196 194 230
migao 0.0166 96 46 193 197
migao 0.0143 64 69 224 174
migao 0.0036 83 13 130 56
migao 0.0013 149 196 194 230
migao 0.0011 114 -46 209 13
wagui 0.1975 96 46 193 197
wagui 0.0616 51 68 218 175
wagui 0.0059 83 13 130 56
wagui 0.0046 30 5 226 191
wagui 0.0016 149 196 194 230
wagui 0.0015 -50 102 149 247
wagui 0.0011 140 201 182 235
wagui 0.0010 10 154 98 208
