Kongrou 0.0234 62 11 181 161
Kongrou 0.0135 8 -5 268 185
Kongrou 0.0123 185 -20 269 67
Kongrou 0.0081 23 31 219 141
Kongrou 0.0036 117 -52 205 -4
Kongrou 0.0028 116 -99 212 38
Kongrou 0.0026 98 72 188 311
Kongrou 0.0022 105 169 178 218
Kongrou 0.0020 212 -8 279 58
Kongrou 0.0019 69 -80 257 20
Kongrou 0.0017 49 148 236 236
Kongrou 0.0017 92 -131 266 57
Kongrou 0.0014 82 98 278 294
Kongrou 0.0014 121 134 207 270
Kongrou 0.0013 121 175 201 231
Kongrou 0.0012 231 -1 271 52
Kongrou 0.0011 149 -32 304 79
Rouzaofun 0.0352 185 -20 269 67
Rouzaofun 0.0119 63 22 181 169
Rouzaofun 0.0083 8 -5 268 185
Rouzaofun 0.0051 95 170 168 217
Rouzaofun 0.0037 117 -52 205 -4
Rouzaofun 0.0034 224 -9 278 59
Rouzaofun 0.0034 34 32 229 140
Rouzaofun 0.0031 149 -32 304 79
Rouzaofun 0.0024 116 -99 212 38
Rouzaofun 0.0018 98 72 188 311
Rouzaofun 0.0018 69 -80 257 20
Rouzaofun 0.0018 49 148 236 236
Rouzaofun 0.0017 121 175 201 231
Rouzaofun 0.0012 148 202 173 239
Rouzaofun 0.0011 183 -2 255 43
Rouzaofun 0.0011 92 -131 266 57
Rouzaofun 0.0011 82 98 278 294
Rouzaofun 0.0010 121 134 207 270
Rice_with_Shredded_Chicken 0.0118 32 23 240 164
Rice_with_Shredded_Chicken 0.0049 185 -20 269 67
Rice_with_Shredded_Chicken 0.0036 117 -52 205 -4
Rice_with_Shredded_Chicken 0.0025 105 169 178 218
Rice_with_Shredded_Chicken 0.0024 98 72 188 311
Rice_with_Shredded_Chicken 0.0023 116 -99 212 38
Rice_with_Shredded_Chicken 0.0019 149 -32 304 79
Rice_with_Shredded_Chicken 0.0017 121 175 201 231
Rice_with_Shredded_Chicken 0.0017 49 148 236 236
Rice_with_Shredded_Chicken 0.0017 69 -80 257 20
Rice_with_Shredded_Chicken 0.0016 224 -9 278 59
Rice_with_Shredded_Chicken 0.0014 92 -131 266 57
Rice_with_Shredded_Chicken 0.0013 148 202 173 239
Rice_with_Shredded_Chicken 0.0012 82 98 278 294
Rice_with_Shredded_Chicken 0.0011 1 -170 321 93
Rice_with_Shredded_Chicken 0.0011 54 -28 260 213
Rice_with_Shredded_Chicken 0.0010 121 134 207 270
migao 0.0452 185 -20 269 67
migao 0.0187 32 23 240 164
migao 0.0053 149 -32 304 79
migao 0.0043 117 -52 205 -4
migao 0.0035 224 -9 278 59
migao 0.0031 95 170 168 217
migao 0.0030 59 9 163 162
migao 0.0026 116 -99 212 38
migao 0.0024 98 72 188 311
migao 0.0021 69 -80 257 20
migao 0.0020 121 175 201 231
migao 0.0017 49 148 236 236
migao 0.0014 54 -28 260 213
migao 0.0013 121 134 207 270
migao 0.0013 148 202 173 239
migao 0.0012 92 -131 266 57
migao 0.0011 82 98 278 294
migao 0.0010 183 -2 255 43
wagui 0.1357 72 20 192 171
wagui 0.0998 185 -20 269 67
wagui 0.0538 8 -5 268 185
wagui 0.0349 23 41 219 151
wagui 0.0071 149 -32 304 79
wagui 0.0042 95 170 168 217
wagui 0.0029 212 -8 279 58
wagui 0.0027 117 -52 205 -4
wagui 0.0024 116 -99 212 38
wagui 0.0022 231 -1 271 52
wagui 0.0021 98 72 188 311
wagui 0.0019 69 -80 257 20
wagui 0.0017 49 148 236 236
wagui 0.0014 1 -170 321 93
wagui 0.0014 183 -2 255 43
wagui 0.0014 148 202 173 239
wagui 0.0013 92 -131 266 57
wagui 0.0013 82 98 278 294
wagui 0.0012 121 134 207 270
wagui 0.0010 108 163 195 222
