Kongrou 0.0288 182 79 256 140
Kongrou 0.0229 98 140 170 174
Kongrou 0.0229 38 112 103 159
Kongrou 0.0192 156 117 229 176
Kongrou 0.0188 109 76 169 121
Kongrou 0.0160 166 54 219 91
Kongrou 0.0154 118 40 171 73
Kongrou 0.0152 27 73 93 115
Kongrou 0.0142 63 45 121 79
Kongrou 0.0043 185 85 242 123
Kongrou 0.0035 113 27 177 86
Kongrou 0.0032 86 130 162 184
Kongrou 0.0023 197 -26 298 74
Kongrou 0.0016 155 124 219 158
Kongrou 0.0016 -2 161 29 185
Kongrou 0.0013 68 -131 245 58
Kongrou 0.0013 57 37 127 97
Kongrou 0.0011 202 -69 315 115
Kongrou 0.0011 158 48 227 108
Kongrou 0.0010 76 57 119 87
Rouzaofun 0.0757 90 140 168 174
Rouzaofun 0.0735 38 112 103 159
Rouzaofun 0.0694 27 73 93 115
Rouzaofun 0.0649 109 76 169 121
Rouzaofun 0.0591 166 54 219 91
Rouzaofun 0.0572 118 40 171 73
Rouzaofun 0.0540 63 45 121 79
Rouzaofun 0.0539 187 86 250 133
Rouzaofun 0.0454 159 126 226 167
Rouzaofun 0.0123 113 27 177 86
Rouzaofun 0.0074 103 129 176 186
Rouzaofun 0.0051 57 37 127 97
Rouzaofun 0.0042 158 48 227 108
Rouzaofun 0.0031 76 57 119 87
Rouzaofun 0.0029 -2 161 29 185
Rouzaofun 0.0027 145 118 251 175
Rouzaofun 0.0026 35 62 107 126
Rouzaofun 0.0020 3 6 270 173
Rouzaofun 0.0017 115 92 164 127
Rouzaofun 0.0017 196 -57 300 104
Rouzaofun 0.0016 119 147 171 178
Rouzaofun 0.0015 162 129 201 174
Rouzaofun 0.0014 31 69 89 97
Rouzaofun 0.0014 149 202 184 239
Rouzaofun 0.0012 68 -131 245 58
Rouzaofun 0.0011 99 51 185 142
Rouzaofun 0.0011 173 70 264 138
Rouzaofun 0.0011 169 50 216 74
Rouzaofun 0.0011 94 169 169 218
Rouzaofun 0.0010 16 54 83 123
Rice_with_Shredded_Chicken 0.0720 118 40 171 73
Rice_with_Shredded_Chicken 0.0663 38 112 103 159
Rice_with_Shredded_Chicken 0.0616 90 140 168 174
Rice_with_Shredded_Chicken 0.0605 63 45 121 79
Rice_with_Shredded_Chicken 0.0554 166 54 219 91
Rice_with_Shredded_Chicken 0.0525 109 76 169 121
Rice_with_Shredded_Chicken 0.0520 27 73 93 115
Rice_with_Shredded_Chicken 0.0497 182 79 256 140
Rice_with_Shredded_Chicken 0.0347 159 126 226 167
Rice_with_Shredded_Chicken 0.0131 113 27 177 86
Rice_with_Shredded_Chicken 0.0053 185 85 242 123
Rice_with_Shredded_Chicken 0.0042 57 37 127 97
Rice_with_Shredded_Chicken 0.0036 103 129 176 186
Rice_with_Shredded_Chicken 0.0029 -2 161 29 185
Rice_with_Shredded_Chicken 0.0029 158 48 227 108
Rice_with_Shredded_Chicken 0.0025 76 57 119 87
Rice_with_Shredded_Chicken 0.0022 197 -26 298 74
Rice_with_Shredded_Chicken 0.0019 145 118 251 175
Rice_with_Shredded_Chicken 0.0015 149 202 184 239
Rice_with_Shredded_Chicken 0.0014 53 -107 264 33
Rice_with_Shredded_Chicken 0.0013 12 -148 308 71
Rice_with_Shredded_Chicken 0.0012 115 92 164 127
Rice_with_Shredded_Chicken 0.0012 190 103 248 137
Rice_with_Shredded_Chicken 0.0012 202 -69 315 115
Rice_with_Shredded_Chicken 0.0011 35 62 107 126
Rice_with_Shredded_Chicken 0.0011 31 69 89 97
migao 0.1210 118 40 171 73
migao 0.1130 166 54 219 91
migao 0.1120 63 45 121 79
migao 0.1033 90 140 168 174
migao 0.0999 27 73 93 115
migao 0.0963 38 112 103 159
migao 0.0939 109 76 169 121
migao 0.0636 182 79 256 140
migao 0.0500 159 126 226 167
migao 0.0099 113 27 177 86
migao 0.0066 185 85 242 123
migao 0.0050 103 129 176 186
migao 0.0042 76 57 119 87
migao 0.0038 -2 161 29 185
migao 0.0036 57 37 127 97
migao 0.0029 158 48 227 108
migao 0.0023 145 118 251 175
migao 0.0018 196 -57 300 104
migao 0.0018 115 92 164 127
migao 0.0017 162 129 201 174
migao 0.0017 31 69 89 97
migao 0.0016 190 103 248 137
migao 0.0015 35 62 107 126
migao 0.0014 149 202 184 239
migao 0.0014 53 -107 264 33
migao 0.0014 169 50 216 74
migao 0.0013 119 147 171 178
migao 0.0011 3 6 270 173
migao 0.0010 97 62 182 125
migao 0.0010 12 -148 308 71
migao 0.0010 119 34 170 58
wagui 0.2896 118 40 171 73
wagui 0.2885 63 45 121 79
wagui 0.2291 166 54 219 91
wagui 0.1796 38 112 103 159
wagui 0.1746 90 140 168 174
wagui 0.1740 27 73 93 115
wagui 0.1683 109 76 169 121
wagui 0.1025 182 79 256 140
wagui 0.0736 159 126 226 167
wagui 0.0191 113 27 177 86
wagui 0.0161 185 85 242 123
wagui 0.0107 76 57 119 87
wagui 0.0085 -2 161 29 185
wagui 0.0074 103 129 176 186
wagui 0.0073 57 37 127 97
wagui 0.0058 99 51 185 142
wagui 0.0052 31 69 89 97
wagui 0.0051 158 48 227 108
wagui 0.0046 169 50 216 74
wagui 0.0040 115 92 164 127
wagui 0.0037 153 107 237 193
wagui 0.0037 119 34 170 58
wagui 0.0032 190 103 248 137
wagui 0.0031 107 72 162 104
wagui 0.0029 162 129 201 174
wagui 0.0027 3 6 270 173
wagui 0.0027 83 73 112 92
wagui 0.0027 66 40 118 63
wagui 0.0026 121 57 169 77
wagui 0.0025 119 147 171 178
wagui 0.0025 35 62 107 126
wagui 0.0022 197 -26 298 74
wagui 0.0018 161 124 224 148
wagui 0.0017 149 202 184 239
wagui 0.0016 12 -148 308 71
wagui 0.0015 191 56 226 89
wagui 0.0013 113 35 155 67
wagui 0.0013 126 64 163 80
wagui 0.0013 1 98 24 163
wagui 0.0013 32 112 99 138
wagui 0.0012 202 -69 315 115
wagui 0.0012 161 50 203 84
wagui 0.0011 53 -107 264 33
wagui 0.0011 16 54 83 123
wagui 0.0011 -34 -82 185 56
wagui 0.0011 52 127 101 166
wagui 0.0011 0 143 26 181
wagui 0.0010 94 169 169 218
wagui 0.0010 -1 101 17 150
wagui 0.0010 133 37 178 65
wagui 0.0010 173 68 222 98
