Kongrou 0.0143 12 18 252 170
Kongrou 0.0021 -12 -1 277 114
Kongrou 0.0015 101 182 188 225
Rouzaofun 0.0265 14 21 248 169
Rouzaofun 0.0012 101 182 188 225
Rouzaofun 0.0010 -12 -1 277 114
Rice_with_Shredded_Chicken 0.0342 14 21 248 169
Rice_with_Shredded_Chicken 0.0026 127 -9 248 46
migao 0.0381 14 21 248 169
migao 0.0017 101 182 188 225
wagui 0.7585 -11 18 280 176
wagui 0.0143 21 -1 208 149
wagui 0.0049 127 -9 248 46
wagui 0.0028 31 17 162 101
wagui 0.0023 107 68 229 173
wagui 0.0017 24 54 242 216
