Kongrou 0.0128 44 40 140 115
Kongrou 0.0101 149 43 241 153
Kongrou 0.0042 13 50 171 105
Kongrou 0.0027 57 57 127 99
Kongrou 0.0024 128 -55 214 -1
Kongrou 0.0023 110 76 275 132
Kongrou 0.0022 126 -100 223 40
Kongrou 0.0017 84 -129 273 56
Kongrou 0.0015 89 -78 259 17
Kongrou 0.0014 -82 -59 113 59
Kongrou 0.0014 -65 -111 97 114
Kongrou 0.0012 120 134 187 292
Kongrou 0.0012 90 -62 173 -14
Kongrou 0.0011 -58 -55 123 193
Kongrou 0.0010 -38 -42 69 47
Rouzaofun 0.0206 44 40 140 115
Rouzaofun 0.0084 148 44 242 170
Rouzaofun 0.0082 13 50 171 105
Rouzaofun 0.0042 116 59 275 156
Rouzaofun 0.0041 57 57 127 99
Rouzaofun 0.0027 128 -55 214 -1
Rouzaofun 0.0017 126 -100 223 40
Rouzaofun 0.0016 89 -78 259 17
Rouzaofun 0.0016 84 -129 273 56
Rouzaofun 0.0014 133 61 231 137
Rouzaofun 0.0012 126 169 174 257
Rouzaofun 0.0012 -65 -111 97 114
Rouzaofun 0.0012 -82 -59 113 59
Rouzaofun 0.0012 -58 -55 123 193
Rouzaofun 0.0010 120 134 187 292
Rouzaofun 0.0010 139 203 171 238
Rice_with_Shredded_Chicken 0.0375 47 22 131 130
Rice_with_Shredded_Chicken 0.0268 148 44 242 170
Rice_with_Shredded_Chicken 0.0065 13 50 171 105
Rice_with_Shredded_Chicken 0.0042 116 59 275 156
Rice_with_Shredded_Chicken 0.0027 128 -55 214 -1
Rice_with_Shredded_Chicken 0.0025 57 57 127 99
Rice_with_Shredded_Chicken 0.0021 84 -129 273 56
Rice_with_Shredded_Chicken 0.0017 126 -100 223 40
Rice_with_Shredded_Chicken 0.0014 89 -78 259 17
Rice_with_Shredded_Chicken 0.0013 126 169 174 257
Rice_with_Shredded_Chicken 0.0013 -65 -111 97 114
Rice_with_Shredded_Chicken 0.0012 -37 -40 100 180
Rice_with_Shredded_Chicken 0.0011 139 203 171 238
Rice_with_Shredded_Chicken 0.0011 -82 -59 113 59
Rice_with_Shredded_Chicken 0.0010 120 134 187 292
migao 0.0332 47 22 131 130
migao 0.0234 148 44 242 170
migao 0.0078 13 50 171 105
migao 0.0061 116 59 275 156
migao 0.0031 57 57 127 99
migao 0.0029 128 -55 214 -1
migao 0.0021 126 -100 223 40
migao 0.0017 126 169 174 257
migao 0.0017 89 -78 259 17
migao 0.0014 84 -129 273 56
migao 0.0014 -65 -111 97 114
migao 0.0013 120 134 187 292
migao 0.0011 -58 -55 123 193
migao 0.0011 141 -6 181 36
migao 0.0011 -82 -59 113 59
migao 0.0010 139 203 171 238
migao 0.0010 114 -63 143 26
wagui 0.3988 148 44 242 170
wagui 0.3623 47 22 131 130
wagui 0.0307 116 59 275 156
wagui 0.0137 6 25 172 126
wagui 0.0048 14 50 181 105
wagui 0.0043 57 57 127 99
wagui 0.0021 78 -63 165 -14
wagui 0.0018 128 -55 214 -1
wagui 0.0018 126 -100 223 40
wagui 0.0018 148 59 248 118
wagui 0.0016 161 67 235 100
wagui 0.0016 79 -149 282 74
wagui 0.0015 89 -78 259 17
wagui 0.0013 -11 -184 335 105
wagui 0.0013 -65 -111 97 114
wagui 0.0013 -37 -40 100 180
wagui 0.0012 139 203 171 238
wagui 0.0012 -82 -59 113 59
wagui 0.0011 132 62 221 146
wagui 0.0011 126 169 174 257
wagui 0.0011 141 -6 181 36
wagui 0.0010 120 134 187 292
