Kongrou 0.0074 182 -3 261 62
Kongrou 0.0070 78 20 264 208
Kongrou 0.0047 2 36 62 142
Kongrou 0.0038 141 194 192 232
Kongrou 0.0032 -13 54 78 124
Kongrou 0.0024 127 177 205 250
Kongrou 0.0024 57 -18 149 66
Kongrou 0.0018 185 8 247 51
Kongrou 0.0015 136 202 177 234
Kongrou 0.0015 1 3 42 45
Kongrou 0.0014 119 143 191 279
Kongrou 0.0011 151 6 282 53
Rouzaofun 0.0112 182 -3 261 62
Rouzaofun 0.0085 58 -11 150 73
Rouzaofun 0.0068 2 36 62 142
Rouzaofun 0.0062 41 55 260 212
Rouzaofun 0.0045 -13 54 78 124
Rouzaofun 0.0043 141 194 192 232
Rouzaofun 0.0043 6 4 48 45
Rouzaofun 0.0031 127 177 205 250
Rouzaofun 0.0029 185 8 247 51
Rouzaofun 0.0026 151 6 282 53
Rouzaofun 0.0018 136 202 177 234
Rouzaofun 0.0013 8 -14 201 79
Rouzaofun 0.0012 119 143 191 279
Rouzaofun 0.0010 86 163 223 259
Rice_with_Shredded_Chicken 0.0236 58 -11 150 73
Rice_with_Shredded_Chicken 0.0127 46 33 257 202
Rice_with_Shredded_Chicken 0.0077 174 -2 259 62
Rice_with_Shredded_Chicken 0.0049 6 4 48 45
Rice_with_Shredded_Chicken 0.0046 2 36 62 142
Rice_with_Shredded_Chicken 0.0040 141 194 192 232
Rice_with_Shredded_Chicken 0.0035 -13 54 78 124
Rice_with_Shredded_Chicken 0.0028 127 177 205 250
Rice_with_Shredded_Chicken 0.0019 136 202 177 234
Rice_with_Shredded_Chicken 0.0018 185 8 247 51
Rice_with_Shredded_Chicken 0.0014 8 -14 201 79
Rice_with_Shredded_Chicken 0.0012 119 143 191 279
Rice_with_Shredded_Chicken 0.0010 86 163 223 259
migao 0.0232 58 -11 150 73
migao 0.0206 60 35 273 202
migao 0.0118 182 -3 261 62
migao 0.0059 2 36 62 142
migao 0.0057 6 4 48 45
migao 0.0055 -13 54 78 124
migao 0.0041 141 194 192 232
migao 0.0024 151 6 282 53
migao 0.0024 127 177 205 250
migao 0.0022 185 8 247 51
migao 0.0018 136 202 177 234
migao 0.0016 8 -14 201 79
migao 0.0014 119 143 191 279
migao 0.0011 86 163 223 259
migao 0.0010 91 182 162 206
wagui 0.4359 46 33 257 202
wagui 0.4012 58 -11 150 73
wagui 0.0339 176 -15 250 80
wagui 0.0153 6 4 48 45
wagui 0.0096 8 -14 201 79
wagui 0.0070 2 36 62 142
wagui 0.0055 -13 54 78 124
wagui 0.0045 141 194 192 232
wagui 0.0040 185 8 247 51
wagui 0.0030 71 54 197 189
wagui 0.0028 127 177 205 250
wagui 0.0027 159 5 283 53
wagui 0.0021 136 202 177 234
wagui 0.0018 146 -21 281 87
wagui 0.0017 157 -3 196 12
wagui 0.0015 191 -6 261 56
wagui 0.0014 -1 -6 46 65
wagui 0.0011 119 143 191 279
