Kongrou 0.0352 92 65 189 153
Kongrou 0.0109 131 -71 218 -20
Kongrou 0.0089 130 -123 227 26
Kongrou 0.0085 57 82 223 136
Kongrou 0.0058 81 -98 274 1
Kongrou 0.0048 103 39 206 185
Kongrou 0.0040 88 165 175 225
Kongrou 0.0033 90 -165 299 53
Kongrou 0.0030 57 57 230 168
Kongrou 0.0026 145 -89 206 19
Kongrou 0.0026 102 77 178 131
Kongrou 0.0018 8 -194 341 80
Kongrou 0.0012 108 99 173 143
Rouzaofun 0.0370 92 65 189 153
Rouzaofun 0.0177 82 34 183 188
Rouzaofun 0.0137 57 82 223 136
Rouzaofun 0.0093 131 -71 218 -20
Rouzaofun 0.0088 57 57 230 168
Rouzaofun 0.0073 130 -123 227 26
Rouzaofun 0.0048 81 -98 274 1
Rouzaofun 0.0028 145 -89 206 19
Rouzaofun 0.0027 104 89 177 142
Rouzaofun 0.0024 91 -143 302 36
Rouzaofun 0.0022 8 -194 341 80
Rice_with_Shredded_Chicken 0.0222 92 65 189 153
Rice_with_Shredded_Chicken 0.0114 57 82 223 136
Rice_with_Shredded_Chicken 0.0094 131 -71 218 -20
Rice_with_Shredded_Chicken 0.0071 130 -123 227 26
Rice_with_Shredded_Chicken 0.0060 57 57 230 168
Rice_with_Shredded_Chicken 0.0050 81 -98 274 1
Rice_with_Shredded_Chicken 0.0041 82 34 183 188
Rice_with_Shredded_Chicken 0.0035 145 -89 206 19
Rice_with_Shredded_Chicken 0.0035 49 -137 297 27
Rice_with_Shredded_Chicken 0.0029 8 -194 341 80
Rice_with_Shredded_Chicken 0.0013 102 77 178 131
Rice_with_Shredded_Chicken 0.0012 280 130 300 168
migao 0.0555 95 40 192 184
migao 0.0154 87 62 182 145
migao 0.0146 57 82 223 136
migao 0.0118 57 57 230 168
migao 0.0110 131 -71 218 -20
migao 0.0083 130 -123 227 26
migao 0.0055 81 -98 274 1
migao 0.0055 107 71 208 159
migao 0.0040 145 -89 206 19
migao 0.0038 49 -137 297 27
migao 0.0023 8 -194 341 80
migao 0.0017 104 89 177 142
migao 0.0014 280 130 300 168
migao 0.0013 88 165 175 225
migao 0.0010 124 171 227 240
wagui 0.4615 95 40 192 184
wagui 0.0455 57 57 230 168
wagui 0.0152 87 62 182 145
wagui 0.0132 57 82 223 136
wagui 0.0070 131 -71 218 -20
wagui 0.0070 107 71 208 159
wagui 0.0068 130 -123 227 26
wagui 0.0053 81 -98 274 1
wagui 0.0035 8 -194 341 80
wagui 0.0031 145 -89 206 19
wagui 0.0030 280 130 300 168
wagui 0.0028 49 -137 297 27
wagui 0.0026 102 169 184 222
wagui 0.0019 90 18 157 51
wagui 0.0018 104 89 177 142
wagui 0.0014 86 -84 178 -30
wagui 0.0010 77 -19 165 83
