Kongrou 0.0585 208 17 946 478
Kongrou 0.0034 264 -37 623 495
Kongrou 0.0020 126 103 890 684
Kongrou 0.0013 376 -27 810 415
Kongrou 0.0011 208 350 946 1057
Kongrou 0.0010 654 341 996 733
Kongrou 0.0010 252 65 573 372
Rouzaofun 0.0051 74 27 938 618
Rouzaofun 0.0015 314 -33 799 563
Rice_with_Shredded_Chicken 0.0178 74 27 938 618
Rice_with_Shredded_Chicken 0.0027 314 -33 799 563
Rice_with_Shredded_Chicken 0.0010 242 -401 913 117
migao 0.0233 167 67 940 465
migao 0.0122 314 -33 799 563
migao 0.0011 112 133 890 676
migao 0.0010 208 350 946 1057
wagui 0.0047 214 62 939 582
wagui 0.0015 338 -53 775 132
wagui 0.0011 623 -114 1283 607
