Kongrou 0.0467 24 41 108 104
Kongrou 0.0152 119 -48 203 -7
Kongrou 0.0138 92 99 177 172
Kongrou 0.0133 12 94 98 167
Kongrou 0.0118 40 54 101 92
Kongrou 0.0107 119 -94 210 33
Kongrou 0.0089 26 108 84 154
Kongrou 0.0080 111 59 179 97
Kongrou 0.0077 61 -73 266 13
Kongrou 0.0066 102 110 166 151
Kongrou 0.0038 185 53 253 92
Kongrou 0.0031 133 -62 189 26
Kongrou 0.0030 179 96 260 165
Kongrou 0.0027 85 -132 273 59
Kongrou 0.0027 72 24 133 58
Kongrou 0.0025 98 -67 138 31
Kongrou 0.0018 18 -33 159 59
Kongrou 0.0017 20 58 90 98
Kongrou 0.0016 184 105 253 145
Kongrou 0.0015 32 -49 212 11
Kongrou 0.0013 79 -64 164 -13
Kongrou 0.0013 65 12 140 69
Kongrou 0.0013 60 -100 183 61
Kongrou 0.0012 105 -72 218 -5
Rouzaofun 0.0695 24 41 108 104
Rouzaofun 0.0274 12 94 98 167
Rouzaofun 0.0240 92 99 177 172
Rouzaofun 0.0185 40 54 101 92
Rouzaofun 0.0166 111 59 179 97
Rouzaofun 0.0147 26 108 84 154
Rouzaofun 0.0137 119 -48 203 -7
Rouzaofun 0.0105 103 114 166 157
Rouzaofun 0.0086 119 -94 210 33
Rouzaofun 0.0080 190 53 258 92
Rouzaofun 0.0066 61 -73 266 13
Rouzaofun 0.0054 177 92 261 159
Rouzaofun 0.0040 72 24 133 58
Rouzaofun 0.0033 98 -67 138 31
Rouzaofun 0.0032 133 -62 189 26
Rouzaofun 0.0029 184 105 253 145
Rouzaofun 0.0025 20 58 90 98
Rouzaofun 0.0020 32 -49 212 11
Rouzaofun 0.0019 65 12 140 69
Rouzaofun 0.0018 91 51 199 104
Rouzaofun 0.0018 18 -33 159 59
Rouzaofun 0.0017 85 -132 273 59
Rouzaofun 0.0013 101 109 158 142
Rouzaofun 0.0011 60 -100 183 61
Rouzaofun 0.0010 180 37 248 98
Rouzaofun 0.0010 139 26 193 56
Rouzaofun 0.0010 211 107 258 154
Rouzaofun 0.0010 54 86 212 192
Rice_with_Shredded_Chicken 0.0646 24 41 108 104
Rice_with_Shredded_Chicken 0.0201 92 99 177 172
Rice_with_Shredded_Chicken 0.0199 12 94 98 167
Rice_with_Shredded_Chicken 0.0137 40 54 101 92
Rice_with_Shredded_Chicken 0.0136 111 59 179 97
Rice_with_Shredded_Chicken 0.0129 119 -48 203 -7
Rice_with_Shredded_Chicken 0.0123 26 108 84 154
Rice_with_Shredded_Chicken 0.0087 119 -94 210 33
Rice_with_Shredded_Chicken 0.0084 103 114 166 157
Rice_with_Shredded_Chicken 0.0067 61 -73 266 13
Rice_with_Shredded_Chicken 0.0063 185 53 253 92
Rice_with_Shredded_Chicken 0.0038 133 -62 189 26
Rice_with_Shredded_Chicken 0.0036 179 96 260 165
Rice_with_Shredded_Chicken 0.0032 72 24 133 58
Rice_with_Shredded_Chicken 0.0023 78 -155 281 81
Rice_with_Shredded_Chicken 0.0020 184 105 253 145
Rice_with_Shredded_Chicken 0.0019 98 -67 138 31
Rice_with_Shredded_Chicken 0.0019 20 58 90 98
Rice_with_Shredded_Chicken 0.0017 18 -33 159 59
Rice_with_Shredded_Chicken 0.0016 32 -49 212 11
Rice_with_Shredded_Chicken 0.0015 65 12 140 69
Rice_with_Shredded_Chicken 0.0012 91 51 199 104
Rice_with_Shredded_Chicken 0.0010 105 -72 218 -5
Rice_with_Shredded_Chicken 0.0010 60 -100 183 61
Rice_with_Shredded_Chicken 0.0010 101 109 158 142
Rice_with_Shredded_Chicken 0.0010 54 86 212 192
migao 0.0736 24 41 108 104
migao 0.0221 92 99 177 172
migao 0.0208 12 94 98 167
migao 0.0183 111 59 179 97
migao 0.0159 119 -48 203 -7
migao 0.0147 40 54 101 92
migao 0.0120 26 108 84 154
migao 0.0098 119 -94 210 33
migao 0.0091 102 110 166 151
migao 0.0081 185 53 253 92
migao 0.0077 61 -73 266 13
migao 0.0046 133 -62 189 26
migao 0.0046 98 -67 138 31
migao 0.0044 179 96 260 165
migao 0.0041 72 24 133 58
migao 0.0024 184 105 253 145
migao 0.0022 20 58 90 98
migao 0.0021 32 -49 212 11
migao 0.0020 92 -118 268 49
migao 0.0016 60 -100 183 61
migao 0.0016 65 12 140 69
migao 0.0016 91 51 199 104
migao 0.0015 18 -33 159 59
migao 0.0013 192 42 268 103
migao 0.0011 54 86 212 192
migao 0.0011 105 -72 218 -5
migao 0.0010 12 -187 310 110
migao 0.0010 139 26 193 56
wagui 0.1226 24 41 108 104
wagui 0.0784 92 84 172 191
wagui 0.0490 6 81 89 194
wagui 0.0435 111 59 179 97
wagui 0.0295 40 54 101 92
wagui 0.0234 26 108 84 154
wagui 0.0207 102 110 166 151
wagui 0.0195 185 53 253 92
wagui 0.0136 -9 103 120 158
wagui 0.0107 119 -48 203 -7
wagui 0.0093 72 24 133 58
wagui 0.0093 77 109 192 163
wagui 0.0090 179 96 260 165
wagui 0.0071 61 -73 266 13
wagui 0.0070 119 -94 210 33
wagui 0.0057 184 105 253 145
wagui 0.0054 54 86 212 192
wagui 0.0052 20 58 90 98
wagui 0.0033 98 -67 138 31
wagui 0.0030 65 12 140 69
wagui 0.0027 133 -62 189 26
wagui 0.0023 79 -64 164 -13
wagui 0.0022 192 42 268 103
wagui 0.0021 -39 8 314 172
wagui 0.0021 139 26 193 56
wagui 0.0021 85 -132 273 59
wagui 0.0021 10 113 68 149
wagui 0.0020 32 91 100 170
wagui 0.0018 211 107 258 154
wagui 0.0017 91 51 199 104
wagui 0.0017 112 125 167 168
wagui 0.0017 107 51 172 84
wagui 0.0016 12 -187 310 110
wagui 0.0016 100 28 185 123
wagui 0.0015 32 -49 212 11
wagui 0.0013 30 48 100 77
wagui 0.0013 193 44 255 80
wagui 0.0011 14 121 75 161
wagui 0.0011 227 0 274 30
wagui 0.0010 -28 70 124 187
