Kongrou 0.0812 2 1 271 178
Kongrou 0.0055 118 -55 204 -1
Kongrou 0.0051 113 -100 215 40
Kongrou 0.0036 64 -80 263 19
Kongrou 0.0020 106 172 178 215
Kongrou 0.0018 11 -162 310 87
Kongrou 0.0015 94 68 192 315
Kongrou 0.0015 188 114 336 275
Kongrou 0.0014 53 6 211 145
Kongrou 0.0014 30 12 149 159
Kongrou 0.0014 93 -132 266 59
Kongrou 0.0013 44 150 240 234
Kongrou 0.0010 58 97 300 293
Rouzaofun 0.0843 32 5 240 177
Rouzaofun 0.0057 118 -55 204 -1
Rouzaofun 0.0042 113 -100 215 40
Rouzaofun 0.0038 64 -80 263 19
Rouzaofun 0.0019 11 -162 310 87
Rouzaofun 0.0018 106 172 178 215
Rouzaofun 0.0015 188 114 336 275
Rouzaofun 0.0013 44 150 240 234
Rouzaofun 0.0012 129 -67 193 31
Rouzaofun 0.0011 94 68 192 315
Rouzaofun 0.0010 104 81 339 311
Rice_with_Shredded_Chicken 0.0500 32 5 240 177
Rice_with_Shredded_Chicken 0.0055 118 -55 204 -1
Rice_with_Shredded_Chicken 0.0042 113 -100 215 40
Rice_with_Shredded_Chicken 0.0032 64 -80 263 19
Rice_with_Shredded_Chicken 0.0026 11 -162 310 87
Rice_with_Shredded_Chicken 0.0014 188 114 336 275
Rice_with_Shredded_Chicken 0.0014 94 68 192 315
Rice_with_Shredded_Chicken 0.0013 129 -67 193 31
Rice_with_Shredded_Chicken 0.0013 93 -132 266 59
Rice_with_Shredded_Chicken 0.0011 106 172 178 215
Rice_with_Shredded_Chicken 0.0010 104 81 339 311
Rice_with_Shredded_Chicken 0.0010 44 150 240 234
migao 0.1190 32 5 240 177
migao 0.0065 118 -55 204 -1
migao 0.0049 113 -100 215 40
migao 0.0039 64 -80 263 19
migao 0.0021 11 -162 310 87
migao 0.0018 106 172 178 215
migao 0.0016 129 -67 193 31
migao 0.0016 188 114 336 275
migao 0.0014 94 68 192 315
migao 0.0014 44 150 240 234
migao 0.0011 93 -132 266 59
migao 0.0010 104 81 339 311
wagui 0.7708 13 2 261 182
wagui 0.0042 118 -55 204 -1
wagui 0.0042 37 15 184 156
wagui 0.0040 113 -100 215 40
wagui 0.0036 64 -80 263 19
wagui 0.0032 11 -162 310 87
wagui 0.0019 106 172 178 215
wagui 0.0018 188 114 336 275
wagui 0.0013 44 150 240 234
wagui 0.0013 129 -67 193 31
wagui 0.0012 94 68 192 315
wagui 0.0011 93 -132 266 59
wagui 0.0010 37 -17 235 116
