Kongrou 0.0024 95 18 188 80
Kongrou 0.0017 30 76 219 187
Kongrou 0.0015 128 196 174 231
Kongrou 0.0013 64 52 165 190
Kongrou 0.0010 111 178 192 249
Kongrou 0.0010 103 11 262 154
Rouzaofun 0.0062 30 76 219 187
Rouzaofun 0.0030 95 18 188 80
Rouzaofun 0.0021 65 57 165 204
Rouzaofun 0.0019 103 11 262 154
Rouzaofun 0.0018 128 196 174 231
Rouzaofun 0.0014 111 178 192 249
Rouzaofun 0.0013 98 183 155 204
Rouzaofun 0.0011 -36 -24 48 69
Rouzaofun 0.0010 90 26 182 53
Rice_with_Shredded_Chicken 0.0041 30 76 219 187
Rice_with_Shredded_Chicken 0.0022 103 11 262 154
Rice_with_Shredded_Chicken 0.0022 95 18 188 80
Rice_with_Shredded_Chicken 0.0016 128 196 174 231
Rice_with_Shredded_Chicken 0.0011 111 178 192 249
Rice_with_Shredded_Chicken 0.0011 106 182 157 206
migao 0.0077 30 76 219 187
migao 0.0033 95 18 188 80
migao 0.0017 128 196 174 231
migao 0.0016 106 182 157 206
migao 0.0013 65 57 165 204
migao 0.0011 103 11 262 154
migao 0.0010 90 26 182 53
migao 0.0010 111 178 192 249
migao 0.0010 -63 -76 75 123
wagui 0.0843 45 68 213 200
wagui 0.0066 95 18 188 80
wagui 0.0038 103 11 262 154
wagui 0.0029 90 26 182 53
wagui 0.0022 65 49 163 174
wagui 0.0019 98 183 155 204
wagui 0.0019 -36 -24 48 69
wagui 0.0017 128 196 174 231
wagui 0.0015 41 -26 166 54
wagui 0.0014 107 180 156 197
wagui 0.0014 -3 7 18 51
wagui 0.0012 110 31 173 68
wagui 0.0012 -80 -39 88 84
wagui 0.0011 111 178 192 249
