Kongrou 0.0116 -32 60 161 163
Kongrou 0.0111 6 42 104 180
Kongrou 0.0105 159 32 247 154
Kongrou 0.0038 124 60 283 163
Kongrou 0.0023 145 19 188 60
Kongrou 0.0014 136 8 197 71
Kongrou 0.0011 139 62 223 146
Kongrou 0.0011 66 73 308 315
Kongrou 0.0010 25 11 235 180
Rouzaofun 0.0223 159 37 248 184
Rouzaofun 0.0155 124 60 283 163
Rouzaofun 0.0150 38 -14 131 58
Rouzaofun 0.0146 -32 60 161 163
Rouzaofun 0.0078 6 42 104 180
Rouzaofun 0.0040 145 19 188 60
Rouzaofun 0.0026 152 63 231 155
Rouzaofun 0.0023 127 9 196 70
Rouzaofun 0.0014 117 70 246 138
Rouzaofun 0.0014 1 43 23 95
Rouzaofun 0.0011 -4 26 18 62
Rouzaofun 0.0011 -5 85 129 153
Rouzaofun 0.0010 25 11 235 180
Rice_with_Shredded_Chicken 0.0391 12 35 116 186
Rice_with_Shredded_Chicken 0.0275 -32 60 161 163
Rice_with_Shredded_Chicken 0.0213 38 -14 131 58
Rice_with_Shredded_Chicken 0.0102 159 37 248 184
Rice_with_Shredded_Chicken 0.0102 124 60 283 163
Rice_with_Shredded_Chicken 0.0033 145 19 188 60
Rice_with_Shredded_Chicken 0.0022 127 9 196 70
Rice_with_Shredded_Chicken 0.0013 1 36 23 92
Rice_with_Shredded_Chicken 0.0012 152 63 231 155
Rice_with_Shredded_Chicken 0.0011 1 -23 167 67
Rice_with_Shredded_Chicken 0.0010 117 70 246 138
migao 0.0497 159 37 248 184
migao 0.0338 12 35 116 186
migao 0.0303 -32 60 161 163
migao 0.0278 124 60 283 163
migao 0.0074 38 -14 131 58
migao 0.0044 145 19 188 60
migao 0.0020 127 9 196 70
migao 0.0019 152 63 231 155
migao 0.0019 1 43 23 95
migao 0.0016 -4 26 18 62
migao 0.0013 117 70 246 138
migao 0.0010 66 73 308 315
wagui 0.4609 12 35 116 186
wagui 0.1826 159 30 247 175
wagui 0.1754 -32 60 161 163
wagui 0.0937 38 -14 131 58
wagui 0.0623 124 60 283 163
wagui 0.0083 145 19 188 60
wagui 0.0039 127 9 196 70
wagui 0.0034 1 43 23 95
wagui 0.0026 -3 29 18 69
wagui 0.0023 1 -23 167 67
wagui 0.0020 0 18 24 60
wagui 0.0017 152 63 231 155
wagui 0.0013 37 4 127 34
wagui 0.0012 117 70 246 138
wagui 0.0010 25 11 235 180
