Kongrou 0.0255 153 88 234 163
Kongrou 0.0224 190 29 269 103
Kongrou 0.0209 231 85 311 166
Kongrou 0.0173 137 -84 226 -22
Kongrou 0.0129 133 -133 237 22
Kongrou 0.0092 84 -110 284 -1
Kongrou 0.0058 50 35 122 108
Kongrou 0.0055 -1 87 80 164
Kongrou 0.0047 71 87 150 164
Kongrou 0.0038 122 41 180 92
Kongrou 0.0035 113 -97 154 13
Kongrou 0.0032 135 180 227 236
Kongrou 0.0028 209 0 272 50
Kongrou 0.0027 132 134 238 276
Kongrou 0.0025 147 -95 216 11
Kongrou 0.0021 91 -94 182 -36
Kongrou 0.0019 81 150 287 259
Kongrou 0.0018 78 97 141 143
Kongrou 0.0017 40 -79 235 -6
Kongrou 0.0013 67 -142 208 54
Kongrou 0.0012 129 40 174 68
Kongrou 0.0011 91 5 153 44
Kongrou 0.0011 -24 -163 142 87
Kongrou 0.0010 245 95 309 145
Kongrou 0.0010 32 -98 144 13
Kongrou 0.0010 115 -154 382 36
Rouzaofun 0.0578 153 88 234 163
Rouzaofun 0.0335 231 85 311 166
Rouzaofun 0.0285 190 29 269 103
Rouzaofun 0.0153 137 -84 226 -22
Rouzaofun 0.0103 133 -133 237 22
Rouzaofun 0.0093 50 35 122 108
Rouzaofun 0.0087 122 41 180 92
Rouzaofun 0.0083 84 -110 284 -1
Rouzaofun 0.0065 71 87 150 164
Rouzaofun 0.0060 -1 87 80 164
Rouzaofun 0.0041 113 -97 154 13
Rouzaofun 0.0032 135 180 227 236
Rouzaofun 0.0030 209 0 272 50
Rouzaofun 0.0023 78 97 141 143
Rouzaofun 0.0023 81 150 287 259
Rouzaofun 0.0022 40 -79 235 -6
Rouzaofun 0.0022 132 134 238 276
Rouzaofun 0.0020 147 -95 216 11
Rouzaofun 0.0016 245 95 309 145
Rouzaofun 0.0014 91 5 153 44
Rouzaofun 0.0013 129 40 174 68
Rouzaofun 0.0011 -53 -148 174 26
Rouzaofun 0.0011 -7 -4 316 167
Rouzaofun 0.0010 67 -142 208 54
Rice_with_Shredded_Chicken 0.0528 153 88 234 163
Rice_with_Shredded_Chicken 0.0321 190 29 269 103
Rice_with_Shredded_Chicken 0.0301 231 85 311 166
Rice_with_Shredded_Chicken 0.0158 137 -84 226 -22
Rice_with_Shredded_Chicken 0.0101 133 -133 237 22
Rice_with_Shredded_Chicken 0.0083 42 36 118 107
Rice_with_Shredded_Chicken 0.0083 84 -110 284 -1
Rice_with_Shredded_Chicken 0.0080 122 41 180 92
Rice_with_Shredded_Chicken 0.0061 71 87 150 164
Rice_with_Shredded_Chicken 0.0053 -1 87 80 164
Rice_with_Shredded_Chicken 0.0031 135 180 227 236
Rice_with_Shredded_Chicken 0.0029 113 -97 154 13
Rice_with_Shredded_Chicken 0.0027 147 -95 216 11
Rice_with_Shredded_Chicken 0.0021 209 0 272 50
Rice_with_Shredded_Chicken 0.0021 40 -79 235 -6
Rice_with_Shredded_Chicken 0.0020 132 134 238 276
Rice_with_Shredded_Chicken 0.0019 81 150 287 259
Rice_with_Shredded_Chicken 0.0018 78 97 141 143
Rice_with_Shredded_Chicken 0.0015 -53 -148 174 26
Rice_with_Shredded_Chicken 0.0013 91 5 153 44
Rice_with_Shredded_Chicken 0.0012 129 40 174 68
Rice_with_Shredded_Chicken 0.0011 32 -98 144 13
Rice_with_Shredded_Chicken 0.0010 67 -142 208 54
migao 0.0721 153 88 234 163
migao 0.0464 190 29 269 103
migao 0.0428 231 85 311 166
migao 0.0180 137 -84 226 -22
migao 0.0125 50 35 122 108
migao 0.0122 133 -133 237 22
migao 0.0120 122 41 180 92
migao 0.0094 84 -110 284 -1
migao 0.0083 71 87 150 164
migao 0.0078 -1 87 80 164
migao 0.0060 113 -97 154 13
migao 0.0041 135 180 227 236
migao 0.0034 147 -95 216 11
migao 0.0030 209 0 272 50
migao 0.0028 132 134 238 276
migao 0.0025 40 -79 235 -6
migao 0.0024 78 97 141 143
migao 0.0023 81 150 287 259
migao 0.0019 91 5 153 44
migao 0.0018 129 40 174 68
migao 0.0016 67 -142 208 54
migao 0.0012 151 2 212 46
migao 0.0011 -53 -148 174 26
migao 0.0010 245 95 309 145
migao 0.0010 14 -22 297 175
wagui 0.1101 153 88 234 163
wagui 0.0796 190 29 269 103
wagui 0.0693 231 85 311 166
wagui 0.0294 122 41 180 92
wagui 0.0211 42 36 118 107
wagui 0.0149 71 87 150 164
wagui 0.0122 -1 87 80 164
wagui 0.0109 133 -133 237 22
wagui 0.0098 137 -84 226 -22
wagui 0.0079 84 -110 284 -1
wagui 0.0070 -7 -4 316 167
wagui 0.0062 129 40 174 68
wagui 0.0062 78 97 141 143
wagui 0.0054 210 -2 272 40
wagui 0.0045 91 5 153 44
wagui 0.0036 99 -95 145 10
wagui 0.0026 91 -94 182 -36
wagui 0.0025 151 2 212 46
wagui 0.0024 93 6 204 123
wagui 0.0023 147 -95 216 11
wagui 0.0023 245 95 309 145
wagui 0.0023 27 21 129 129
wagui 0.0020 132 134 238 276
wagui 0.0018 28 -81 223 -5
wagui 0.0017 166 92 232 136
wagui 0.0017 81 150 287 259
wagui 0.0016 135 180 227 236
wagui 0.0015 199 35 258 74
wagui 0.0014 27 5 97 44
wagui 0.0014 32 -98 144 13
wagui 0.0013 82 -11 163 60
wagui 0.0012 -53 -148 174 26
wagui 0.0011 42 -55 313 122
wagui 0.0010 145 -12 219 61
wagui 0.0010 65 -36 241 192
