Kongrou 0.0105 118 -51 204 -4
Kongrou 0.0068 117 -102 211 41
Kongrou 0.0049 66 -76 260 16
Kongrou 0.0026 65 34 262 159
Kongrou 0.0021 118 137 189 265
Kongrou 0.0021 138 175 183 235
Kongrou 0.0019 131 -62 191 26
Kongrou 0.0019 114 188 185 221
Kongrou 0.0013 45 160 260 243
Kongrou 0.0013 81 -140 277 66
Kongrou 0.0013 101 -63 135 26
Kongrou 0.0013 117 172 206 235
Kongrou 0.0012 202 -55 325 110
Kongrou 0.0011 101 -74 222 -3
Kongrou 0.0010 154 -89 373 145
Rouzaofun 0.0096 118 -51 204 -4
Rouzaofun 0.0090 95 19 232 172
Rouzaofun 0.0055 117 -102 211 41
Rouzaofun 0.0046 66 -76 260 16
Rouzaofun 0.0037 138 175 183 235
Rouzaofun 0.0025 101 -63 135 26
Rouzaofun 0.0021 131 -62 191 26
Rouzaofun 0.0020 124 164 198 245
Rouzaofun 0.0015 114 188 185 221
Rouzaofun 0.0014 76 151 250 251
Rouzaofun 0.0013 32 -50 212 11
Rouzaofun 0.0013 185 -70 346 128
Rouzaofun 0.0010 113 134 215 269
Rice_with_Shredded_Chicken 0.0094 95 19 232 172
Rice_with_Shredded_Chicken 0.0094 118 -51 204 -4
Rice_with_Shredded_Chicken 0.0055 117 -102 211 41
Rice_with_Shredded_Chicken 0.0041 66 -76 260 16
Rice_with_Shredded_Chicken 0.0034 138 175 183 235
Rice_with_Shredded_Chicken 0.0021 131 -62 191 26
Rice_with_Shredded_Chicken 0.0018 117 172 206 235
Rice_with_Shredded_Chicken 0.0015 101 -63 135 26
Rice_with_Shredded_Chicken 0.0015 118 137 189 265
Rice_with_Shredded_Chicken 0.0013 114 188 185 221
Rice_with_Shredded_Chicken 0.0012 81 -140 277 66
Rice_with_Shredded_Chicken 0.0011 -20 -129 211 55
Rice_with_Shredded_Chicken 0.0011 76 151 250 251
Rice_with_Shredded_Chicken 0.0011 32 -50 212 11
Rice_with_Shredded_Chicken 0.0011 0 -174 321 97
Rice_with_Shredded_Chicken 0.0011 202 -55 325 110
Rice_with_Shredded_Chicken 0.0010 101 -74 222 -3
migao 0.0108 118 -51 204 -4
migao 0.0108 95 19 232 172
migao 0.0062 117 -102 211 41
migao 0.0051 66 -76 260 16
migao 0.0039 138 175 183 235
migao 0.0031 101 -63 135 26
migao 0.0029 131 -62 191 26
migao 0.0022 114 188 185 221
migao 0.0019 118 137 189 265
migao 0.0018 117 172 206 235
migao 0.0014 32 -50 212 11
migao 0.0013 45 160 260 243
migao 0.0011 202 -55 325 110
migao 0.0011 154 -89 373 145
migao 0.0011 101 -74 222 -3
migao 0.0010 64 -105 180 67
migao 0.0010 81 -140 277 66
wagui 0.2322 95 19 232 172
wagui 0.0066 118 -51 204 -4
wagui 0.0052 117 -102 211 41
wagui 0.0045 66 -76 260 16
wagui 0.0031 138 175 183 235
wagui 0.0021 101 -63 135 26
wagui 0.0019 131 -62 191 26
wagui 0.0015 124 164 198 245
wagui 0.0014 114 188 185 221
wagui 0.0013 222 -15 297 82
wagui 0.0013 79 -63 163 -14
wagui 0.0013 185 -70 346 128
wagui 0.0013 0 -174 321 97
wagui 0.0011 45 160 260 243
wagui 0.0011 81 -140 277 66
wagui 0.0011 -20 -129 211 55
wagui 0.0010 113 134 215 269
wagui 0.0010 6 -16 90 123
wagui 0.0010 146 201 176 240
