Kongrou 0.0225 34 -7 222 197
Kongrou 0.0012 131 203 161 234
Kongrou 0.0012 88 171 160 216
Kongrou 0.0012 -11 176 17 201
Kongrou 0.0011 112 143 177 280
Kongrou 0.0010 127 196 176 231
Rouzaofun 0.5539 5 4 252 187
Rouzaofun 0.0023 40 53 217 219
Rouzaofun 0.0021 -11 176 17 201
Rouzaofun 0.0019 131 203 161 234
Rouzaofun 0.0016 31 -11 226 124
Rouzaofun 0.0016 88 171 160 216
Rouzaofun 0.0014 92 101 196 202
Rouzaofun 0.0014 -36 126 101 304
Rouzaofun 0.0013 127 196 176 231
Rouzaofun 0.0012 5 29 184 154
Rice_with_Shredded_Chicken 0.0691 34 -7 222 197
Rice_with_Shredded_Chicken 0.0021 131 203 161 234
Rice_with_Shredded_Chicken 0.0016 -11 176 17 201
Rice_with_Shredded_Chicken 0.0012 127 196 176 231
migao 0.2476 14 4 244 190
migao 0.0021 -11 176 17 201
migao 0.0019 131 203 161 234
migao 0.0014 -36 126 101 304
migao 0.0013 117 172 166 253
migao 0.0012 127 196 176 231
migao 0.0011 88 171 160 216
migao 0.0011 112 143 177 280
wagui 0.1197 14 4 244 190
wagui 0.0028 -11 176 17 201
wagui 0.0024 88 171 160 216
wagui 0.0020 131 203 161 234
wagui 0.0011 -36 126 101 304
wagui 0.0010 127 196 176 231
wagui 0.0010 98 180 165 197
wagui 0.0010 193 -63 294 29
