Kongrou 0.0042 36 53 154 170
Kongrou 0.0029 123 -37 200 4
Kongrou 0.0027 99 -52 206 0
Kongrou 0.0026 154 55 220 83
Kongrou 0.0026 144 35 230 92
Kongrou 0.0015 111 -126 199 68
Kongrou 0.0015 38 -40 262 149
Kongrou 0.0012 82 -61 247 23
Kongrou 0.0012 85 -47 164 -4
Rouzaofun 0.0051 154 55 220 83
Rouzaofun 0.0045 144 39 231 99
Rouzaofun 0.0042 36 53 154 170
Rouzaofun 0.0024 123 -37 200 4
Rouzaofun 0.0018 0 -35 260 187
Rouzaofun 0.0014 99 -52 206 0
Rouzaofun 0.0012 12 -43 245 76
Rouzaofun 0.0012 82 -61 247 23
Rouzaofun 0.0011 111 -126 199 68
Rouzaofun 0.0010 59 80 155 148
Rice_with_Shredded_Chicken 0.0110 36 53 154 170
Rice_with_Shredded_Chicken 0.0043 144 39 231 99
Rice_with_Shredded_Chicken 0.0042 154 55 220 83
Rice_with_Shredded_Chicken 0.0021 123 -37 200 4
Rice_with_Shredded_Chicken 0.0015 12 -43 245 76
Rice_with_Shredded_Chicken 0.0015 99 -52 206 0
Rice_with_Shredded_Chicken 0.0013 0 -35 260 187
Rice_with_Shredded_Chicken 0.0013 111 -126 199 68
Rice_with_Shredded_Chicken 0.0010 86 -19 201 84
migao 0.0120 36 53 154 170
migao 0.0050 154 55 220 83
migao 0.0036 144 39 231 99
migao 0.0033 123 -37 200 4
migao 0.0021 99 -52 206 0
migao 0.0016 0 -35 260 187
migao 0.0013 122 -81 208 44
migao 0.0013 82 -61 247 23
migao 0.0010 12 -43 245 76
migao 0.0010 115 -11 150 20
wagui 0.2413 36 53 154 170
wagui 0.0144 154 55 220 83
wagui 0.0096 144 39 231 99
wagui 0.0039 -2 14 187 216
wagui 0.0028 -18 2 278 153
wagui 0.0017 85 -47 164 -4
wagui 0.0014 99 -52 206 0
wagui 0.0014 12 -43 245 76
wagui 0.0013 111 -126 199 68
wagui 0.0013 63 -28 236 141
wagui 0.0012 123 -37 200 4
wagui 0.0012 56 79 148 149
wagui 0.0010 0 83 189 180
wagui 0.0010 152 43 222 75
