Kongrou 0.0125 -16 37 283 396
Kongrou 0.0073 155 -186 360 -59
Kongrou 0.0067 283 -149 466 -46
Kongrou 0.0053 291 -257 474 50
Kongrou 0.0048 195 363 370 475
Kongrou 0.0045 268 86 496 295
Kongrou 0.0040 -34 139 243 331
Kongrou 0.0034 163 -207 598 0
Kongrou 0.0026 20 112 188 382
Kongrou 0.0025 137 15 593 336
Kongrou 0.0020 235 -190 316 38
Kongrou 0.0017 314 -187 436 39
Kongrou 0.0015 9 -197 253 -4
Kongrou 0.0015 263 380 487 504
Kongrou 0.0014 35 58 222 313
Kongrou 0.0012 267 291 497 583
Kongrou 0.0011 71 192 346 436
Kongrou 0.0010 -112 -223 130 67
Kongrou 0.0010 233 123 419 273
Kongrou 0.0010 71 -228 449 -26
Kongrou 0.0010 175 -343 657 101
Kongrou 0.0010 219 -174 394 -70
Rouzaofun 0.0108 -16 37 283 396
Rouzaofun 0.0060 283 -149 466 -46
Rouzaofun 0.0052 -34 139 243 331
Rouzaofun 0.0042 291 -257 474 50
Rouzaofun 0.0038 20 112 188 382
Rouzaofun 0.0034 155 -186 360 -59
Rouzaofun 0.0030 235 -190 316 38
Rouzaofun 0.0030 163 -207 598 0
Rouzaofun 0.0020 35 58 222 313
Rouzaofun 0.0017 314 -187 436 39
Rouzaofun 0.0015 9 -197 253 -4
Rouzaofun 0.0014 195 363 370 475
Rouzaofun 0.0014 85 -150 484 -4
Rouzaofun 0.0013 263 380 487 504
Rouzaofun 0.0011 159 54 651 332
Rouzaofun 0.0011 -112 -223 130 67
Rouzaofun 0.0010 -235 -240 261 79
Rouzaofun 0.0010 267 291 497 583
Rouzaofun 0.0010 251 86 563 296
Rice_with_Shredded_Chicken 0.0083 -16 37 283 396
Rice_with_Shredded_Chicken 0.0061 283 -149 466 -46
Rice_with_Shredded_Chicken 0.0042 291 -257 474 50
Rice_with_Shredded_Chicken 0.0035 -34 139 243 331
Rice_with_Shredded_Chicken 0.0032 163 -207 598 0
Rice_with_Shredded_Chicken 0.0023 20 112 188 382
Rice_with_Shredded_Chicken 0.0022 314 -187 436 39
Rice_with_Shredded_Chicken 0.0021 9 -197 253 -4
Rice_with_Shredded_Chicken 0.0016 137 15 593 336
Rice_with_Shredded_Chicken 0.0016 -112 -223 130 67
Rice_with_Shredded_Chicken 0.0016 235 -190 316 38
Rice_with_Shredded_Chicken 0.0015 263 380 487 504
Rice_with_Shredded_Chicken 0.0013 35 58 222 313
Rice_with_Shredded_Chicken 0.0012 110 -299 632 65
Rice_with_Shredded_Chicken 0.0011 85 -150 484 -4
migao 0.0260 -16 37 283 396
migao 0.0071 283 -149 466 -46
migao 0.0054 -34 139 243 331
migao 0.0049 291 -257 474 50
migao 0.0040 235 -190 316 38
migao 0.0035 163 -207 598 0
migao 0.0029 20 112 188 382
migao 0.0026 314 -187 436 39
migao 0.0022 155 -186 360 -59
migao 0.0018 195 363 370 475
migao 0.0017 35 58 222 313
migao 0.0017 263 380 487 504
migao 0.0015 251 86 563 296
migao 0.0014 9 -197 253 -4
migao 0.0014 85 -150 484 -4
migao 0.0013 -112 -223 130 67
migao 0.0013 110 -299 632 65
migao 0.0012 267 291 497 583
migao 0.0011 159 54 651 332
migao 0.0010 136 318 623 552
wagui 0.0346 -16 37 283 396
wagui 0.0063 155 -186 360 -59
wagui 0.0056 268 86 496 295
wagui 0.0050 -34 139 243 331
wagui 0.0043 283 -149 466 -46
wagui 0.0041 291 -257 474 50
wagui 0.0037 137 15 593 336
wagui 0.0034 195 363 370 475
wagui 0.0031 20 112 188 382
wagui 0.0030 163 -207 598 0
wagui 0.0020 235 -190 316 38
wagui 0.0017 35 58 222 313
wagui 0.0017 314 -187 436 39
wagui 0.0013 71 -228 449 -26
wagui 0.0012 219 -174 394 -70
wagui 0.0012 -112 -223 130 67
wagui 0.0011 264 170 451 362
wagui 0.0011 5 -447 746 199
wagui 0.0010 9 -197 253 -4
wagui 0.0010 233 123 419 273
wagui 0.0010 267 291 497 583
wagui 0.0010 233 353 471 484
wagui 0.0010 71 192 346 436
