Kongrou 0.0598 209 499 724 1044
Kongrou 0.0076 0 458 928 1084
Kongrou 0.0025 -114 881 820 1561
Kongrou 0.0012 575 -39 1014 230
Kongrou 0.0011 -184 1002 325 1561
Kongrou 0.0011 -746 -151 716 706
Kongrou 0.0010 -439 621 638 1985
Rouzaofun 0.0041 252 593 712 968
Rouzaofun 0.0021 -114 881 820 1561
Rouzaofun 0.0019 0 458 928 1084
Rouzaofun 0.0012 41 641 866 920
Rouzaofun 0.0012 575 -39 1014 230
Rouzaofun 0.0011 -746 -151 716 706
Rice_with_Shredded_Chicken 0.0097 209 499 724 1044
Rice_with_Shredded_Chicken 0.0035 0 458 928 1084
Rice_with_Shredded_Chicken 0.0022 -114 881 820 1561
Rice_with_Shredded_Chicken 0.0011 -646 -453 606 1004
Rice_with_Shredded_Chicken 0.0010 575 -39 1014 230
migao 0.0172 209 499 724 1044
migao 0.0049 0 458 928 1084
migao 0.0022 -114 881 820 1561
migao 0.0014 575 -39 1014 230
migao 0.0013 132 634 833 926
migao 0.0010 -746 -151 716 706
wagui 0.0057 209 499 724 1044
wagui 0.0041 -114 881 820 1561
wagui 0.0021 0 458 928 1084
wagui 0.0011 -123 1002 374 1562
