Kongrou 0.1897 30 28 562 432
Kongrou 0.0117 509 -25 609 209
Kongrou 0.0028 463 32 632 198
Kongrou 0.0019 121 28 409 353
Kongrou 0.0012 245 318 730 695
Kongrou 0.0010 508 54 587 175
Kongrou 0.0010 210 389 365 510
Rouzaofun 0.0172 509 -25 609 209
Rouzaofun 0.0139 30 28 562 432
Rouzaofun 0.0047 463 32 632 198
Rouzaofun 0.0014 508 54 587 175
Rouzaofun 0.0010 221 288 744 703
Rouzaofun 0.0010 255 390 403 595
Rouzaofun 0.0010 532 17 609 166
Rice_with_Shredded_Chicken 0.0195 32 4 557 445
Rice_with_Shredded_Chicken 0.0116 509 -25 609 209
Rice_with_Shredded_Chicken 0.0038 463 32 632 198
Rice_with_Shredded_Chicken 0.0012 221 288 744 703
Rice_with_Shredded_Chicken 0.0011 255 390 403 595
migao 0.0821 32 4 557 445
migao 0.0159 509 -25 609 209
migao 0.0053 463 32 632 198
migao 0.0016 101 44 403 495
migao 0.0014 255 390 403 595
migao 0.0011 264 294 703 698
migao 0.0010 507 30 588 153
wagui 0.0101 509 -25 609 209
wagui 0.0041 463 32 632 198
wagui 0.0027 32 4 557 445
