Kongrou 0.0676 494 -65 851 244
Kongrou 0.0547 222 71 908 678
Kongrou 0.0068 353 -111 988 287
Kongrou 0.0039 299 71 739 493
Kongrou 0.0011 55 1 939 446
Kongrou 0.0010 27 -26 336 257
Kongrou 0.0010 431 245 838 623
Rouzaofun 0.0110 120 83 880 666
Rouzaofun 0.0057 494 -65 851 244
Rouzaofun 0.0019 353 -111 988 287
Rouzaofun 0.0018 299 174 742 684
Rouzaofun 0.0015 27 -26 336 257
Rice_with_Shredded_Chicken 0.0982 222 71 908 678
Rice_with_Shredded_Chicken 0.0152 494 -65 851 244
Rice_with_Shredded_Chicken 0.0086 22 -61 322 310
Rice_with_Shredded_Chicken 0.0040 353 -111 988 287
Rice_with_Shredded_Chicken 0.0010 315 240 798 701
migao 0.0643 222 71 908 678
migao 0.0214 494 -65 851 244
migao 0.0040 353 -111 988 287
migao 0.0010 22 -61 322 310
wagui 0.0103 222 71 908 678
wagui 0.0044 494 -65 851 244
wagui 0.0014 353 -111 988 287
