Kongrou 0.0127 271 569 693 992
Kongrou 0.0068 -104 577 698 1519
Kongrou 0.0030 75 455 855 1086
Kongrou 0.0025 630 648 959 1027
Kongrou 0.0014 895 -202 1500 380
Kongrou 0.0012 -735 -18 701 814
Kongrou 0.0012 -579 -441 534 1230
Kongrou 0.0011 -353 -112 70 197
Kongrou 0.0010 74 600 833 903
Rouzaofun 0.0100 271 569 693 992
Rouzaofun 0.0059 -104 577 698 1519
Rouzaofun 0.0023 630 648 959 1027
Rouzaofun 0.0015 74 600 833 903
Rouzaofun 0.0015 895 -202 1500 380
Rouzaofun 0.0012 -735 -18 701 814
Rouzaofun 0.0011 -579 -441 534 1230
Rice_with_Shredded_Chicken 0.0065 271 569 693 992
Rice_with_Shredded_Chicken 0.0049 -104 577 698 1519
Rice_with_Shredded_Chicken 0.0018 895 -202 1500 380
Rice_with_Shredded_Chicken 0.0016 630 648 959 1027
Rice_with_Shredded_Chicken 0.0015 75 455 855 1086
Rice_with_Shredded_Chicken 0.0012 -735 -18 701 814
Rice_with_Shredded_Chicken 0.0012 -579 -441 534 1230
Rice_with_Shredded_Chicken 0.0011 117 651 848 966
migao 0.0119 271 569 693 992
migao 0.0076 -104 577 698 1519
migao 0.0023 630 648 959 1027
migao 0.0020 75 455 855 1086
migao 0.0018 895 -202 1500 380
migao 0.0016 74 600 833 903
migao 0.0011 852 -439 1561 598
migao 0.0010 -579 -441 534 1230
migao 0.0010 -735 -18 701 814
migao 0.0010 622 -265 1788 417
wagui 0.0075 -104 577 698 1519
wagui 0.0073 271 569 693 992
wagui 0.0022 895 -202 1500 380
wagui 0.0013 630 648 959 1027
wagui 0.0011 -735 -18 701 814
wagui 0.0011 622 -265 1788 417
wagui 0.0010 117 651 848 966
