Kongrou 0.0366 117 501 588 1038
Kongrou 0.0065 173 1246 393 1398
Kongrou 0.0057 -54 453 755 1089
Kongrou 0.0051 -24 859 727 1579
Kongrou 0.0036 -77 1131 644 1512
Kongrou 0.0029 637 152 840 386
Kongrou 0.0029 -25 613 763 890
Kongrou 0.0028 546 48 931 495
Kongrou 0.0017 223 -437 1335 532
Kongrou 0.0017 454 -112 913 190
Kongrou 0.0015 220 -79 709 159
Kongrou 0.0011 -187 649 844 1735
Kongrou 0.0011 129 653 608 910
Kongrou 0.0010 474 -637 923 688
Rouzaofun 0.0160 118 566 619 939
Rouzaofun 0.0058 173 1246 393 1398
Rouzaofun 0.0055 -77 1131 644 1512
Rouzaofun 0.0040 -24 859 727 1579
Rouzaofun 0.0036 637 152 840 386
Rouzaofun 0.0028 -84 617 765 886
Rouzaofun 0.0026 546 48 931 495
Rouzaofun 0.0018 -54 453 755 1089
Rouzaofun 0.0014 495 129 701 301
Rouzaofun 0.0013 223 -437 1335 532
Rouzaofun 0.0010 207 1265 475 1435
Rouzaofun 0.0010 -187 649 844 1735
Rice_with_Shredded_Chicken 0.0129 117 501 588 1038
Rice_with_Shredded_Chicken 0.0068 47 824 657 1623
Rice_with_Shredded_Chicken 0.0059 173 1246 393 1398
Rice_with_Shredded_Chicken 0.0043 -77 1131 644 1512
Rice_with_Shredded_Chicken 0.0038 -54 453 755 1089
Rice_with_Shredded_Chicken 0.0037 637 152 840 386
Rice_with_Shredded_Chicken 0.0036 -25 613 763 890
Rice_with_Shredded_Chicken 0.0030 546 48 931 495
Rice_with_Shredded_Chicken 0.0018 223 -437 1335 532
Rice_with_Shredded_Chicken 0.0013 495 129 701 301
Rice_with_Shredded_Chicken 0.0010 454 -112 913 190
Rice_with_Shredded_Chicken 0.0010 474 -637 923 688
Rice_with_Shredded_Chicken 0.0010 395 346 1098 862
Rice_with_Shredded_Chicken 0.0010 -187 649 844 1735
migao 0.0193 118 566 619 939
migao 0.0061 173 1246 393 1398
migao 0.0055 -24 859 727 1579
migao 0.0044 -54 453 755 1089
migao 0.0041 -77 1131 644 1512
migao 0.0040 637 152 840 386
migao 0.0031 546 48 931 495
migao 0.0026 -84 617 765 886
migao 0.0015 495 129 701 301
migao 0.0014 283 -363 1285 471
migao 0.0013 454 -112 913 190
wagui 0.0120 47 824 657 1623
wagui 0.0116 173 1246 393 1398
wagui 0.0107 118 566 619 939
wagui 0.0045 65 1111 507 1529
wagui 0.0037 637 152 840 386
wagui 0.0029 546 48 931 495
wagui 0.0019 -54 453 755 1089
wagui 0.0017 207 1265 475 1435
wagui 0.0016 -84 617 765 886
wagui 0.0014 568 776 1435 1616
wagui 0.0013 454 -112 913 190
wagui 0.0012 223 -437 1335 532
wagui 0.0011 495 129 701 301
wagui 0.0010 474 -637 923 688
wagui 0.0010 317 -94 728 170
