Kongrou 0.2675 39 -20 493 374
Kongrou 0.0049 284 -146 465 -49
Kongrou 0.0048 258 408 439 481
Kongrou 0.0043 188 364 376 474
Kongrou 0.0038 289 -256 477 49
Kongrou 0.0037 272 277 443 591
Kongrou 0.0028 84 336 630 539
Kongrou 0.0027 159 -204 604 -2
Kongrou 0.0021 249 368 503 514
Kongrou 0.0021 179 -35 657 387
Kongrou 0.0017 201 -354 632 112
Kongrou 0.0015 185 -183 381 -63
Kongrou 0.0015 422 -99 711 460
Kongrou 0.0011 72 221 671 623
Kongrou 0.0011 204 -44 460 330
Kongrou 0.0010 4 -415 747 169
Rouzaofun 0.0315 29 -36 608 390
Rouzaofun 0.0039 284 -146 465 -49
Rouzaofun 0.0033 258 408 439 481
Rouzaofun 0.0030 289 -256 477 49
Rouzaofun 0.0026 272 277 443 591
Rouzaofun 0.0025 84 336 630 539
Rouzaofun 0.0024 249 368 503 514
Rouzaofun 0.0022 159 -204 604 -2
Rouzaofun 0.0019 188 364 376 474
Rouzaofun 0.0015 234 -195 316 43
Rouzaofun 0.0012 180 -323 547 82
Rouzaofun 0.0012 4 -415 747 169
Rouzaofun 0.0011 385 -29 717 413
Rice_with_Shredded_Chicken 0.0220 116 -4 522 372
Rice_with_Shredded_Chicken 0.0038 284 -146 465 -49
Rice_with_Shredded_Chicken 0.0030 289 -256 477 49
Rice_with_Shredded_Chicken 0.0026 272 277 443 591
Rice_with_Shredded_Chicken 0.0024 249 368 503 514
Rice_with_Shredded_Chicken 0.0023 258 408 439 481
Rice_with_Shredded_Chicken 0.0023 84 336 630 539
Rice_with_Shredded_Chicken 0.0022 159 -204 604 -2
Rice_with_Shredded_Chicken 0.0015 4 -415 747 169
Rice_with_Shredded_Chicken 0.0014 180 -323 547 82
Rice_with_Shredded_Chicken 0.0010 349 -10 706 394
migao 0.0823 29 -36 608 390
migao 0.0052 258 408 439 481
migao 0.0048 284 -146 465 -49
migao 0.0036 272 277 443 591
migao 0.0034 289 -256 477 49
migao 0.0029 84 336 630 539
migao 0.0026 249 368 503 514
migao 0.0025 159 -204 604 -2
migao 0.0020 234 -195 316 43
migao 0.0019 152 -11 465 345
migao 0.0018 385 -29 717 413
migao 0.0014 188 364 376 474
migao 0.0014 201 -354 632 112
migao 0.0013 4 -415 747 169
migao 0.0010 72 221 671 623
migao 0.0010 318 -194 431 46
wagui 0.2550 39 -20 493 374
wagui 0.0029 284 -146 465 -49
wagui 0.0029 258 408 439 481
wagui 0.0027 289 -256 477 49
wagui 0.0023 159 -204 604 -2
wagui 0.0022 84 336 630 539
wagui 0.0022 185 -183 381 -63
wagui 0.0021 272 277 443 591
wagui 0.0020 385 -29 717 413
wagui 0.0020 4 -415 747 169
wagui 0.0014 188 364 376 474
wagui 0.0013 201 -354 632 112
wagui 0.0013 179 -35 657 387
wagui 0.0012 234 -195 316 43
