Kongrou 0.0153 365 436 827 784
Kongrou 0.0036 894 274 1093 550
Kongrou 0.0019 852 202 1136 619
Kongrou 0.0016 153 283 1008 913
Kongrou 0.0014 132 987 322 1144
Kongrou 0.0014 116 -100 704 619
Kongrou 0.0013 420 -99 1575 889
Kongrou 0.0011 453 342 927 854
Rouzaofun 0.0162 365 436 827 784
Rouzaofun 0.0072 894 274 1093 550
Rouzaofun 0.0035 852 202 1136 619
Rouzaofun 0.0016 212 308 1063 891
Rouzaofun 0.0016 132 987 322 1144
Rouzaofun 0.0015 568 -241 1455 1027
Rice_with_Shredded_Chicken 0.0092 365 436 827 784
Rice_with_Shredded_Chicken 0.0064 894 274 1093 550
Rice_with_Shredded_Chicken 0.0029 852 202 1136 619
Rice_with_Shredded_Chicken 0.0018 132 987 322 1144
Rice_with_Shredded_Chicken 0.0015 568 -241 1455 1027
Rice_with_Shredded_Chicken 0.0010 -135 634 800 1531
migao 0.0163 365 436 827 784
migao 0.0084 894 274 1093 550
migao 0.0032 852 202 1136 619
migao 0.0019 132 987 322 1144
migao 0.0018 212 308 1063 891
migao 0.0014 568 -241 1455 1027
wagui 0.0115 894 274 1093 550
wagui 0.0085 365 436 827 784
wagui 0.0039 132 987 322 1144
wagui 0.0038 852 202 1136 619
wagui 0.0013 -30 769 519 1324
wagui 0.0012 -135 634 800 1531
wagui 0.0011 568 -241 1455 1027
