Kongrou 0.0354 163 442 665 1209
Kongrou 0.0173 -40 518 857 1134
Kongrou 0.0039 56 698 794 1033
Kongrou 0.0015 -177 814 767 1511
Kongrou 0.0015 227 713 682 1132
Kongrou 0.0012 612 675 977 1113
Kongrou 0.0010 -574 -454 530 1245
Rouzaofun 0.0121 203 624 648 1107
Rouzaofun 0.0062 56 698 794 1033
Rouzaofun 0.0037 -40 518 857 1134
Rouzaofun 0.0017 -177 814 767 1511
Rouzaofun 0.0014 612 675 977 1113
Rouzaofun 0.0012 446 993 1059 1562
Rice_with_Shredded_Chicken 0.0062 203 624 648 1107
Rice_with_Shredded_Chicken 0.0055 -40 518 857 1134
Rice_with_Shredded_Chicken 0.0045 56 698 794 1033
Rice_with_Shredded_Chicken 0.0017 -177 814 767 1511
Rice_with_Shredded_Chicken 0.0014 446 993 1059 1562
Rice_with_Shredded_Chicken 0.0013 204 419 732 1232
migao 0.0118 -40 518 857 1134
migao 0.0109 203 624 648 1107
migao 0.0066 56 698 794 1033
migao 0.0037 204 419 732 1232
migao 0.0015 -177 814 767 1511
migao 0.0010 612 675 977 1113
wagui 0.0064 203 624 648 1107
wagui 0.0046 56 698 794 1033
wagui 0.0031 446 993 1059 1562
wagui 0.0021 -40 518 857 1134
wagui 0.0020 -177 814 767 1511
