Kongrou 0.0155 355 368 811 942
Kongrou 0.0032 152 334 1009 979
Kongrou 0.0020 256 511 936 822
Kongrou 0.0014 -64 674 767 1540
Kongrou 0.0013 389 571 803 822
Kongrou 0.0012 534 -106 1085 612
Rouzaofun 0.0105 386 474 806 859
Rouzaofun 0.0022 199 515 935 819
Rouzaofun 0.0016 -64 674 767 1540
Rouzaofun 0.0010 152 334 1009 979
Rice_with_Shredded_Chicken 0.0062 386 474 806 859
Rice_with_Shredded_Chicken 0.0017 -64 674 767 1540
Rice_with_Shredded_Chicken 0.0015 152 334 1009 979
Rice_with_Shredded_Chicken 0.0015 199 515 935 819
migao 0.0118 386 474 806 859
migao 0.0021 152 334 1009 979
migao 0.0020 199 515 935 819
migao 0.0018 -64 674 767 1540
wagui 0.0069 386 474 806 859
wagui 0.0030 -64 674 767 1540
wagui 0.0013 199 515 935 819
wagui 0.0010 152 334 1009 979
