Kongrou 0.0369 239 533 699 1237
Kongrou 0.0090 51 601 879 1165
Kongrou 0.0031 649 741 1053 1106
Kongrou 0.0026 100 734 808 1053
Kongrou 0.0013 -253 270 308 783
Kongrou 0.0011 269 792 752 1168
Kongrou 0.0011 150 695 587 1151
Kongrou 0.0011 592 -298 1422 847
Kongrou 0.0010 584 159 1424 1319
Rouzaofun 0.0102 227 699 681 1147
Rouzaofun 0.0045 62 768 845 1075
Rouzaofun 0.0035 649 741 1053 1106
Rouzaofun 0.0021 37 629 894 1250
Rouzaofun 0.0017 853 119 1076 363
Rouzaofun 0.0015 458 -282 1556 851
Rouzaofun 0.0014 -253 270 308 783
Rouzaofun 0.0012 699 -69 1484 702
Rouzaofun 0.0011 584 159 1424 1319
Rouzaofun 0.0010 54 -129 544 306
Rice_with_Shredded_Chicken 0.0060 232 563 707 1307
Rice_with_Shredded_Chicken 0.0043 37 629 894 1250
Rice_with_Shredded_Chicken 0.0036 62 768 845 1075
Rice_with_Shredded_Chicken 0.0022 649 741 1053 1106
Rice_with_Shredded_Chicken 0.0020 853 119 1076 363
Rice_with_Shredded_Chicken 0.0016 458 -282 1556 851
Rice_with_Shredded_Chicken 0.0014 253 793 711 1166
Rice_with_Shredded_Chicken 0.0011 1024 191 1133 461
Rice_with_Shredded_Chicken 0.0010 -253 270 308 783
Rice_with_Shredded_Chicken 0.0010 584 159 1424 1319
migao 0.0103 239 533 699 1237
migao 0.0068 37 629 894 1250
migao 0.0046 62 768 845 1075
migao 0.0028 649 741 1053 1106
migao 0.0023 853 119 1076 363
migao 0.0018 163 704 631 1142
migao 0.0014 458 -282 1556 851
migao 0.0013 1024 191 1133 461
migao 0.0013 -253 270 308 783
migao 0.0012 699 -69 1484 702
wagui 0.0051 227 699 681 1147
wagui 0.0047 853 119 1076 363
wagui 0.0029 62 768 845 1075
wagui 0.0019 649 741 1053 1106
wagui 0.0018 458 -282 1556 851
wagui 0.0018 1024 191 1133 461
wagui 0.0014 37 629 894 1250
wagui 0.0013 699 -69 1484 702
wagui 0.0010 -253 270 308 783
wagui 0.0010 888 362 1046 459
wagui 0.0010 817 48 1115 433
