Kongrou 0.0308 190 41 338 108
Kongrou 0.0105 188 9 341 141
Kongrou 0.0069 246 402 453 485
Kongrou 0.0050 259 282 456 590
Kongrou 0.0046 230 -24 617 372
Kongrou 0.0045 323 160 427 211
Kongrou 0.0045 101 328 612 547
Kongrou 0.0028 190 356 374 482
Kongrou 0.0022 9 324 101 393
Kongrou 0.0021 291 -148 458 -46
Kongrou 0.0020 296 -252 470 46
Kongrou 0.0019 -101 279 212 438
Kongrou 0.0015 331 124 444 198
Kongrou 0.0012 157 -206 605 0
Kongrou 0.0012 177 -359 657 118
Kongrou 0.0012 278 93 474 276
Kongrou 0.0011 187 -181 378 -65
Rouzaofun 0.0578 190 41 338 108
Rouzaofun 0.0148 188 9 341 141
Rouzaofun 0.0089 206 -69 629 416
Rouzaofun 0.0059 323 160 427 211
Rouzaofun 0.0057 246 402 453 485
Rouzaofun 0.0041 101 328 612 547
Rouzaofun 0.0037 259 282 456 590
Rouzaofun 0.0027 23 169 524 388
Rouzaofun 0.0025 278 93 474 276
Rouzaofun 0.0022 331 124 444 198
Rouzaofun 0.0019 291 -148 458 -46
Rouzaofun 0.0018 9 324 101 393
Rouzaofun 0.0018 -101 279 212 438
Rouzaofun 0.0016 296 -252 470 46
Rouzaofun 0.0016 -96 124 121 360
Rouzaofun 0.0014 538 55 718 330
Rouzaofun 0.0013 -8 181 44 289
Rouzaofun 0.0011 159 -335 568 95
Rouzaofun 0.0011 157 -206 605 0
Rouzaofun 0.0011 185 102 343 146
Rouzaofun 0.0010 39 -421 710 175
Rouzaofun 0.0010 259 -80 343 -13
Rouzaofun 0.0010 424 -13 829 351
Rice_with_Shredded_Chicken 0.0496 190 41 338 108
Rice_with_Shredded_Chicken 0.0119 188 9 341 141
Rice_with_Shredded_Chicken 0.0070 206 -69 629 416
Rice_with_Shredded_Chicken 0.0060 323 160 427 211
Rice_with_Shredded_Chicken 0.0045 246 402 453 485
Rice_with_Shredded_Chicken 0.0038 101 328 612 547
Rice_with_Shredded_Chicken 0.0036 259 282 456 590
Rice_with_Shredded_Chicken 0.0027 23 169 524 388
Rice_with_Shredded_Chicken 0.0022 331 124 444 198
Rice_with_Shredded_Chicken 0.0021 291 -148 458 -46
Rice_with_Shredded_Chicken 0.0018 278 93 474 276
Rice_with_Shredded_Chicken 0.0018 -8 181 44 289
Rice_with_Shredded_Chicken 0.0017 9 324 101 393
Rice_with_Shredded_Chicken 0.0016 296 -252 470 46
Rice_with_Shredded_Chicken 0.0016 117 -299 625 64
Rice_with_Shredded_Chicken 0.0015 -26 274 137 443
Rice_with_Shredded_Chicken 0.0015 -96 124 121 360
Rice_with_Shredded_Chicken 0.0015 39 -421 710 175
Rice_with_Shredded_Chicken 0.0012 185 102 343 146
Rice_with_Shredded_Chicken 0.0010 538 55 718 330
Rice_with_Shredded_Chicken 0.0010 259 -80 343 -13
migao 0.0894 190 41 338 108
migao 0.0161 188 9 341 141
migao 0.0085 206 -69 629 416
migao 0.0080 246 402 453 485
migao 0.0069 323 160 427 211
migao 0.0048 259 282 456 590
migao 0.0046 101 328 612 547
migao 0.0025 331 124 444 198
migao 0.0024 -8 181 44 289
migao 0.0023 291 -148 458 -46
migao 0.0019 296 -252 470 46
migao 0.0019 9 324 101 393
migao 0.0017 117 -299 625 64
migao 0.0016 -101 279 212 438
migao 0.0014 278 93 474 276
migao 0.0012 185 102 343 146
migao 0.0011 39 -421 710 175
migao 0.0011 259 -80 343 -13
migao 0.0011 106 63 177 110
wagui 0.1286 190 41 338 108
wagui 0.0184 188 9 341 141
wagui 0.0145 206 -69 629 416
wagui 0.0121 323 160 427 211
wagui 0.0043 331 124 444 198
wagui 0.0043 246 402 453 485
wagui 0.0040 185 102 343 146
wagui 0.0036 101 328 612 547
wagui 0.0036 23 169 524 388
wagui 0.0033 -8 181 44 289
wagui 0.0032 259 282 456 590
wagui 0.0027 106 63 177 110
wagui 0.0023 9 324 101 393
wagui 0.0022 269 52 495 279
wagui 0.0022 190 356 374 482
wagui 0.0018 39 -421 710 175
wagui 0.0016 187 -181 378 -65
wagui 0.0016 -101 279 212 438
wagui 0.0016 -96 124 121 360
wagui 0.0016 296 -252 470 46
wagui 0.0015 291 -148 458 -46
wagui 0.0013 538 55 718 330
wagui 0.0013 117 -299 625 64
wagui 0.0011 259 -80 343 -13
wagui 0.0010 416 19 837 367
