Kongrou 0.0058 18 34 65 134
Kongrou 0.0052 28 1 231 191
Kongrou 0.0025 151 56 237 207
Kongrou 0.0022 117 76 272 187
Kongrou 0.0019 59 1 189 142
Kongrou 0.0016 144 116 229 191
Kongrou 0.0015 2 53 82 115
Kongrou 0.0011 25 52 59 116
Kongrou 0.0010 31 112 119 210
Rouzaofun 0.0085 35 12 223 179
Rouzaofun 0.0083 18 34 65 134
Rouzaofun 0.0030 117 76 272 187
Rouzaofun 0.0022 2 53 82 115
Rouzaofun 0.0020 31 112 119 210
Rouzaofun 0.0018 25 52 59 116
Rouzaofun 0.0017 57 -15 198 128
Rouzaofun 0.0017 144 116 229 191
Rouzaofun 0.0012 115 126 257 182
Rouzaofun 0.0012 151 56 237 207
Rouzaofun 0.0012 187 77 255 160
Rouzaofun 0.0010 -18 111 169 212
Rice_with_Shredded_Chicken 0.0264 41 -1 217 157
Rice_with_Shredded_Chicken 0.0070 18 34 65 134
Rice_with_Shredded_Chicken 0.0053 31 112 119 210
Rice_with_Shredded_Chicken 0.0035 117 76 272 187
Rice_with_Shredded_Chicken 0.0020 2 53 82 115
Rice_with_Shredded_Chicken 0.0014 151 56 237 207
Rice_with_Shredded_Chicken 0.0013 25 52 59 116
Rice_with_Shredded_Chicken 0.0012 -18 111 169 212
Rice_with_Shredded_Chicken 0.0010 144 116 229 191
migao 0.0120 41 -1 217 157
migao 0.0085 18 34 65 134
migao 0.0053 117 76 272 187
migao 0.0033 31 112 119 210
migao 0.0027 2 53 82 115
migao 0.0024 151 56 237 207
migao 0.0014 25 52 59 116
migao 0.0013 -18 111 169 212
migao 0.0013 144 116 229 191
migao 0.0010 115 126 257 182
wagui 0.3230 41 -1 217 157
wagui 0.0546 31 112 119 210
wagui 0.0341 149 70 240 211
wagui 0.0177 113 89 275 194
wagui 0.0131 18 34 65 134
wagui 0.0061 -18 111 169 212
wagui 0.0049 159 -21 250 85
wagui 0.0030 2 53 82 115
wagui 0.0024 25 52 59 116
wagui 0.0019 144 116 229 191
wagui 0.0012 72 139 141 198
wagui 0.0011 187 77 255 160
wagui 0.0011 115 126 257 182
wagui 0.0010 11 -20 246 95
wagui 0.0010 13 42 243 189
