Kongrou 0.1176 124 10 391 375
Kongrou 0.0581 -12 65 462 384
Kongrou 0.0053 321 -46 540 189
Kongrou 0.0042 225 404 425 483
Kongrou 0.0034 239 276 427 596
Kongrou 0.0033 166 -326 567 89
Kongrou 0.0033 282 -161 468 -36
Kongrou 0.0032 280 -257 485 51
Kongrou 0.0030 166 354 350 485
Kongrou 0.0029 88 334 577 540
Kongrou 0.0024 44 -384 701 143
Kongrou 0.0014 280 191 752 571
Kongrou 0.0013 -8 -115 645 181
Kongrou 0.0012 396 -65 738 320
Kongrou 0.0012 421 102 632 426
Kongrou 0.0011 145 -213 493 271
Rouzaofun 0.0147 34 60 499 389
Rouzaofun 0.0034 225 404 425 483
Rouzaofun 0.0034 282 -161 468 -36
Rouzaofun 0.0030 166 -326 567 89
Rouzaofun 0.0028 88 334 577 540
Rouzaofun 0.0028 280 -257 485 51
Rouzaofun 0.0025 239 276 427 596
Rouzaofun 0.0023 44 -384 701 143
Rouzaofun 0.0017 280 191 752 571
Rouzaofun 0.0016 128 14 387 323
Rouzaofun 0.0015 166 354 350 485
Rouzaofun 0.0014 396 -65 738 320
Rouzaofun 0.0011 421 102 632 426
Rouzaofun 0.0011 30 -191 612 252
Rouzaofun 0.0010 0 276 265 502
Rice_with_Shredded_Chicken 0.0190 9 72 456 360
Rice_with_Shredded_Chicken 0.0040 107 -290 632 54
Rice_with_Shredded_Chicken 0.0038 282 -161 468 -36
Rice_with_Shredded_Chicken 0.0026 280 -257 485 51
Rice_with_Shredded_Chicken 0.0026 128 14 387 323
Rice_with_Shredded_Chicken 0.0025 225 404 425 483
Rice_with_Shredded_Chicken 0.0025 88 334 577 540
Rice_with_Shredded_Chicken 0.0023 239 276 427 596
Rice_with_Shredded_Chicken 0.0013 421 102 632 426
Rice_with_Shredded_Chicken 0.0013 264 185 773 567
Rice_with_Shredded_Chicken 0.0012 396 -65 738 320
Rice_with_Shredded_Chicken 0.0012 321 -46 540 189
Rice_with_Shredded_Chicken 0.0010 -7 277 221 501
migao 0.0672 -12 65 462 384
migao 0.0273 124 10 391 375
migao 0.0051 225 404 425 483
migao 0.0042 107 -290 632 54
migao 0.0037 282 -161 468 -36
migao 0.0033 239 276 427 596
migao 0.0030 88 334 577 540
migao 0.0029 280 -257 485 51
migao 0.0020 321 -46 540 189
migao 0.0013 421 102 632 426
migao 0.0013 280 191 752 571
migao 0.0012 396 -65 738 320
migao 0.0011 145 -213 493 271
migao 0.0011 166 354 350 485
migao 0.0010 -8 -115 645 181
wagui 0.1319 -12 65 462 384
wagui 0.1141 124 10 391 375
wagui 0.0136 321 -46 540 189
wagui 0.0036 44 -384 701 143
wagui 0.0027 280 -257 485 51
wagui 0.0027 166 -326 567 89
wagui 0.0026 282 -161 468 -36
wagui 0.0024 225 404 425 483
wagui 0.0023 88 334 577 540
wagui 0.0021 239 276 427 596
wagui 0.0015 166 354 350 485
wagui 0.0013 -8 -115 645 181
wagui 0.0013 387 -43 755 304
wagui 0.0011 264 185 773 567
wagui 0.0010 -14 0 649 458
