Kongrou 0.6195 75 -4 918 611
Kongrou 0.0093 624 -75 952 327
Kongrou 0.0043 353 13 838 541
Kongrou 0.0032 190 148 799 768
Kongrou 0.0023 158 676 564 953
Kongrou 0.0016 -2 -201 340 71
Kongrou 0.0016 894 140 1009 627
Kongrou 0.0015 422 692 673 875
Kongrou 0.0011 428 571 692 1064
Kongrou 0.0010 181 -13 702 497
Rouzaofun 0.0247 77 -58 912 662
Rouzaofun 0.0036 158 676 564 953
Rouzaofun 0.0034 894 140 1009 627
Rouzaofun 0.0020 909 239 993 528
Rouzaofun 0.0016 -2 -201 340 71
Rouzaofun 0.0014 438 664 659 977
Rouzaofun 0.0012 285 662 591 832
Rouzaofun 0.0011 190 148 799 768
Rouzaofun 0.0010 273 620 846 1007
Rice_with_Shredded_Chicken 0.0190 75 -4 918 611
Rice_with_Shredded_Chicken 0.0037 158 676 564 953
Rice_with_Shredded_Chicken 0.0025 894 140 1009 627
Rice_with_Shredded_Chicken 0.0019 190 148 799 768
Rice_with_Shredded_Chicken 0.0016 -2 -201 340 71
Rice_with_Shredded_Chicken 0.0015 909 239 993 528
Rice_with_Shredded_Chicken 0.0014 438 664 659 977
Rice_with_Shredded_Chicken 0.0013 624 -75 952 327
Rice_with_Shredded_Chicken 0.0010 273 620 846 1007
migao 0.1815 75 -4 918 611
migao 0.0031 190 148 799 768
migao 0.0028 624 -75 952 327
migao 0.0025 894 140 1009 627
migao 0.0025 158 676 564 953
migao 0.0020 909 239 993 528
migao 0.0019 438 664 659 977
migao 0.0013 -2 -201 340 71
migao 0.0011 273 620 846 1007
wagui 0.0299 75 -4 918 611
wagui 0.0041 624 -75 952 327
wagui 0.0029 894 140 1009 627
wagui 0.0026 909 239 993 528
wagui 0.0020 158 676 564 953
wagui 0.0012 190 148 799 768
wagui 0.0012 933 234 1007 456
wagui 0.0010 428 571 692 1064
