Kongrou 0.0213 213 569 727 1301
Kongrou 0.0123 -8 637 946 1241
Kongrou 0.0033 123 1363 388 1507
Kongrou 0.0018 346 544 814 1106
Kongrou 0.0016 -112 1249 621 1620
Kongrou 0.0013 -677 -467 877 787
Kongrou 0.0012 -353 -111 71 196
Kongrou 0.0010 680 588 1162 1294
Kongrou 0.0010 -62 13 1144 1478
Kongrou 0.0010 -739 125 707 888
Rouzaofun 0.0061 -8 637 946 1241
Rouzaofun 0.0051 213 569 727 1301
Rouzaofun 0.0036 123 1363 388 1507
Rouzaofun 0.0026 -112 1249 621 1620
Rouzaofun 0.0017 912 1125 1493 1662
Rouzaofun 0.0013 -677 -467 877 787
Rouzaofun 0.0012 703 668 1228 1123
Rouzaofun 0.0010 76 780 773 1122
Rice_with_Shredded_Chicken 0.0072 -8 637 946 1241
Rice_with_Shredded_Chicken 0.0047 213 569 727 1301
Rice_with_Shredded_Chicken 0.0032 123 1363 388 1507
Rice_with_Shredded_Chicken 0.0020 -112 1249 621 1620
Rice_with_Shredded_Chicken 0.0012 912 1125 1493 1662
Rice_with_Shredded_Chicken 0.0011 -677 -467 877 787
migao 0.0106 -8 637 946 1241
migao 0.0089 213 569 727 1301
migao 0.0033 123 1363 388 1507
migao 0.0020 -112 1249 621 1620
migao 0.0013 912 1125 1493 1662
migao 0.0013 -677 -467 877 787
migao 0.0012 703 668 1228 1123
wagui 0.0062 123 1363 388 1507
wagui 0.0032 -8 637 946 1241
wagui 0.0020 8 1227 506 1639
wagui 0.0018 213 569 727 1301
wagui 0.0011 -677 -467 877 787
wagui 0.0011 703 668 1228 1123
