Kongrou 0.0910 207 543 726 1106
Kongrou 0.0037 -20 482 949 1058
Kongrou 0.0030 794 209 1364 674
Kongrou 0.0023 -85 862 792 1579
Kongrou 0.0019 838 344 1377 823
Kongrou 0.0018 911 -191 1489 370
Kongrou 0.0014 923 124 1233 757
Kongrou 0.0013 601 -52 1100 239
Kongrou 0.0012 125 664 838 954
Rouzaofun 0.0086 240 659 725 1015
Rouzaofun 0.0032 2 525 926 1126
Rouzaofun 0.0030 794 209 1364 674
Rouzaofun 0.0020 -85 862 792 1579
Rouzaofun 0.0018 838 344 1377 823
Rouzaofun 0.0015 601 -52 1100 239
Rouzaofun 0.0014 906 75 1192 748
Rouzaofun 0.0013 911 -191 1489 370
Rice_with_Shredded_Chicken 0.0126 207 543 726 1106
Rice_with_Shredded_Chicken 0.0023 794 209 1364 674
Rice_with_Shredded_Chicken 0.0021 -85 862 792 1579
Rice_with_Shredded_Chicken 0.0018 911 -191 1489 370
Rice_with_Shredded_Chicken 0.0018 -145 526 969 1121
Rice_with_Shredded_Chicken 0.0016 111 687 854 988
Rice_with_Shredded_Chicken 0.0015 838 344 1377 823
Rice_with_Shredded_Chicken 0.0014 601 -52 1100 239
Rice_with_Shredded_Chicken 0.0012 923 124 1233 757
migao 0.0286 207 543 726 1106
migao 0.0029 -145 526 969 1121
migao 0.0028 794 209 1364 674
migao 0.0023 111 687 854 988
migao 0.0021 -85 862 792 1579
migao 0.0017 911 -191 1489 370
migao 0.0016 601 -52 1100 239
migao 0.0016 838 344 1377 823
migao 0.0010 923 124 1233 757
wagui 0.0071 207 543 726 1106
wagui 0.0045 -85 862 792 1579
wagui 0.0025 794 209 1364 674
wagui 0.0017 838 344 1377 823
wagui 0.0014 111 687 854 988
wagui 0.0014 911 -191 1489 370
wagui 0.0012 5 577 924 1179
wagui 0.0011 923 124 1233 757
