Kongrou 0.0687 223 490 707 1166
Kongrou 0.0075 190 645 661 1030
Kongrou 0.0065 3 532 921 1123
Kongrou 0.0027 55 934 645 1628
Kongrou 0.0014 -151 808 741 1519
Rouzaofun 0.0065 190 645 661 1030
Rouzaofun 0.0029 223 490 707 1166
Rouzaofun 0.0020 3 532 921 1123
Rouzaofun 0.0019 -144 876 735 1563
Rouzaofun 0.0013 -377 -333 569 651
Rouzaofun 0.0012 -21 688 815 986
Rice_with_Shredded_Chicken 0.0056 223 490 707 1166
Rice_with_Shredded_Chicken 0.0036 190 645 661 1030
Rice_with_Shredded_Chicken 0.0021 3 532 921 1123
Rice_with_Shredded_Chicken 0.0019 -144 876 735 1563
Rice_with_Shredded_Chicken 0.0014 -377 -333 569 651
migao 0.0175 223 490 707 1166
migao 0.0071 190 645 661 1030
migao 0.0053 3 532 921 1123
migao 0.0019 55 934 645 1628
migao 0.0013 -151 808 741 1519
migao 0.0013 -377 -333 569 651
migao 0.0010 -21 688 815 986
wagui 0.0074 223 490 707 1166
wagui 0.0050 190 645 661 1030
wagui 0.0044 -13 923 605 1638
wagui 0.0024 3 532 921 1123
wagui 0.0010 -377 -333 569 651
