Kongrou 0.0087 10 84 216 394
Kongrou 0.0046 -11 7 328 379
Kongrou 0.0046 286 -154 464 -43
Kongrou 0.0044 197 365 369 474
Kongrou 0.0039 285 -257 480 50
Kongrou 0.0030 152 -183 363 -63
Kongrou 0.0028 237 90 428 293
Kongrou 0.0028 125 9 610 344
Kongrou 0.0026 169 -207 593 0
Kongrou 0.0023 238 175 413 246
Kongrou 0.0016 228 347 476 489
Kongrou 0.0015 236 -186 315 34
Kongrou 0.0012 266 409 432 481
Kongrou 0.0012 5 -201 258 0
Kongrou 0.0012 -44 155 227 339
Kongrou 0.0012 274 280 440 592
Kongrou 0.0010 117 -301 625 65
Rouzaofun 0.0078 -25 40 293 395
Rouzaofun 0.0041 286 -154 464 -43
Rouzaofun 0.0032 285 -257 480 50
Rouzaofun 0.0030 7 120 217 408
Rouzaofun 0.0026 236 -186 315 34
Rouzaofun 0.0023 169 -207 593 0
Rouzaofun 0.0016 238 175 413 246
Rouzaofun 0.0016 152 -183 363 -63
Rouzaofun 0.0014 197 365 369 474
Rouzaofun 0.0012 76 -150 493 -3
Rouzaofun 0.0012 5 -201 258 0
Rouzaofun 0.0011 257 373 495 511
Rouzaofun 0.0010 125 9 610 344
Rouzaofun 0.0010 244 140 407 280
Rouzaofun 0.0010 -108 -181 128 73
Rice_with_Shredded_Chicken 0.0057 10 84 216 394
Rice_with_Shredded_Chicken 0.0043 286 -154 464 -43
Rice_with_Shredded_Chicken 0.0034 -11 7 328 379
Rice_with_Shredded_Chicken 0.0031 285 -257 480 50
Rice_with_Shredded_Chicken 0.0024 169 -207 593 0
Rice_with_Shredded_Chicken 0.0016 117 -301 625 65
Rice_with_Shredded_Chicken 0.0016 5 -201 258 0
Rice_with_Shredded_Chicken 0.0015 125 9 610 344
Rice_with_Shredded_Chicken 0.0014 257 373 495 511
Rice_with_Shredded_Chicken 0.0013 23 -434 726 187
Rice_with_Shredded_Chicken 0.0013 236 -186 315 34
Rice_with_Shredded_Chicken 0.0012 -114 -219 132 63
Rice_with_Shredded_Chicken 0.0010 -44 155 227 339
Rice_with_Shredded_Chicken 0.0010 314 -193 437 45
migao 0.0139 -25 40 293 395
migao 0.0050 7 120 217 408
migao 0.0049 286 -154 464 -43
migao 0.0036 285 -257 480 50
migao 0.0034 236 -186 315 34
migao 0.0026 169 -207 593 0
migao 0.0017 197 365 369 474
migao 0.0016 117 -301 625 65
migao 0.0015 238 175 413 246
migao 0.0013 228 347 476 489
migao 0.0013 314 -193 437 45
migao 0.0013 266 409 432 481
migao 0.0012 244 140 407 280
migao 0.0012 76 -150 493 -3
migao 0.0012 125 9 610 344
migao 0.0012 274 280 440 592
migao 0.0011 5 -201 258 0
migao 0.0010 186 -182 380 -64
wagui 0.0200 -25 40 293 395
wagui 0.0075 7 120 217 408
wagui 0.0041 255 77 507 307
wagui 0.0035 186 -182 380 -64
wagui 0.0033 125 9 610 344
wagui 0.0031 286 -154 464 -43
wagui 0.0031 285 -257 480 50
wagui 0.0030 197 365 369 474
wagui 0.0024 169 -207 593 0
wagui 0.0022 236 174 390 246
wagui 0.0018 258 130 393 193
wagui 0.0016 236 -186 315 34
wagui 0.0015 23 -434 726 187
wagui 0.0013 244 140 407 280
wagui 0.0012 117 -301 625 65
wagui 0.0010 266 409 432 481
wagui 0.0010 228 347 476 489
