Kongrou 0.0094 -24 34 291 400
Kongrou 0.0083 282 -147 467 -48
Kongrou 0.0071 154 -185 360 -61
Kongrou 0.0061 290 -256 475 48
Kongrou 0.0042 169 -21 666 368
Kongrou 0.0041 148 -204 613 -2
Kongrou 0.0033 195 356 370 482
Kongrou 0.0031 6 125 217 403
Kongrou 0.0025 262 389 437 497
Kongrou 0.0024 237 -187 314 35
Kongrou 0.0023 273 111 541 324
Kongrou 0.0019 171 -338 661 98
Kongrou 0.0015 245 278 469 596
Kongrou 0.0013 14 -199 249 -3
Kongrou 0.0012 140 330 572 540
Kongrou 0.0011 83 -150 488 -3
Kongrou 0.0011 315 -187 435 39
Kongrou 0.0011 -113 -227 131 71
Kongrou 0.0010 -142 -39 384 503
Kongrou 0.0010 246 -207 507 -40
Rouzaofun 0.0076 -24 34 291 400
Rouzaofun 0.0066 282 -147 467 -48
Rouzaofun 0.0048 290 -256 475 48
Rouzaofun 0.0039 237 -187 314 35
Rouzaofun 0.0036 154 -185 360 -61
Rouzaofun 0.0034 148 -204 613 -2
Rouzaofun 0.0033 169 -21 666 368
Rouzaofun 0.0022 -25 153 233 342
Rouzaofun 0.0018 83 -150 488 -3
Rouzaofun 0.0017 25 111 183 383
Rouzaofun 0.0016 262 389 437 497
Rouzaofun 0.0015 14 -199 249 -3
Rouzaofun 0.0013 213 -185 287 33
Rouzaofun 0.0013 202 -310 638 82
Rouzaofun 0.0012 -103 -158 124 98
Rouzaofun 0.0012 245 278 469 596
Rouzaofun 0.0012 315 -187 435 39
Rouzaofun 0.0010 140 330 572 540
Rouzaofun 0.0010 9 -428 741 181
Rice_with_Shredded_Chicken 0.0067 282 -147 467 -48
Rice_with_Shredded_Chicken 0.0059 -24 34 291 400
Rice_with_Shredded_Chicken 0.0059 169 -21 666 368
Rice_with_Shredded_Chicken 0.0048 290 -256 475 48
Rice_with_Shredded_Chicken 0.0036 148 -204 613 -2
Rice_with_Shredded_Chicken 0.0023 262 201 453 382
Rice_with_Shredded_Chicken 0.0022 14 -199 249 -3
Rice_with_Shredded_Chicken 0.0022 237 -187 314 35
Rice_with_Shredded_Chicken 0.0021 6 125 217 403
Rice_with_Shredded_Chicken 0.0020 202 -310 638 82
Rice_with_Shredded_Chicken 0.0016 -113 -227 131 71
Rice_with_Shredded_Chicken 0.0015 83 -150 488 -3
Rice_with_Shredded_Chicken 0.0015 9 -428 741 181
Rice_with_Shredded_Chicken 0.0014 262 389 437 497
Rice_with_Shredded_Chicken 0.0014 315 -187 435 39
Rice_with_Shredded_Chicken 0.0012 245 278 469 596
Rice_with_Shredded_Chicken 0.0011 155 121 580 429
migao 0.0149 -24 34 291 400
migao 0.0085 282 -147 467 -48
migao 0.0056 169 -21 666 368
migao 0.0055 290 -256 475 48
migao 0.0050 237 -187 314 35
migao 0.0041 148 -204 613 -2
migao 0.0029 6 125 217 403
migao 0.0027 262 389 437 497
migao 0.0021 154 -185 360 -61
migao 0.0019 202 -310 638 82
migao 0.0018 83 -150 488 -3
migao 0.0018 315 -187 435 39
migao 0.0017 213 -185 287 33
migao 0.0016 245 278 469 596
migao 0.0013 14 -199 249 -3
migao 0.0012 -113 -227 131 71
migao 0.0012 278 360 422 570
migao 0.0011 140 330 572 540
migao 0.0011 9 -428 741 181
migao 0.0011 146 -282 423 123
migao 0.0011 262 201 453 382
migao 0.0010 195 356 370 482
migao 0.0010 273 111 541 324
wagui 0.0217 -24 34 291 400
wagui 0.0134 262 201 453 382
wagui 0.0111 169 -21 666 368
wagui 0.0050 154 -185 360 -61
wagui 0.0050 282 -147 467 -48
wagui 0.0045 6 125 217 403
wagui 0.0044 290 -256 475 48
wagui 0.0042 265 111 499 326
wagui 0.0035 148 -204 613 -2
wagui 0.0021 237 -187 314 35
wagui 0.0017 199 -37 466 175
wagui 0.0017 9 -428 741 181
wagui 0.0017 195 356 370 482
wagui 0.0014 202 -310 638 82
wagui 0.0014 262 389 437 497
wagui 0.0013 155 121 580 429
wagui 0.0012 73 -228 447 -26
wagui 0.0011 245 278 469 596
wagui 0.0011 315 -187 435 39
wagui 0.0010 -113 -227 131 71
wagui 0.0010 1 2 134 74
wagui 0.0010 140 330 572 540
