Kongrou 0.0493 55 630 657 1365
Kongrou 0.0221 -188 649 893 1232
Kongrou 0.0041 45 1077 655 1598
Kongrou 0.0019 -174 1001 875 1663
Kongrou 0.0011 144 767 649 1193
Rouzaofun 0.0069 -177 696 881 1296
Rouzaofun 0.0029 45 1077 655 1598
Rouzaofun 0.0026 64 565 648 1319
Rouzaofun 0.0017 -174 1001 875 1663
Rouzaofun 0.0014 263 476 420 573
Rouzaofun 0.0011 141 790 653 1226
Rice_with_Shredded_Chicken 0.0127 -177 696 881 1296
Rice_with_Shredded_Chicken 0.0106 64 565 648 1319
Rice_with_Shredded_Chicken 0.0050 45 1077 655 1598
Rice_with_Shredded_Chicken 0.0019 -174 1001 875 1663
Rice_with_Shredded_Chicken 0.0017 263 476 420 573
migao 0.0183 -177 696 881 1296
migao 0.0096 64 565 648 1319
migao 0.0030 45 1077 655 1598
migao 0.0020 263 476 420 573
migao 0.0016 -174 1001 875 1663
wagui 0.0062 45 1077 655 1598
wagui 0.0061 -177 696 881 1296
wagui 0.0045 263 476 420 573
wagui 0.0037 64 565 648 1319
wagui 0.0024 -174 1001 875 1663
wagui 0.0013 246 493 438 613
wagui 0.0012 756 791 892 998
wagui 0.0010 593 659 1038 1101
