Kongrou 0.1702 202 14 462 372
Kongrou 0.0048 93 113 567 367
Kongrou 0.0039 246 402 452 485
Kongrou 0.0037 186 363 378 475
Kongrou 0.0036 285 -147 464 -47
Kongrou 0.0031 291 -251 475 45
Kongrou 0.0029 254 279 460 593
Kongrou 0.0024 104 330 610 543
Kongrou 0.0021 118 -296 621 60
Kongrou 0.0020 48 -43 591 404
Kongrou 0.0016 27 -427 721 182
Kongrou 0.0015 229 -48 530 142
Kongrou 0.0014 185 -182 381 -64
Kongrou 0.0011 136 357 318 482
Rouzaofun 0.0154 127 42 534 341
Rouzaofun 0.0032 285 -147 464 -47
Rouzaofun 0.0030 246 402 452 485
Rouzaofun 0.0025 291 -251 475 45
Rouzaofun 0.0022 104 330 610 543
Rouzaofun 0.0022 254 279 460 593
Rouzaofun 0.0018 168 -329 561 90
Rouzaofun 0.0017 27 -427 721 182
Rouzaofun 0.0017 146 -206 617 0
Rouzaofun 0.0017 0 -224 214 19
Rice_with_Shredded_Chicken 0.0293 127 42 534 341
Rice_with_Shredded_Chicken 0.0035 285 -147 464 -47
Rice_with_Shredded_Chicken 0.0029 118 -296 621 60
Rice_with_Shredded_Chicken 0.0026 27 -427 721 182
Rice_with_Shredded_Chicken 0.0024 291 -251 475 45
Rice_with_Shredded_Chicken 0.0024 246 402 452 485
Rice_with_Shredded_Chicken 0.0021 254 279 460 593
Rice_with_Shredded_Chicken 0.0019 104 330 610 543
Rice_with_Shredded_Chicken 0.0017 0 -224 214 19
migao 0.0798 127 42 534 341
migao 0.0045 246 402 452 485
migao 0.0040 285 -147 464 -47
migao 0.0031 118 -296 621 60
migao 0.0028 254 279 460 593
migao 0.0028 291 -251 475 45
migao 0.0025 104 330 610 543
migao 0.0020 27 -427 721 182
migao 0.0017 207 -21 456 313
migao 0.0015 48 -43 591 404
migao 0.0012 0 -224 214 19
migao 0.0011 186 363 378 475
migao 0.0010 216 109 495 373
migao 0.0010 317 -190 434 40
wagui 0.0573 202 14 462 372
wagui 0.0030 27 -427 721 182
wagui 0.0027 285 -147 464 -47
wagui 0.0024 186 363 378 475
wagui 0.0024 246 402 452 485
wagui 0.0023 291 -251 475 45
wagui 0.0022 118 -296 621 60
wagui 0.0022 93 113 567 367
wagui 0.0020 185 -182 381 -64
wagui 0.0020 104 330 610 543
wagui 0.0018 254 279 460 593
wagui 0.0015 -38 -337 477 101
wagui 0.0014 229 -48 530 142
wagui 0.0010 48 -43 591 404
