Kongrou 0.0204 522 572 896 932
Kongrou 0.0045 436 409 843 1018
Kongrou 0.0028 -29 787 963 1537
Kongrou 0.0016 319 611 1043 893
Kongrou 0.0012 -53 651 167 796
Rouzaofun 0.0121 522 572 896 932
Rouzaofun 0.0029 -29 787 963 1537
Rouzaofun 0.0028 319 611 1043 893
Rouzaofun 0.0012 -268 540 382 912
Rouzaofun 0.0012 -53 651 167 796
Rouzaofun 0.0011 798 28 1271 596
Rice_with_Shredded_Chicken 0.0081 468 581 894 923
Rice_with_Shredded_Chicken 0.0025 -29 787 963 1537
Rice_with_Shredded_Chicken 0.0012 798 28 1271 596
Rice_with_Shredded_Chicken 0.0011 -268 540 382 912
Rice_with_Shredded_Chicken 0.0011 436 409 843 1018
Rice_with_Shredded_Chicken 0.0010 287 560 1074 888
Rice_with_Shredded_Chicken 0.0010 -53 651 167 796
Rice_with_Shredded_Chicken 0.0010 620 -138 1447 758
migao 0.0188 522 572 896 932
migao 0.0033 -29 787 963 1537
migao 0.0027 319 611 1043 893
migao 0.0013 436 409 843 1018
migao 0.0012 -53 651 167 796
wagui 0.0104 522 572 896 932
wagui 0.0031 -29 787 963 1537
wagui 0.0017 -53 651 167 796
wagui 0.0016 319 611 1043 893
wagui 0.0011 620 -138 1447 758
wagui 0.0010 -268 540 382 912
wagui 0.0010 798 28 1271 596
