Kongrou 0.0253 252 748 801 1577
Kongrou 0.0143 56 796 989 1425
Kongrou 0.0038 -65 141 1172 1349
Kongrou 0.0015 296 967 724 1447
Kongrou 0.0014 -413 169 90 807
Kongrou 0.0012 -498 604 689 1782
Kongrou 0.0010 148 996 873 1361
Kongrou 0.0010 -882 156 571 796
Rouzaofun 0.0049 56 796 989 1425
Rouzaofun 0.0024 253 688 799 1529
Rouzaofun 0.0016 296 967 724 1447
Rouzaofun 0.0015 148 996 873 1361
Rouzaofun 0.0012 -498 604 689 1782
Rouzaofun 0.0011 -32 -119 529 296
Rouzaofun 0.0010 -882 156 571 796
Rouzaofun 0.0010 -413 169 90 807
Rice_with_Shredded_Chicken 0.0062 55 850 989 1481
Rice_with_Shredded_Chicken 0.0044 252 748 801 1577
Rice_with_Shredded_Chicken 0.0014 -65 141 1172 1349
Rice_with_Shredded_Chicken 0.0012 -413 169 90 807
Rice_with_Shredded_Chicken 0.0011 -498 604 689 1782
Rice_with_Shredded_Chicken 0.0011 148 996 873 1361
migao 0.0115 56 796 989 1425
migao 0.0075 252 748 801 1577
migao 0.0020 -65 141 1172 1349
migao 0.0014 148 996 873 1361
migao 0.0012 296 967 724 1447
migao 0.0011 -413 169 90 807
migao 0.0010 -498 604 689 1782
wagui 0.0086 252 748 801 1577
wagui 0.0074 55 850 989 1481
wagui 0.0014 -65 141 1172 1349
wagui 0.0012 -32 -119 529 296
wagui 0.0010 148 996 873 1361
wagui 0.0010 296 967 724 1447
wagui 0.0010 -84 -438 981 551
