Kongrou 0.0566 95 91 770 474
Kongrou 0.0068 305 -25 695 460
Kongrou 0.0056 157 -59 499 151
Kongrou 0.0028 292 128 554 418
Kongrou 0.0018 -14 129 134 487
Kongrou 0.0015 -13 192 98 390
Kongrou 0.0013 202 -444 833 208
Kongrou 0.0013 21 -121 628 211
Kongrou 0.0012 38 504 405 826
Rouzaofun 0.0077 -14 129 134 487
Rouzaofun 0.0069 95 91 770 474
Rouzaofun 0.0047 157 -59 499 151
Rouzaofun 0.0037 -13 204 98 411
Rouzaofun 0.0029 292 128 554 418
Rouzaofun 0.0023 -58 186 179 431
Rouzaofun 0.0023 766 72 911 441
Rouzaofun 0.0021 -24 272 75 448
Rouzaofun 0.0018 714 508 895 593
Rouzaofun 0.0014 173 150 639 363
Rouzaofun 0.0014 21 -121 628 211
Rouzaofun 0.0012 38 504 405 826
Rouzaofun 0.0011 -74 169 91 484
Rouzaofun 0.0010 202 -444 833 208
Rouzaofun 0.0010 309 127 779 351
Rouzaofun 0.0010 -209 26 285 576
Rice_with_Shredded_Chicken 0.0200 170 -38 489 188
Rice_with_Shredded_Chicken 0.0159 95 91 770 474
Rice_with_Shredded_Chicken 0.0036 -24 142 110 474
Rice_with_Shredded_Chicken 0.0023 -13 192 98 390
Rice_with_Shredded_Chicken 0.0022 714 508 895 593
Rice_with_Shredded_Chicken 0.0021 237 223 699 620
Rice_with_Shredded_Chicken 0.0020 21 -121 628 211
Rice_with_Shredded_Chicken 0.0015 292 128 554 418
Rice_with_Shredded_Chicken 0.0015 -24 253 75 432
Rice_with_Shredded_Chicken 0.0015 766 72 911 441
Rice_with_Shredded_Chicken 0.0014 196 -358 839 115
Rice_with_Shredded_Chicken 0.0014 -58 186 179 431
Rice_with_Shredded_Chicken 0.0013 38 504 405 826
migao 0.0321 95 91 770 474
migao 0.0043 170 -38 489 188
migao 0.0041 -14 129 134 487
migao 0.0038 -13 192 98 390
migao 0.0029 -24 253 75 432
migao 0.0028 292 128 554 418
migao 0.0025 714 508 895 593
migao 0.0018 -58 186 179 431
migao 0.0014 196 -358 839 115
migao 0.0014 766 72 911 441
migao 0.0013 173 150 639 363
migao 0.0013 305 -25 695 460
migao 0.0011 21 -121 628 211
migao 0.0010 309 127 779 351
migao 0.0010 38 504 405 826
wagui 0.0141 170 -38 489 188
wagui 0.0054 714 508 895 593
wagui 0.0050 95 91 770 474
wagui 0.0025 -14 129 134 487
wagui 0.0022 21 -121 628 211
wagui 0.0022 -13 192 98 390
wagui 0.0015 292 128 554 418
wagui 0.0015 766 72 911 441
wagui 0.0015 -24 253 75 432
wagui 0.0011 -58 186 179 431
wagui 0.0011 202 -444 833 208
