Kongrou 0.1044 249 655 800 1337
Kongrou 0.0223 217 1054 819 1624
Kongrou 0.0139 16 667 1024 1215
Kongrou 0.0024 917 -212 1481 392
Kongrou 0.0020 233 150 507 274
Kongrou 0.0016 312 811 824 1205
Kongrou 0.0015 733 546 1142 902
Kongrou 0.0012 -65 963 994 1593
Kongrou 0.0012 -721 -350 691 1369
Kongrou 0.0011 -642 102 607 906
Kongrou 0.0010 541 -266 1868 414
Kongrou 0.0010 70 20 668 407
Rouzaofun 0.0103 217 1054 819 1624
Rouzaofun 0.0045 39 696 1003 1296
Rouzaofun 0.0040 284 769 794 1189
Rouzaofun 0.0030 733 546 1142 902
Rouzaofun 0.0025 233 150 507 274
Rouzaofun 0.0023 917 -212 1481 392
Rouzaofun 0.0022 786 610 1087 840
Rouzaofun 0.0020 91 832 929 1127
Rouzaofun 0.0016 201 605 737 1280
Rouzaofun 0.0013 163 -11 572 437
Rouzaofun 0.0011 541 -266 1868 414
Rouzaofun 0.0011 -721 -350 691 1369
Rouzaofun 0.0010 -642 102 607 906
Rice_with_Shredded_Chicken 0.0193 167 1046 764 1629
Rice_with_Shredded_Chicken 0.0164 249 655 800 1337
Rice_with_Shredded_Chicken 0.0051 16 667 1024 1215
Rice_with_Shredded_Chicken 0.0027 733 546 1142 902
Rice_with_Shredded_Chicken 0.0026 917 -212 1481 392
Rice_with_Shredded_Chicken 0.0026 233 150 507 274
Rice_with_Shredded_Chicken 0.0018 786 610 1087 840
Rice_with_Shredded_Chicken 0.0016 145 821 933 1137
Rice_with_Shredded_Chicken 0.0013 248 903 920 1773
Rice_with_Shredded_Chicken 0.0011 -721 -350 691 1369
Rice_with_Shredded_Chicken 0.0011 163 -11 572 437
migao 0.0282 249 655 800 1337
migao 0.0152 217 1054 819 1624
migao 0.0095 16 667 1024 1215
migao 0.0029 233 150 507 274
migao 0.0028 917 -212 1481 392
migao 0.0022 733 546 1142 902
migao 0.0022 145 821 933 1137
migao 0.0020 786 610 1087 840
migao 0.0011 773 -423 1637 581
migao 0.0010 541 -266 1868 414
migao 0.0010 70 20 668 407
wagui 0.0261 217 1054 819 1624
wagui 0.0095 249 655 800 1337
wagui 0.0045 733 546 1142 902
wagui 0.0037 786 610 1087 840
wagui 0.0037 16 667 1024 1215
wagui 0.0033 233 150 507 274
wagui 0.0023 917 -212 1481 392
wagui 0.0015 226 -28 570 111
wagui 0.0013 145 821 933 1137
wagui 0.0013 -65 963 994 1593
wagui 0.0010 163 -11 572 437
wagui 0.0010 773 -423 1637 581
wagui 0.0010 541 -266 1868 414
wagui 0.0010 -642 102 607 906
