Kongrou 0.1917 173 16 393 314
Kongrou 0.0320 500 35 643 286
Kongrou 0.0276 74 48 489 286
Kongrou 0.0104 425 88 693 234
Kongrou 0.0073 143 62 360 235
Kongrou 0.0056 285 -142 463 -53
Kongrou 0.0045 395 185 613 397
Kongrou 0.0041 290 -251 475 44
Kongrou 0.0030 161 -203 601 -3
Kongrou 0.0029 197 -350 636 110
Kongrou 0.0026 513 95 630 227
Kongrou 0.0024 193 357 372 481
Kongrou 0.0019 261 376 489 508
Kongrou 0.0016 182 -182 384 -64
Kongrou 0.0016 254 288 510 586
Kongrou 0.0016 229 -177 322 25
Kongrou 0.0015 -1 -425 751 181
Kongrou 0.0015 69 88 434 208
Kongrou 0.0013 504 132 639 264
Kongrou 0.0012 318 -181 431 32
Kongrou 0.0012 291 -178 510 -23
Kongrou 0.0011 459 114 685 306
Kongrou 0.0011 154 321 605 549
Rouzaofun 0.0621 500 35 643 286
Rouzaofun 0.0189 465 81 678 241
Rouzaofun 0.0071 356 182 605 397
Rouzaofun 0.0054 143 62 360 235
Rouzaofun 0.0053 173 16 393 314
Rouzaofun 0.0050 74 48 489 286
Rouzaofun 0.0046 513 95 630 227
Rouzaofun 0.0044 285 -142 463 -53
Rouzaofun 0.0032 290 -251 475 44
Rouzaofun 0.0032 407 232 613 361
Rouzaofun 0.0029 229 -177 322 25
Rouzaofun 0.0024 69 88 434 208
Rouzaofun 0.0023 161 -203 601 -3
Rouzaofun 0.0022 504 132 639 264
Rouzaofun 0.0020 115 -292 626 54
Rouzaofun 0.0018 438 118 681 303
Rouzaofun 0.0017 -1 -425 751 181
Rouzaofun 0.0017 261 376 489 508
Rouzaofun 0.0014 81 -147 489 -7
Rouzaofun 0.0014 318 -181 431 32
Rouzaofun 0.0013 154 321 605 549
Rouzaofun 0.0013 254 288 510 586
Rouzaofun 0.0013 291 -178 510 -23
Rouzaofun 0.0011 248 170 713 409
Rice_with_Shredded_Chicken 0.0326 500 35 643 286
Rice_with_Shredded_Chicken 0.0219 173 16 393 314
Rice_with_Shredded_Chicken 0.0137 465 81 678 241
Rice_with_Shredded_Chicken 0.0106 74 48 489 286
Rice_with_Shredded_Chicken 0.0043 285 -142 463 -53
Rice_with_Shredded_Chicken 0.0033 290 -251 475 44
Rice_with_Shredded_Chicken 0.0033 115 -292 626 54
Rice_with_Shredded_Chicken 0.0032 143 62 360 235
Rice_with_Shredded_Chicken 0.0025 161 -203 601 -3
Rice_with_Shredded_Chicken 0.0024 -1 -425 751 181
Rice_with_Shredded_Chicken 0.0023 129 120 610 428
Rice_with_Shredded_Chicken 0.0020 513 95 630 227
Rice_with_Shredded_Chicken 0.0020 395 185 613 397
Rice_with_Shredded_Chicken 0.0019 261 376 489 508
Rice_with_Shredded_Chicken 0.0018 69 88 434 208
Rice_with_Shredded_Chicken 0.0017 318 -181 431 32
Rice_with_Shredded_Chicken 0.0015 229 -177 322 25
Rice_with_Shredded_Chicken 0.0014 291 -178 510 -23
Rice_with_Shredded_Chicken 0.0013 81 -147 489 -7
Rice_with_Shredded_Chicken 0.0012 254 288 510 586
Rice_with_Shredded_Chicken 0.0012 -99 -222 166 18
Rice_with_Shredded_Chicken 0.0012 438 118 681 303
Rice_with_Shredded_Chicken 0.0011 64 -184 299 -16
Rice_with_Shredded_Chicken 0.0011 154 321 605 549
migao 0.0590 173 16 393 314
migao 0.0576 500 35 643 286
migao 0.0222 74 48 489 286
migao 0.0217 465 81 678 241
migao 0.0055 285 -142 463 -53
migao 0.0052 154 76 374 246
migao 0.0038 290 -251 475 44
migao 0.0035 115 -292 626 54
migao 0.0031 395 185 613 397
migao 0.0031 229 -177 322 25
migao 0.0028 161 -203 601 -3
migao 0.0027 513 95 630 227
migao 0.0023 69 88 434 208
migao 0.0022 261 376 489 508
migao 0.0020 318 -181 431 32
migao 0.0019 -1 -425 751 181
migao 0.0017 438 118 681 303
migao 0.0016 254 288 510 586
migao 0.0014 81 -147 489 -7
migao 0.0013 154 321 605 549
migao 0.0012 504 132 639 264
migao 0.0012 291 -178 510 -23
migao 0.0010 -99 -222 166 18
wagui 0.0291 173 16 393 314
wagui 0.0270 500 35 643 286
wagui 0.0134 465 81 678 241
wagui 0.0084 74 48 489 286
wagui 0.0035 154 76 374 246
wagui 0.0033 285 -142 463 -53
wagui 0.0029 -1 -425 751 181
wagui 0.0029 290 -251 475 44
wagui 0.0027 182 -182 384 -64
wagui 0.0025 115 -292 626 54
wagui 0.0025 229 -177 322 25
wagui 0.0024 161 -203 601 -3
wagui 0.0022 219 365 395 474
wagui 0.0015 513 95 630 227
wagui 0.0015 69 88 434 208
wagui 0.0013 407 232 613 361
wagui 0.0013 254 288 510 586
wagui 0.0012 318 -181 431 32
wagui 0.0011 81 -147 489 -7
wagui 0.0011 438 118 681 303
wagui 0.0011 261 376 489 508
wagui 0.0010 154 321 605 549
