Kongrou 0.0090 340 24 991 780
Kongrou 0.0041 -13 256 85 570
Kongrou 0.0038 524 860 874 1048
Kongrou 0.0037 -18 122 140 704
Kongrou 0.0027 535 629 897 1249
Kongrou 0.0022 304 -603 1163 264
Kongrou 0.0021 243 712 1185 1168
Kongrou 0.0018 -90 242 213 635
Kongrou 0.0012 -31 281 54 544
Kongrou 0.0010 573 798 830 1199
Rouzaofun 0.0128 188 50 1095 813
Rouzaofun 0.0086 -18 122 140 704
Rouzaofun 0.0067 -13 256 85 570
Rouzaofun 0.0031 -90 242 213 635
Rouzaofun 0.0027 524 860 874 1048
Rouzaofun 0.0021 535 629 897 1249
Rouzaofun 0.0019 304 -603 1163 264
Rouzaofun 0.0019 -31 281 54 544
Rouzaofun 0.0019 243 712 1185 1168
Rouzaofun 0.0011 573 798 830 1199
Rice_with_Shredded_Chicken 0.1614 188 50 1095 813
Rice_with_Shredded_Chicken 0.0060 -18 122 140 704
Rice_with_Shredded_Chicken 0.0057 -13 256 85 570
Rice_with_Shredded_Chicken 0.0024 -90 242 213 635
Rice_with_Shredded_Chicken 0.0023 243 -498 1233 159
Rice_with_Shredded_Chicken 0.0021 524 860 874 1048
Rice_with_Shredded_Chicken 0.0019 535 629 897 1249
Rice_with_Shredded_Chicken 0.0017 243 712 1185 1168
Rice_with_Shredded_Chicken 0.0014 -31 281 54 544
Rice_with_Shredded_Chicken 0.0014 573 798 830 1199
migao 0.0216 188 50 1095 813
migao 0.0074 -13 256 85 570
migao 0.0066 -18 122 140 704
migao 0.0041 524 860 874 1048
migao 0.0036 -90 242 213 635
migao 0.0027 535 629 897 1249
migao 0.0023 243 -498 1233 159
migao 0.0020 243 712 1185 1168
migao 0.0019 -31 281 54 544
migao 0.0017 573 798 830 1199
wagui 0.3644 188 50 1095 813
wagui 0.0137 -13 256 85 570
wagui 0.0084 -18 122 140 704
wagui 0.0037 -31 281 54 544
wagui 0.0036 -90 242 213 635
wagui 0.0021 524 860 874 1048
wagui 0.0020 113 -689 1378 338
wagui 0.0018 535 629 897 1249
wagui 0.0017 243 712 1185 1168
wagui 0.0013 0 176 121 551
wagui 0.0012 361 10 969 603
wagui 0.0010 310 -299 722 -64
