Kongrou 0.5675 99 137 584 555
Kongrou 0.0070 25 -21 230 274
Kongrou 0.0052 366 -47 576 169
Kongrou 0.0052 237 166 525 501
Kongrou 0.0049 -53 8 307 246
Kongrou 0.0019 37 174 399 496
Kongrou 0.0011 264 -26 636 188
Rouzaofun 0.1591 370 -48 573 207
Rouzaofun 0.0254 25 -21 230 274
Rouzaofun 0.0238 34 139 559 552
Rouzaofun 0.0211 -53 8 307 246
Rouzaofun 0.0123 264 -26 636 188
Rouzaofun 0.0024 165 192 595 477
Rouzaofun 0.0013 320 14 613 135
Rice_with_Shredded_Chicken 0.2887 370 -48 573 207
Rice_with_Shredded_Chicken 0.0432 34 139 559 552
Rice_with_Shredded_Chicken 0.0155 264 -26 636 188
Rice_with_Shredded_Chicken 0.0061 -53 8 307 246
Rice_with_Shredded_Chicken 0.0023 25 -21 230 274
Rice_with_Shredded_Chicken 0.0021 165 192 595 477
migao 0.2322 34 139 559 552
migao 0.0497 370 -48 573 207
migao 0.0215 -53 8 307 246
migao 0.0164 25 -21 230 274
migao 0.0044 165 192 595 477
migao 0.0037 264 -26 636 188
migao 0.0010 320 14 613 135
wagui 0.0185 370 -48 573 207
wagui 0.0098 34 139 559 552
wagui 0.0039 264 -26 636 188
wagui 0.0030 -53 8 307 246
wagui 0.0011 25 -21 230 274
