Kongrou 0.0173 454 378 933 938
Kongrou 0.0062 401 486 848 848
Kongrou 0.0025 231 420 1162 1004
Kongrou 0.0021 -97 572 800 1413
Kongrou 0.0017 -133 208 392 662
Kongrou 0.0014 674 107 1181 626
Kongrou 0.0012 559 -215 1295 962
Kongrou 0.0010 -9 -72 1120 876
Kongrou 0.0010 235 -68 817 691
Rouzaofun 0.0116 430 490 875 843
Rouzaofun 0.0037 492 380 1001 937
Rouzaofun 0.0021 -132 627 836 1472
Rouzaofun 0.0018 674 107 1181 626
Rouzaofun 0.0018 231 420 1162 1004
Rouzaofun 0.0013 534 -12 1303 749
Rouzaofun 0.0010 866 247 1009 466
Rice_with_Shredded_Chicken 0.0063 430 490 875 843
Rice_with_Shredded_Chicken 0.0043 491 417 1004 1000
Rice_with_Shredded_Chicken 0.0024 -132 627 836 1472
Rice_with_Shredded_Chicken 0.0019 240 373 1150 936
Rice_with_Shredded_Chicken 0.0017 674 107 1181 626
Rice_with_Shredded_Chicken 0.0015 -133 208 392 662
Rice_with_Shredded_Chicken 0.0011 559 -215 1295 962
Rice_with_Shredded_Chicken 0.0010 866 247 1009 466
migao 0.0118 430 490 875 843
migao 0.0044 491 417 1004 1000
migao 0.0026 -132 627 836 1472
migao 0.0023 674 107 1181 626
migao 0.0021 240 373 1150 936
migao 0.0013 866 247 1009 466
migao 0.0012 534 -12 1303 749
migao 0.0012 -133 208 392 662
wagui 0.0061 430 490 875 843
wagui 0.0041 -132 627 836 1472
wagui 0.0019 674 107 1181 626
wagui 0.0017 866 247 1009 466
wagui 0.0013 492 380 1001 937
wagui 0.0013 559 -215 1295 962
wagui 0.0011 -133 208 392 662
wagui 0.0010 472 794 1042 1302
wagui 0.0010 35 823 676 1396
