Kongrou 0.0097 381 669 879 1210
Kongrou 0.0072 98 1263 355 1436
Kongrou 0.0062 303 737 718 1107
Kongrou 0.0050 -110 741 704 1581
Kongrou 0.0028 -7 1144 465 1551
Kongrou 0.0015 599 764 933 1139
Kongrou 0.0014 57 1198 338 1387
Kongrou 0.0014 132 993 1205 1845
Kongrou 0.0010 486 796 1298 2047
Rouzaofun 0.0125 381 669 879 1210
Rouzaofun 0.0102 303 737 718 1107
Rouzaofun 0.0097 98 1263 355 1436
Rouzaofun 0.0058 -110 741 704 1581
Rouzaofun 0.0053 -7 1144 465 1551
Rouzaofun 0.0022 57 1198 338 1387
Rouzaofun 0.0017 599 764 933 1139
Rouzaofun 0.0013 220 869 1119 1963
Rice_with_Shredded_Chicken 0.0152 336 653 818 1222
Rice_with_Shredded_Chicken 0.0095 98 1263 355 1436
Rice_with_Shredded_Chicken 0.0048 303 737 718 1107
Rice_with_Shredded_Chicken 0.0046 -110 741 704 1581
Rice_with_Shredded_Chicken 0.0041 -7 1144 465 1551
Rice_with_Shredded_Chicken 0.0024 57 1198 338 1387
Rice_with_Shredded_Chicken 0.0011 220 869 1119 1963
Rice_with_Shredded_Chicken 0.0010 599 764 933 1139
migao 0.0130 381 669 879 1210
migao 0.0098 98 1263 355 1436
migao 0.0091 303 737 718 1107
migao 0.0061 -110 741 704 1581
migao 0.0037 -107 1171 559 1527
migao 0.0025 47 1219 292 1423
migao 0.0015 599 764 933 1139
migao 0.0013 220 869 1119 1963
wagui 0.0173 98 1263 355 1436
wagui 0.0119 381 669 879 1210
wagui 0.0078 -110 741 704 1581
wagui 0.0057 57 1198 338 1387
wagui 0.0053 -7 1144 465 1551
wagui 0.0045 303 737 718 1107
wagui 0.0013 220 869 1119 1963
wagui 0.0010 599 764 933 1139
