Kongrou 0.3441 4 2 532 369
Kongrou 0.0067 249 402 450 485
Kongrou 0.0054 285 -147 464 -49
Kongrou 0.0048 194 359 371 479
Kongrou 0.0046 247 283 468 590
Kongrou 0.0043 288 -254 478 47
Kongrou 0.0042 194 -34 640 294
Kongrou 0.0039 126 328 586 546
Kongrou 0.0031 157 -202 605 -4
Kongrou 0.0028 162 36 453 397
Kongrou 0.0021 186 -182 380 -64
Kongrou 0.0018 106 -35 409 324
Kongrou 0.0017 188 -354 647 113
Kongrou 0.0011 236 -189 315 37
Kongrou 0.0011 210 343 493 493
Rouzaofun 0.0127 65 -30 468 401
Rouzaofun 0.0052 249 402 450 485
Rouzaofun 0.0044 285 -147 464 -49
Rouzaofun 0.0035 126 328 586 546
Rouzaofun 0.0035 247 283 468 590
Rouzaofun 0.0034 288 -254 478 47
Rouzaofun 0.0026 157 -202 605 -4
Rouzaofun 0.0020 194 -34 640 294
Rouzaofun 0.0018 236 -189 315 37
Rouzaofun 0.0015 -4 -222 219 17
Rouzaofun 0.0014 173 -328 553 86
Rouzaofun 0.0013 23 -427 727 182
Rouzaofun 0.0012 194 359 371 479
Rouzaofun 0.0010 -219 219 462 725
Rouzaofun 0.0010 153 -182 362 -64
Rice_with_Shredded_Chicken 0.0160 4 2 532 369
Rice_with_Shredded_Chicken 0.0044 249 402 450 485
Rice_with_Shredded_Chicken 0.0043 285 -147 464 -49
Rice_with_Shredded_Chicken 0.0034 247 283 468 590
Rice_with_Shredded_Chicken 0.0034 288 -254 478 47
Rice_with_Shredded_Chicken 0.0031 126 328 586 546
Rice_with_Shredded_Chicken 0.0027 157 -202 605 -4
Rice_with_Shredded_Chicken 0.0018 194 -34 640 294
Rice_with_Shredded_Chicken 0.0018 23 -427 727 182
Rice_with_Shredded_Chicken 0.0016 173 -328 553 86
Rice_with_Shredded_Chicken 0.0014 -4 -222 219 17
Rice_with_Shredded_Chicken 0.0011 -114 -208 133 52
Rice_with_Shredded_Chicken 0.0010 -219 219 462 725
migao 0.0972 4 2 532 369
migao 0.0073 249 402 450 485
migao 0.0055 285 -147 464 -49
migao 0.0045 247 283 468 590
migao 0.0039 126 328 586 546
migao 0.0039 288 -254 478 47
migao 0.0029 157 -202 605 -4
migao 0.0027 194 -34 640 294
migao 0.0024 236 -189 315 37
migao 0.0015 194 359 371 479
migao 0.0015 23 -427 727 182
migao 0.0013 202 -305 639 77
migao 0.0011 317 -192 433 44
migao 0.0010 -4 -222 219 17
migao 0.0010 71 -148 499 -5
wagui 0.0374 4 2 532 369
wagui 0.0040 249 402 450 485
wagui 0.0038 194 359 371 479
wagui 0.0032 285 -147 464 -49
wagui 0.0031 126 328 586 546
wagui 0.0031 288 -254 478 47
wagui 0.0030 194 -34 640 294
wagui 0.0030 247 283 468 590
wagui 0.0028 186 -182 380 -64
wagui 0.0026 157 -202 605 -4
wagui 0.0022 23 -427 727 182
wagui 0.0014 236 -189 315 37
wagui 0.0012 173 -328 553 86
