Kongrou 0.0344 164 82 209 151
Kongrou 0.0215 60 25 155 117
Kongrou 0.0099 5 16 78 72
Kongrou 0.0028 88 142 156 178
Kongrou 0.0026 89 112 160 205
Kongrou 0.0024 144 13 213 60
Kongrou 0.0020 59 121 189 195
Kongrou 0.0020 -19 24 104 64
Kongrou 0.0020 161 90 204 127
Kongrou 0.0019 174 94 206 139
Kongrou 0.0018 11 28 73 60
Kongrou 0.0018 155 94 225 139
Kongrou 0.0016 66 136 134 169
Kongrou 0.0011 30 66 208 240
Rouzaofun 0.1019 164 82 209 151
Rouzaofun 0.0382 142 2 203 74
Rouzaofun 0.0156 59 -8 141 52
Rouzaofun 0.0125 5 16 78 72
Rouzaofun 0.0052 174 94 206 139
Rouzaofun 0.0048 160 11 213 61
Rouzaofun 0.0045 155 94 225 139
Rouzaofun 0.0040 -19 24 104 64
Rouzaofun 0.0035 88 142 156 178
Rouzaofun 0.0033 60 25 155 117
Rouzaofun 0.0033 161 90 204 127
Rouzaofun 0.0024 59 121 189 195
Rouzaofun 0.0023 11 28 73 60
Rouzaofun 0.0020 89 112 160 205
Rouzaofun 0.0018 128 20 229 60
Rouzaofun 0.0016 121 -6 223 85
Rouzaofun 0.0013 15 -15 185 62
Rouzaofun 0.0011 31 32 180 142
Rouzaofun 0.0011 151 25 206 56
Rouzaofun 0.0010 66 136 134 169
Rice_with_Shredded_Chicken 0.0847 59 -8 141 52
Rice_with_Shredded_Chicken 0.0686 164 82 209 151
Rice_with_Shredded_Chicken 0.0394 61 26 155 131
Rice_with_Shredded_Chicken 0.0157 142 2 203 74
Rice_with_Shredded_Chicken 0.0087 28 40 187 117
Rice_with_Shredded_Chicken 0.0086 11 -2 76 96
Rice_with_Shredded_Chicken 0.0045 0 18 75 70
Rice_with_Shredded_Chicken 0.0034 155 94 225 139
Rice_with_Shredded_Chicken 0.0029 88 142 156 178
Rice_with_Shredded_Chicken 0.0024 161 90 204 127
Rice_with_Shredded_Chicken 0.0023 174 94 206 139
Rice_with_Shredded_Chicken 0.0023 15 -15 185 62
Rice_with_Shredded_Chicken 0.0020 59 121 189 195
Rice_with_Shredded_Chicken 0.0018 -24 25 101 64
Rice_with_Shredded_Chicken 0.0017 89 112 160 205
Rice_with_Shredded_Chicken 0.0017 160 11 213 61
Rice_with_Shredded_Chicken 0.0014 121 -6 223 85
migao 0.1014 164 82 209 151
migao 0.0198 60 25 155 117
migao 0.0106 5 16 78 72
migao 0.0098 59 -8 141 52
migao 0.0075 142 2 203 74
migao 0.0044 155 94 225 139
migao 0.0040 -19 24 104 64
migao 0.0039 88 142 156 178
migao 0.0033 174 94 206 139
migao 0.0026 161 90 204 127
migao 0.0025 89 112 160 205
migao 0.0023 160 11 213 61
migao 0.0022 59 121 189 195
migao 0.0016 11 28 73 60
migao 0.0014 31 32 180 142
migao 0.0012 128 20 229 60
migao 0.0011 30 66 208 240
wagui 0.2290 60 25 155 117
wagui 0.1456 59 -8 141 52
wagui 0.0832 164 82 209 151
wagui 0.0272 11 -2 76 96
wagui 0.0082 0 18 75 70
wagui 0.0073 22 47 194 125
wagui 0.0063 142 2 203 74
wagui 0.0040 155 94 225 139
wagui 0.0039 161 90 204 127
wagui 0.0033 15 -15 185 62
wagui 0.0029 174 94 206 139
wagui 0.0023 66 136 134 169
wagui 0.0019 89 112 160 205
wagui 0.0019 -24 25 101 64
wagui 0.0018 -16 6 104 87
wagui 0.0017 59 121 189 195
wagui 0.0016 19 28 72 61
wagui 0.0015 88 142 156 178
wagui 0.0014 160 11 213 61
