Kongrou 0.0284 185 29 319 96
Kongrou 0.0102 168 -5 336 131
Kongrou 0.0082 160 -15 588 367
Kongrou 0.0028 293 -152 456 -44
Kongrou 0.0025 293 -250 473 44
Kongrou 0.0025 338 154 436 217
Kongrou 0.0016 158 -206 604 0
Kongrou 0.0015 156 -333 572 93
Kongrou 0.0014 190 358 374 480
Kongrou 0.0012 249 372 501 510
Kongrou 0.0012 -170 -262 322 123
Kongrou 0.0012 186 -181 379 -64
Kongrou 0.0011 42 -417 704 172
Kongrou 0.0011 257 289 507 585
Rouzaofun 0.0365 185 29 319 96
Rouzaofun 0.0106 168 -5 336 131
Rouzaofun 0.0090 138 -57 600 407
Rouzaofun 0.0034 338 154 436 217
Rouzaofun 0.0024 293 -152 456 -44
Rouzaofun 0.0021 293 -250 473 44
Rouzaofun 0.0016 297 93 479 277
Rouzaofun 0.0015 249 372 501 510
Rouzaofun 0.0013 158 -206 604 0
Rouzaofun 0.0013 156 -333 572 93
Rouzaofun 0.0013 -1 197 644 438
Rouzaofun 0.0013 140 313 621 558
Rouzaofun 0.0013 42 -417 704 172
Rouzaofun 0.0011 -170 -262 322 123
Rice_with_Shredded_Chicken 0.0318 185 29 319 96
Rice_with_Shredded_Chicken 0.0078 202 -75 631 423
Rice_with_Shredded_Chicken 0.0076 168 -5 336 131
Rice_with_Shredded_Chicken 0.0032 338 154 436 217
Rice_with_Shredded_Chicken 0.0026 293 -152 456 -44
Rice_with_Shredded_Chicken 0.0021 112 -301 630 65
Rice_with_Shredded_Chicken 0.0021 293 -250 473 44
Rice_with_Shredded_Chicken 0.0018 42 -417 704 172
Rice_with_Shredded_Chicken 0.0015 158 -206 604 0
Rice_with_Shredded_Chicken 0.0014 -1 197 644 438
Rice_with_Shredded_Chicken 0.0014 249 372 501 510
Rice_with_Shredded_Chicken 0.0013 -170 -262 322 123
Rice_with_Shredded_Chicken 0.0012 297 93 479 277
Rice_with_Shredded_Chicken 0.0010 140 313 621 558
migao 0.0593 185 29 319 96
migao 0.0110 168 -5 336 131
migao 0.0103 202 -75 631 423
migao 0.0036 338 154 436 217
migao 0.0030 293 -152 456 -44
migao 0.0024 293 -250 473 44
migao 0.0022 112 -301 630 65
migao 0.0017 249 372 501 510
migao 0.0015 158 -206 604 0
migao 0.0013 42 -417 704 172
migao 0.0012 140 313 621 558
migao 0.0011 34 150 127 196
migao 0.0010 257 289 507 585
migao 0.0010 255 97 518 274
migao 0.0010 237 -178 313 26
wagui 0.0766 185 29 319 96
wagui 0.0121 168 -5 336 131
wagui 0.0114 202 -75 631 423
wagui 0.0065 338 154 436 217
wagui 0.0023 34 150 127 196
wagui 0.0020 3 202 544 434
wagui 0.0020 42 -417 704 172
wagui 0.0020 293 -250 473 44
wagui 0.0020 293 -152 456 -44
wagui 0.0018 356 185 443 236
wagui 0.0018 220 363 392 475
wagui 0.0018 186 -181 379 -64
wagui 0.0017 112 -301 630 65
wagui 0.0016 -11 48 49 101
wagui 0.0014 158 -206 604 0
wagui 0.0014 297 93 479 277
wagui 0.0012 102 6 181 46
wagui 0.0010 176 100 328 148
wagui 0.0010 -170 -262 322 123
