Kongrou 0.1980 172 6 443 379
Kongrou 0.0088 79 106 530 374
Kongrou 0.0038 244 395 455 491
Kongrou 0.0036 87 21 524 268
Kongrou 0.0032 284 -148 465 -46
Kongrou 0.0031 244 16 466 271
Kongrou 0.0028 294 -246 472 40
Kongrou 0.0028 250 287 465 586
Kongrou 0.0025 120 325 593 548
Kongrou 0.0021 192 -358 642 120
Kongrou 0.0020 187 357 378 481
Kongrou 0.0019 148 -207 614 0
Kongrou 0.0012 185 -180 380 -65
Kongrou 0.0012 226 -73 611 435
Kongrou 0.0010 1 226 217 504
Kongrou 0.0010 -97 199 348 565
Rouzaofun 0.0179 81 65 529 366
Rouzaofun 0.0033 244 395 455 491
Rouzaofun 0.0030 284 -148 465 -46
Rouzaofun 0.0025 120 325 593 548
Rouzaofun 0.0023 294 -246 472 40
Rouzaofun 0.0022 250 287 465 586
Rouzaofun 0.0019 174 -10 441 350
Rouzaofun 0.0016 171 -328 556 88
Rouzaofun 0.0016 148 -207 614 0
Rouzaofun 0.0016 27 -431 721 186
Rice_with_Shredded_Chicken 0.0305 86 46 525 337
Rice_with_Shredded_Chicken 0.0033 284 -148 465 -46
Rice_with_Shredded_Chicken 0.0028 244 395 455 491
Rice_with_Shredded_Chicken 0.0027 119 -295 620 59
Rice_with_Shredded_Chicken 0.0026 168 92 446 389
Rice_with_Shredded_Chicken 0.0024 27 -431 721 186
Rice_with_Shredded_Chicken 0.0022 294 -246 472 40
Rice_with_Shredded_Chicken 0.0021 120 325 593 548
Rice_with_Shredded_Chicken 0.0020 250 287 465 586
Rice_with_Shredded_Chicken 0.0011 212 1 450 287
Rice_with_Shredded_Chicken 0.0011 1 226 217 504
Rice_with_Shredded_Chicken 0.0011 -46 -334 485 100
Rice_with_Shredded_Chicken 0.0010 313 -32 692 365
migao 0.0870 86 46 525 337
migao 0.0046 244 395 455 491
migao 0.0044 212 1 450 287
migao 0.0040 168 92 446 389
migao 0.0037 284 -148 465 -46
migao 0.0028 250 287 465 586
migao 0.0028 119 -295 620 59
migao 0.0027 120 325 593 548
migao 0.0026 294 -246 472 40
migao 0.0019 27 -431 721 186
migao 0.0011 313 -32 692 365
wagui 0.0737 172 6 443 379
wagui 0.0035 79 106 530 374
wagui 0.0028 27 -431 721 186
wagui 0.0024 87 21 524 268
wagui 0.0023 284 -148 465 -46
wagui 0.0023 244 395 455 491
wagui 0.0021 120 325 593 548
wagui 0.0020 294 -246 472 40
wagui 0.0020 119 -295 620 59
wagui 0.0019 250 287 465 586
wagui 0.0018 313 -32 692 365
wagui 0.0018 185 -180 380 -65
wagui 0.0014 370 -18 637 158
wagui 0.0014 -46 -334 485 100
wagui 0.0012 187 357 378 481
wagui 0.0010 -76 -9 294 396
