Kongrou 0.0057 -19 263 295 954
Kongrou 0.0049 408 136 1130 996
Kongrou 0.0044 873 -100 1522 257
Kongrou 0.0031 486 375 959 904
Kongrou 0.0028 169 257 1369 876
Kongrou 0.0021 1127 730 1610 1104
Kongrou 0.0016 278 439 1104 840
Kongrou 0.0014 353 -751 1480 325
Kongrou 0.0014 -118 331 332 765
Kongrou 0.0013 -26 -14 487 125
Kongrou 0.0012 667 299 1147 858
Kongrou 0.0011 5 402 209 815
Rouzaofun 0.0129 874 -54 1524 318
Rouzaofun 0.0101 -19 263 295 954
Rouzaofun 0.0061 168 290 1372 961
Rouzaofun 0.0050 1127 730 1610 1104
Rouzaofun 0.0048 486 375 959 904
Rouzaofun 0.0030 278 439 1104 840
Rouzaofun 0.0028 410 169 1011 1069
Rouzaofun 0.0019 -26 -14 487 125
Rouzaofun 0.0018 -118 331 332 765
Rouzaofun 0.0015 5 402 209 815
Rouzaofun 0.0015 1318 902 1604 1054
Rouzaofun 0.0014 669 316 1145 902
Rouzaofun 0.0013 517 382 1296 775
Rouzaofun 0.0013 43 -109 513 488
Rouzaofun 0.0012 353 -751 1480 325
Rouzaofun 0.0012 630 -194 1764 342
Rouzaofun 0.0011 1270 748 1588 1027
Rouzaofun 0.0010 -60 293 153 988
Rice_with_Shredded_Chicken 0.0528 900 -112 1500 492
Rice_with_Shredded_Chicken 0.0134 423 172 1121 1067
Rice_with_Shredded_Chicken 0.0125 168 290 1372 961
Rice_with_Shredded_Chicken 0.0085 43 -109 513 488
Rice_with_Shredded_Chicken 0.0071 -19 263 295 954
Rice_with_Shredded_Chicken 0.0040 1127 730 1610 1104
Rice_with_Shredded_Chicken 0.0028 339 429 1105 850
Rice_with_Shredded_Chicken 0.0022 630 -194 1764 342
Rice_with_Shredded_Chicken 0.0015 -118 331 332 765
Rice_with_Shredded_Chicken 0.0014 353 -751 1480 325
Rice_with_Shredded_Chicken 0.0012 1318 902 1604 1054
Rice_with_Shredded_Chicken 0.0011 -26 -14 487 125
Rice_with_Shredded_Chicken 0.0010 517 382 1296 775
Rice_with_Shredded_Chicken 0.0010 5 402 209 815
migao 0.0151 168 290 1372 961
migao 0.0147 423 172 1121 1067
migao 0.0100 873 -100 1522 257
migao 0.0092 -19 263 295 954
migao 0.0039 339 429 1105 850
migao 0.0033 1127 730 1610 1104
migao 0.0023 -118 331 332 765
migao 0.0022 -26 -14 487 125
migao 0.0021 1318 902 1604 1054
migao 0.0015 630 -194 1764 342
migao 0.0013 360 -625 1481 206
migao 0.0012 517 382 1296 775
migao 0.0012 43 -109 513 488
migao 0.0011 5 402 209 815
migao 0.0010 667 299 1147 858
wagui 0.2476 423 172 1121 1067
wagui 0.1408 874 -54 1524 318
wagui 0.1050 168 290 1372 961
wagui 0.0127 43 -109 513 488
wagui 0.0123 -19 263 295 954
wagui 0.0060 1127 730 1610 1104
wagui 0.0055 -26 -14 487 125
wagui 0.0052 630 -194 1764 342
wagui 0.0037 1318 902 1604 1054
wagui 0.0036 486 375 959 904
wagui 0.0025 -118 331 332 765
wagui 0.0023 278 439 1104 840
wagui 0.0018 5 402 209 815
wagui 0.0014 438 -101 1101 627
wagui 0.0013 517 382 1296 775
wagui 0.0013 1270 748 1588 1027
wagui 0.0013 667 299 1147 858
wagui 0.0013 353 -751 1480 325
