Kongrou 0.0161 203 539 647 909
Kongrou 0.0092 614 1049 1112 1624
Kongrou 0.0026 14 411 802 1016
Kongrou 0.0017 490 1160 1270 1483
Kongrou 0.0016 30 1029 256 1157
Kongrou 0.0015 51 588 800 858
Kongrou 0.0014 635 959 1094 1379
Kongrou 0.0014 -36 757 736 1567
Kongrou 0.0014 508 816 1228 1867
Kongrou 0.0013 -14 -107 616 279
Rouzaofun 0.0122 203 539 647 909
Rouzaofun 0.0034 614 1049 1112 1624
Rouzaofun 0.0029 51 588 800 858
Rouzaofun 0.0022 490 1160 1270 1483
Rouzaofun 0.0019 30 1029 256 1157
Rouzaofun 0.0019 508 816 1228 1867
Rouzaofun 0.0013 18 944 583 1496
Rouzaofun 0.0013 -36 757 736 1567
Rouzaofun 0.0012 14 411 802 1016
Rouzaofun 0.0010 284 619 623 832
Rouzaofun 0.0010 11 1212 213 1428
Rice_with_Shredded_Chicken 0.0084 614 1049 1112 1624
Rice_with_Shredded_Chicken 0.0071 203 539 647 909
Rice_with_Shredded_Chicken 0.0022 14 411 802 1016
Rice_with_Shredded_Chicken 0.0022 51 588 800 858
Rice_with_Shredded_Chicken 0.0020 30 1029 256 1157
Rice_with_Shredded_Chicken 0.0016 508 816 1228 1867
Rice_with_Shredded_Chicken 0.0016 490 1160 1270 1483
Rice_with_Shredded_Chicken 0.0014 -36 757 736 1567
Rice_with_Shredded_Chicken 0.0012 635 959 1094 1379
Rice_with_Shredded_Chicken 0.0012 11 1212 213 1428
Rice_with_Shredded_Chicken 0.0011 -14 -107 616 279
Rice_with_Shredded_Chicken 0.0010 876 1171 1422 1618
migao 0.0144 203 539 647 909
migao 0.0073 614 1049 1112 1624
migao 0.0029 51 588 800 858
migao 0.0026 30 1029 256 1157
migao 0.0022 490 1160 1270 1483
migao 0.0021 14 411 802 1016
migao 0.0019 -36 757 736 1567
migao 0.0017 508 816 1228 1867
migao 0.0013 11 1212 213 1428
migao 0.0010 876 1171 1422 1618
wagui 0.0133 614 1049 1112 1624
wagui 0.0068 161 571 633 932
wagui 0.0050 30 1029 256 1157
wagui 0.0034 11 1212 213 1428
wagui 0.0029 -36 757 736 1567
wagui 0.0024 635 959 1094 1379
wagui 0.0019 508 816 1228 1867
wagui 0.0018 547 1156 1270 1487
wagui 0.0017 1 260 170 394
wagui 0.0016 228 1225 510 1417
wagui 0.0015 18 944 583 1496
wagui 0.0013 4 1179 165 1348
wagui 0.0012 -5 592 800 855
wagui 0.0011 186 1102 383 1256
wagui 0.0011 193 1197 374 1332
wagui 0.0011 14 411 802 1016
