Kongrou 0.0093 -119 604 711 1492
Kongrou 0.0080 277 572 688 876
Kongrou 0.0029 383 581 888 950
Kongrou 0.0022 620 707 914 856
Kongrou 0.0012 21 1171 261 1357
Kongrou 0.0011 -126 97 610 1215
Kongrou 0.0011 -580 -339 536 1125
Kongrou 0.0010 -174 1063 457 1465
Rouzaofun 0.0086 -119 604 711 1492
Rouzaofun 0.0053 620 707 914 856
Rouzaofun 0.0047 277 572 688 876
Rouzaofun 0.0022 383 581 888 950
Rouzaofun 0.0017 -174 1063 457 1465
Rouzaofun 0.0014 21 1171 261 1357
Rouzaofun 0.0013 -668 -19 643 801
Rouzaofun 0.0013 -126 97 610 1215
Rice_with_Shredded_Chicken 0.0091 -119 604 711 1492
Rice_with_Shredded_Chicken 0.0032 277 572 688 876
Rice_with_Shredded_Chicken 0.0028 620 707 914 856
Rice_with_Shredded_Chicken 0.0013 -126 97 610 1215
Rice_with_Shredded_Chicken 0.0013 -174 1063 457 1465
Rice_with_Shredded_Chicken 0.0012 -668 -19 643 801
Rice_with_Shredded_Chicken 0.0012 21 1171 261 1357
Rice_with_Shredded_Chicken 0.0011 383 581 888 950
migao 0.0118 -119 604 711 1492
migao 0.0063 277 572 688 876
migao 0.0060 620 707 914 856
migao 0.0026 383 581 888 950
migao 0.0013 -174 1063 457 1465
migao 0.0011 -126 97 610 1215
migao 0.0011 21 1171 261 1357
migao 0.0010 -580 -339 536 1125
wagui 0.0140 -119 604 711 1492
wagui 0.0050 620 707 914 856
wagui 0.0049 267 606 698 898
wagui 0.0023 21 1171 261 1357
wagui 0.0013 -174 1063 457 1465
wagui 0.0013 -126 97 610 1215
wagui 0.0012 -668 -19 643 801
