Kongrou 0.0225 11 77 215 401
Kongrou 0.0069 -27 140 235 330
Kongrou 0.0050 285 -155 464 -41
Kongrou 0.0047 195 360 371 478
Kongrou 0.0043 285 -257 480 50
Kongrou 0.0029 263 95 450 287
Kongrou 0.0029 185 -183 380 -63
Kongrou 0.0029 -81 78 328 383
Kongrou 0.0028 168 -209 594 2
Kongrou 0.0015 234 -185 317 33
Kongrou 0.0013 170 -339 665 98
Kongrou 0.0011 96 191 211 280
Kongrou 0.0011 -47 -80 270 467
Kongrou 0.0010 234 345 471 491
Rouzaofun 0.0150 -20 46 287 388
Rouzaofun 0.0087 -27 140 235 330
Rouzaofun 0.0080 20 97 187 372
Rouzaofun 0.0043 285 -155 464 -41
Rouzaofun 0.0036 285 -257 480 50
Rouzaofun 0.0025 234 -185 317 33
Rouzaofun 0.0025 168 -209 594 2
Rouzaofun 0.0014 150 -184 364 -61
Rouzaofun 0.0013 195 360 371 478
Rouzaofun 0.0013 77 -150 492 -3
Rouzaofun 0.0011 168 -323 559 83
Rouzaofun 0.0010 32 -432 717 186
Rouzaofun 0.0010 96 191 211 280
Rice_with_Shredded_Chicken 0.0186 11 77 215 401
Rice_with_Shredded_Chicken 0.0062 -27 140 235 330
Rice_with_Shredded_Chicken 0.0045 285 -155 464 -41
Rice_with_Shredded_Chicken 0.0034 285 -257 480 50
Rice_with_Shredded_Chicken 0.0026 168 -209 594 2
Rice_with_Shredded_Chicken 0.0023 -45 -7 270 490
Rice_with_Shredded_Chicken 0.0019 114 -302 628 67
Rice_with_Shredded_Chicken 0.0014 32 -432 717 186
Rice_with_Shredded_Chicken 0.0013 -110 -220 128 65
Rice_with_Shredded_Chicken 0.0011 234 -185 317 33
Rice_with_Shredded_Chicken 0.0010 260 375 491 509
Rice_with_Shredded_Chicken 0.0010 314 -189 436 41
Rice_with_Shredded_Chicken 0.0010 154 -4 679 353
migao 0.0311 -20 46 287 388
migao 0.0099 -27 140 235 330
migao 0.0063 20 97 187 372
migao 0.0052 285 -155 464 -41
migao 0.0040 285 -257 480 50
migao 0.0033 234 -185 317 33
migao 0.0028 168 -209 594 2
migao 0.0019 114 -302 628 67
migao 0.0017 195 360 371 478
migao 0.0013 314 -189 436 41
migao 0.0012 77 -150 492 -3
migao 0.0011 260 375 491 509
migao 0.0011 185 -183 380 -63
migao 0.0011 32 -432 717 186
migao 0.0010 236 119 415 277
migao 0.0010 -110 -220 128 65
wagui 0.0484 11 77 215 401
wagui 0.0089 -27 140 235 330
wagui 0.0063 -26 48 341 386
wagui 0.0038 185 -183 380 -63
wagui 0.0035 285 -257 480 50
wagui 0.0033 285 -155 464 -41
wagui 0.0032 195 360 371 478
wagui 0.0032 263 95 450 287
wagui 0.0026 168 -209 594 2
wagui 0.0018 154 -4 679 353
wagui 0.0017 32 -432 717 186
wagui 0.0016 234 -185 317 33
wagui 0.0016 -60 0 237 486
wagui 0.0014 114 -302 628 67
wagui 0.0011 96 191 211 280
