Kongrou 0.1310 224 84 1289 910
Kongrou 0.0192 942 -102 1421 473
Kongrou 0.0062 1282 447 1515 982
Kongrou 0.0027 721 -119 1639 486
Kongrou 0.0023 446 350 1230 947
Kongrou 0.0023 87 -87 1429 633
Kongrou 0.0022 653 -273 1104 -32
Kongrou 0.0022 311 39 902 790
Kongrou 0.0020 29 766 493 1104
Kongrou 0.0019 645 -494 1151 161
Kongrou 0.0017 703 189 1314 870
Kongrou 0.0014 378 -437 1409 104
Rouzaofun 0.0186 942 -102 1421 473
Rouzaofun 0.0177 224 84 1289 910
Rouzaofun 0.0063 1282 447 1515 982
Rouzaofun 0.0032 721 -119 1639 486
Rouzaofun 0.0025 25 -43 611 408
Rouzaofun 0.0020 653 -273 1104 -32
Rouzaofun 0.0019 -36 220 181 806
Rouzaofun 0.0015 645 -494 1151 161
Rouzaofun 0.0014 -8 339 151 687
Rouzaofun 0.0013 1171 525 1627 907
Rouzaofun 0.0013 378 -437 1409 104
Rouzaofun 0.0011 790 1106 968 1309
Rice_with_Shredded_Chicken 0.1012 224 84 1289 910
Rice_with_Shredded_Chicken 0.0578 942 -102 1421 473
Rice_with_Shredded_Chicken 0.0192 65 -53 679 418
Rice_with_Shredded_Chicken 0.0059 721 -119 1639 486
Rice_with_Shredded_Chicken 0.0052 1282 447 1515 982
Rice_with_Shredded_Chicken 0.0029 139 356 1371 1084
Rice_with_Shredded_Chicken 0.0021 653 -273 1104 -32
Rice_with_Shredded_Chicken 0.0015 645 -494 1151 161
Rice_with_Shredded_Chicken 0.0015 327 -611 1405 207
Rice_with_Shredded_Chicken 0.0014 -36 220 181 806
Rice_with_Shredded_Chicken 0.0013 1171 525 1627 907
Rice_with_Shredded_Chicken 0.0012 790 1106 968 1309
Rice_with_Shredded_Chicken 0.0012 73 -832 1682 413
Rice_with_Shredded_Chicken 0.0012 353 449 1201 962
Rice_with_Shredded_Chicken 0.0011 -8 339 151 687
migao 0.1602 224 84 1289 910
migao 0.0223 942 -102 1421 473
migao 0.0069 1282 447 1515 982
migao 0.0031 721 -119 1639 486
migao 0.0026 653 -273 1104 -32
migao 0.0025 65 -53 679 418
migao 0.0018 645 -494 1151 161
migao 0.0016 1171 525 1627 907
migao 0.0016 327 -611 1405 207
migao 0.0014 -8 339 151 687
migao 0.0012 -36 220 181 806
migao 0.0011 790 1106 968 1309
wagui 0.0413 65 -53 679 418
wagui 0.0108 224 84 1289 910
wagui 0.0072 1282 447 1515 982
wagui 0.0051 942 -102 1421 473
wagui 0.0019 -8 339 151 687
wagui 0.0016 -36 220 181 806
wagui 0.0015 721 -119 1639 486
wagui 0.0014 1171 525 1627 907
wagui 0.0014 -216 -95 857 461
wagui 0.0014 645 -494 1151 161
wagui 0.0014 73 -832 1682 413
wagui 0.0013 653 -273 1104 -32
wagui 0.0013 790 1106 968 1309
wagui 0.0011 327 -611 1405 207
wagui 0.0011 1292 485 1504 774
