Kongrou 0.0092 176 495 762 1270
Kongrou 0.0047 3 570 1040 1195
Kongrou 0.0024 -82 625 742 1760
Kongrou 0.0016 -8 1372 235 1499
Kongrou 0.0014 263 665 701 1067
Kongrou 0.0011 568 571 1448 1610
Rouzaofun 0.0020 -8 1372 235 1499
Rouzaofun 0.0017 -26 584 957 1182
Rouzaofun 0.0016 -82 625 742 1760
Rouzaofun 0.0012 -223 1249 448 1621
Rouzaofun 0.0011 263 665 701 1067
Rice_with_Shredded_Chicken 0.0036 -26 584 957 1182
Rice_with_Shredded_Chicken 0.0018 -114 711 786 1660
Rice_with_Shredded_Chicken 0.0018 -8 1372 235 1499
migao 0.0039 -26 584 957 1182
migao 0.0024 -82 625 742 1760
migao 0.0019 -8 1372 235 1499
wagui 0.0038 -8 1372 235 1499
wagui 0.0019 -114 711 786 1660
wagui 0.0015 -26 584 957 1182
