Kongrou 0.0374 132 -11 869 535
Kongrou 0.0296 302 -63 657 386
Kongrou 0.0048 449 667 721 824
Kongrou 0.0036 441 509 753 962
Kongrou 0.0034 664 425 980 742
Kongrou 0.0027 266 569 924 899
Kongrou 0.0013 853 -54 1011 431
Kongrou 0.0013 -53 39 264 339
Kongrou 0.0010 3 -30 207 445
Rouzaofun 0.0355 109 18 886 634
Rouzaofun 0.0041 449 667 721 824
Rouzaofun 0.0028 441 509 753 962
Rouzaofun 0.0028 266 569 924 899
Rouzaofun 0.0021 3 -30 207 445
Rouzaofun 0.0021 853 -54 1011 431
Rouzaofun 0.0019 -53 39 264 339
Rouzaofun 0.0019 664 425 980 742
Rouzaofun 0.0017 527 -173 1255 675
Rouzaofun 0.0013 302 -63 657 386
Rouzaofun 0.0012 793 43 1071 372
Rouzaofun 0.0011 9 47 163 214
Rice_with_Shredded_Chicken 0.0833 109 18 886 634
Rice_with_Shredded_Chicken 0.0044 449 667 721 824
Rice_with_Shredded_Chicken 0.0038 302 -63 657 386
Rice_with_Shredded_Chicken 0.0025 266 569 924 899
Rice_with_Shredded_Chicken 0.0024 441 509 753 962
Rice_with_Shredded_Chicken 0.0024 664 425 980 742
Rice_with_Shredded_Chicken 0.0016 527 -173 1255 675
Rice_with_Shredded_Chicken 0.0014 -53 39 264 339
Rice_with_Shredded_Chicken 0.0014 853 -54 1011 431
Rice_with_Shredded_Chicken 0.0014 144 -28 811 351
Rice_with_Shredded_Chicken 0.0012 3 -30 207 445
Rice_with_Shredded_Chicken 0.0011 178 -1 379 71
Rice_with_Shredded_Chicken 0.0010 793 43 1071 372
migao 0.0702 109 18 886 634
migao 0.0071 302 -63 657 386
migao 0.0058 449 667 721 824
migao 0.0035 441 509 753 962
migao 0.0033 664 425 980 742
migao 0.0031 266 569 924 899
migao 0.0021 527 -173 1255 675
migao 0.0021 144 -28 811 351
migao 0.0021 -53 39 264 339
migao 0.0017 853 -54 1011 431
migao 0.0015 793 43 1071 372
migao 0.0014 3 -30 207 445
migao 0.0013 178 -1 379 71
migao 0.0010 9 47 163 214
wagui 0.0334 109 18 886 634
wagui 0.0052 302 -63 657 386
wagui 0.0043 178 -1 379 71
wagui 0.0028 449 667 721 824
wagui 0.0027 441 509 753 962
wagui 0.0027 527 -173 1255 675
wagui 0.0026 803 13 1087 455
wagui 0.0022 853 -54 1011 431
wagui 0.0022 266 569 924 899
wagui 0.0021 9 47 163 214
wagui 0.0020 -53 39 264 339
wagui 0.0017 664 425 980 742
wagui 0.0017 3 -30 207 445
wagui 0.0014 908 26 994 197
wagui 0.0014 144 -28 811 351
wagui 0.0012 -8 535 145 654
wagui 0.0011 128 -312 1017 356
wagui 0.0010 629 3 1179 477
