Kongrou 0.0024 34 119 218 207
Kongrou 0.0023 69 99 184 226
Kongrou 0.0018 7 0 97 120
Kongrou 0.0016 95 145 144 177
Kongrou 0.0013 -24 18 129 104
Rouzaofun 0.0452 61 102 174 223
Rouzaofun 0.0255 7 0 97 120
Rouzaofun 0.0071 -24 18 129 104
Rouzaofun 0.0018 29 98 215 252
Rouzaofun 0.0011 95 145 144 177
Rouzaofun 0.0010 -45 135 14 233
Rice_with_Shredded_Chicken 0.0238 61 102 174 223
Rice_with_Shredded_Chicken 0.0202 7 0 97 120
Rice_with_Shredded_Chicken 0.0052 -24 18 129 104
Rice_with_Shredded_Chicken 0.0011 29 98 215 252
migao 0.0208 61 102 174 223
migao 0.0173 7 0 97 120
migao 0.0050 -24 18 129 104
migao 0.0014 95 145 144 177
wagui 0.3085 61 102 174 223
wagui 0.3009 11 -4 110 126
wagui 0.0309 -24 14 146 107
wagui 0.0128 29 98 215 252
wagui 0.0025 95 145 144 177
wagui 0.0010 -35 187 64 270
