Kongrou 0.0136 392 503 884 1032
Kongrou 0.0112 359 567 718 880
Kongrou 0.0073 -68 548 660 1549
Kongrou 0.0044 115 307 340 517
Kongrou 0.0037 899 654 1146 793
Kongrou 0.0023 202 462 1073 1079
Kongrou 0.0015 64 231 390 593
Kongrou 0.0013 670 707 919 915
Rouzaofun 0.0085 899 654 1146 793
Rouzaofun 0.0077 359 567 718 880
Rouzaofun 0.0075 -68 548 660 1549
Rouzaofun 0.0071 115 307 340 517
Rouzaofun 0.0025 64 231 390 593
Rouzaofun 0.0023 392 503 884 1032
Rouzaofun 0.0022 670 707 919 915
Rouzaofun 0.0013 -50 -145 644 314
Rouzaofun 0.0012 724 1352 927 1460
Rouzaofun 0.0011 765 432 1307 1007
Rice_with_Shredded_Chicken 0.0115 899 654 1146 793
Rice_with_Shredded_Chicken 0.0082 392 503 884 1032
Rice_with_Shredded_Chicken 0.0073 -68 548 660 1549
Rice_with_Shredded_Chicken 0.0060 115 307 340 517
Rice_with_Shredded_Chicken 0.0051 359 567 718 880
Rice_with_Shredded_Chicken 0.0022 202 462 1073 1079
Rice_with_Shredded_Chicken 0.0021 64 231 390 593
Rice_with_Shredded_Chicken 0.0012 724 1352 927 1460
Rice_with_Shredded_Chicken 0.0010 -50 -145 644 314
Rice_with_Shredded_Chicken 0.0010 780 480 1290 1067
Rice_with_Shredded_Chicken 0.0010 670 707 919 915
migao 0.0177 899 654 1146 793
migao 0.0110 -68 548 660 1549
migao 0.0103 359 567 718 880
migao 0.0081 115 307 340 517
migao 0.0064 392 503 884 1032
migao 0.0022 64 231 390 593
migao 0.0021 670 707 919 915
migao 0.0018 202 462 1073 1079
migao 0.0015 724 1352 927 1460
migao 0.0012 780 480 1290 1067
wagui 0.0207 899 654 1146 793
wagui 0.0148 115 307 340 517
wagui 0.0146 -68 548 660 1549
wagui 0.0049 359 567 718 880
wagui 0.0031 64 231 390 593
wagui 0.0028 724 1352 927 1460
wagui 0.0024 780 480 1290 1067
wagui 0.0016 392 503 884 1032
wagui 0.0013 670 707 919 915
wagui 0.0012 186 291 382 477
wagui 0.0011 853 525 1195 920
wagui 0.0010 570 281 1493 1148
