Kongrou 0.0163 520 630 982 1138
Kongrou 0.0084 607 785 1039 1174
Kongrou 0.0039 484 719 822 900
Kongrou 0.0036 448 683 914 993
Kongrou 0.0016 636 874 1011 1087
Kongrou 0.0013 -59 658 716 1728
Rouzaofun 0.0127 520 630 982 1138
Rouzaofun 0.0085 607 785 1039 1174
Rouzaofun 0.0038 484 719 822 900
Rouzaofun 0.0037 448 683 914 993
Rouzaofun 0.0021 636 874 1011 1087
Rouzaofun 0.0018 421 802 1166 1099
Rouzaofun 0.0012 -141 775 736 1549
Rouzaofun 0.0010 -63 542 122 682
Rice_with_Shredded_Chicken 0.0050 607 785 1039 1174
Rice_with_Shredded_Chicken 0.0023 484 719 822 900
Rice_with_Shredded_Chicken 0.0016 448 683 914 993
Rice_with_Shredded_Chicken 0.0012 421 802 1166 1099
Rice_with_Shredded_Chicken 0.0011 -150 720 818 1647
Rice_with_Shredded_Chicken 0.0011 524 612 981 1256
migao 0.0103 520 630 982 1138
migao 0.0084 607 785 1039 1174
migao 0.0038 484 719 822 900
migao 0.0033 448 683 914 993
migao 0.0015 -59 658 716 1728
migao 0.0015 421 802 1166 1099
migao 0.0014 636 874 1011 1087
migao 0.0010 -22 666 139 782
migao 0.0010 -63 542 122 682
wagui 0.0048 607 785 1039 1174
wagui 0.0045 484 719 822 900
wagui 0.0030 448 683 914 993
wagui 0.0023 -141 775 736 1549
wagui 0.0021 520 630 982 1138
wagui 0.0017 -22 666 139 782
wagui 0.0012 -63 542 122 682
