Kongrou 0.0308 229 423 823 1120
Kongrou 0.0078 25 494 1133 1046
Kongrou 0.0034 176 600 560 1017
Kongrou 0.0025 170 -9 763 749
Kongrou 0.0015 282 936 1270 1913
Kongrou 0.0013 2 119 1084 1372
Rouzaofun 0.0046 0 533 1052 1119
Rouzaofun 0.0035 176 600 560 1017
Rouzaofun 0.0012 17 49 909 688
Rouzaofun 0.0011 229 489 715 1157
Rouzaofun 0.0011 45 659 692 958
Rice_with_Shredded_Chicken 0.0057 267 416 892 1129
Rice_with_Shredded_Chicken 0.0048 25 494 1133 1046
Rice_with_Shredded_Chicken 0.0019 176 600 560 1017
Rice_with_Shredded_Chicken 0.0014 17 49 909 688
Rice_with_Shredded_Chicken 0.0012 282 936 1270 1913
migao 0.0098 0 533 1052 1119
migao 0.0031 176 600 560 1017
migao 0.0021 229 489 715 1157
migao 0.0019 17 49 909 688
migao 0.0013 282 936 1270 1913
migao 0.0011 45 659 692 958
wagui 0.0024 19 476 1030 1066
wagui 0.0019 176 600 560 1017
wagui 0.0014 17 49 909 688
wagui 0.0013 282 936 1270 1913
wagui 0.0010 -33 1068 147 1232
