Kongrou 0.0087 247 400 452 486
Kongrou 0.0076 284 -151 466 -45
Kongrou 0.0071 284 -252 482 45
Kongrou 0.0058 188 361 376 477
Kongrou 0.0057 255 279 461 593
Kongrou 0.0049 116 330 596 544
Kongrou 0.0045 165 -205 597 0
Kongrou 0.0021 175 -323 553 83
Kongrou 0.0016 19 -429 729 185
Kongrou 0.0015 34 -43 605 402
Kongrou 0.0012 112 191 630 660
Kongrou 0.0010 464 240 690 442
Rouzaofun 0.0073 284 -151 466 -45
Rouzaofun 0.0062 247 400 452 486
Rouzaofun 0.0056 284 -252 482 45
Rouzaofun 0.0044 116 330 596 544
Rouzaofun 0.0042 255 279 461 593
Rouzaofun 0.0040 165 -205 597 0
Rouzaofun 0.0019 175 -323 553 83
Rouzaofun 0.0019 19 -429 729 185
Rouzaofun 0.0012 12 -22 626 375
Rouzaofun 0.0011 -3 -218 219 14
Rouzaofun 0.0011 112 191 630 660
Rouzaofun 0.0010 188 361 376 477
Rice_with_Shredded_Chicken 0.0071 284 -151 466 -45
Rice_with_Shredded_Chicken 0.0054 284 -252 482 45
Rice_with_Shredded_Chicken 0.0049 247 400 452 486
Rice_with_Shredded_Chicken 0.0042 12 -22 626 375
Rice_with_Shredded_Chicken 0.0040 255 279 461 593
Rice_with_Shredded_Chicken 0.0040 165 -205 597 0
Rice_with_Shredded_Chicken 0.0039 116 330 596 544
Rice_with_Shredded_Chicken 0.0028 116 -292 624 57
Rice_with_Shredded_Chicken 0.0026 19 -429 729 185
Rice_with_Shredded_Chicken 0.0013 112 191 630 660
Rice_with_Shredded_Chicken 0.0013 124 -29 342 120
Rice_with_Shredded_Chicken 0.0012 -3 -218 219 14
migao 0.0092 247 400 452 486
migao 0.0083 284 -151 466 -45
migao 0.0063 284 -252 482 45
migao 0.0055 255 279 461 593
migao 0.0049 116 330 596 544
migao 0.0044 165 -205 597 0
migao 0.0031 116 -292 624 57
migao 0.0021 19 -429 729 185
migao 0.0017 188 361 376 477
migao 0.0016 12 -22 626 375
migao 0.0011 184 234 563 620
wagui 0.0051 284 -252 482 45
wagui 0.0049 284 -151 466 -45
wagui 0.0045 247 400 452 486
wagui 0.0042 12 -22 626 375
wagui 0.0041 165 -205 597 0
wagui 0.0039 124 -29 342 120
wagui 0.0037 116 330 596 544
wagui 0.0036 255 279 461 593
wagui 0.0032 188 361 376 477
wagui 0.0031 19 -429 729 185
wagui 0.0022 116 -292 624 57
wagui 0.0014 182 -179 383 -67
wagui 0.0012 -70 -39 320 297
wagui 0.0011 112 191 630 660
wagui 0.0011 -61 -321 502 87
