Kongrou 0.5651 106 37 815 442
Kongrou 0.0064 172 2 536 444
Kongrou 0.0032 351 15 727 488
Kongrou 0.0031 183 98 735 623
Kongrou 0.0022 -31 565 427 743
Kongrou 0.0021 424 -122 544 30
Kongrou 0.0018 356 -161 612 71
Kongrou 0.0017 29 -74 780 308
Kongrou 0.0016 32 -47 307 191
Kongrou 0.0012 181 101 448 359
Kongrou 0.0011 260 -13 630 342
Rouzaofun 0.0168 124 6 794 472
Rouzaofun 0.0042 30 -44 310 241
Rouzaofun 0.0026 424 -122 544 30
Rouzaofun 0.0021 356 -161 612 71
Rouzaofun 0.0015 109 134 520 325
Rouzaofun 0.0012 -31 565 427 743
Rouzaofun 0.0010 468 135 1062 713
Rice_with_Shredded_Chicken 0.0254 107 62 810 533
Rice_with_Shredded_Chicken 0.0236 30 -44 310 241
Rice_with_Shredded_Chicken 0.0028 424 -122 544 30
Rice_with_Shredded_Chicken 0.0018 356 -161 612 71
Rice_with_Shredded_Chicken 0.0017 -31 565 427 743
Rice_with_Shredded_Chicken 0.0011 468 135 1062 713
Rice_with_Shredded_Chicken 0.0011 -102 -51 441 252
Rice_with_Shredded_Chicken 0.0010 109 134 520 325
Rice_with_Shredded_Chicken 0.0010 63 44 581 406
migao 0.1764 106 37 815 442
migao 0.0033 30 -44 310 241
migao 0.0032 183 98 735 623
migao 0.0030 424 -122 544 30
migao 0.0021 356 -161 612 71
migao 0.0014 172 2 536 444
migao 0.0014 -31 565 427 743
migao 0.0013 109 134 520 325
migao 0.0010 351 -111 586 14
wagui 0.0251 30 -44 310 241
wagui 0.0156 106 37 815 442
wagui 0.0025 621 283 888 592
wagui 0.0023 424 -122 544 30
wagui 0.0020 468 135 1062 713
wagui 0.0017 356 -161 612 71
wagui 0.0016 -31 565 427 743
wagui 0.0014 -92 -78 428 220
wagui 0.0010 109 134 520 325
