Kongrou 0.1811 -55 13 494 361
Kongrou 0.0113 80 38 389 391
Kongrou 0.0069 286 -152 464 -44
Kongrou 0.0055 286 -257 479 50
Kongrou 0.0047 255 404 443 484
Kongrou 0.0040 194 363 371 476
Kongrou 0.0037 154 -205 609 -2
Kongrou 0.0031 257 283 458 590
Kongrou 0.0026 153 -183 361 -62
Kongrou 0.0025 115 329 598 543
Kongrou 0.0024 211 -300 628 71
Kongrou 0.0019 176 -23 657 369
Kongrou 0.0010 210 349 493 487
Kongrou 0.0010 -36 -347 474 107
Kongrou 0.0010 17 -429 732 183
Rouzaofun 0.0058 286 -152 464 -44
Rouzaofun 0.0057 -23 46 468 401
Rouzaofun 0.0045 286 -257 479 50
Rouzaofun 0.0032 255 404 443 484
Rouzaofun 0.0031 154 -205 609 -2
Rouzaofun 0.0024 257 283 458 590
Rouzaofun 0.0020 115 329 598 543
Rouzaofun 0.0016 199 -357 634 118
Rouzaofun 0.0012 153 -183 361 -62
Rouzaofun 0.0012 17 -429 732 183
Rouzaofun 0.0010 237 -185 313 33
Rouzaofun 0.0010 -119 91 146 542
Rice_with_Shredded_Chicken 0.0061 286 -152 464 -44
Rice_with_Shredded_Chicken 0.0051 -23 46 468 401
Rice_with_Shredded_Chicken 0.0043 286 -257 479 50
Rice_with_Shredded_Chicken 0.0032 154 -205 609 -2
Rice_with_Shredded_Chicken 0.0029 255 404 443 484
Rice_with_Shredded_Chicken 0.0023 257 283 458 590
Rice_with_Shredded_Chicken 0.0021 211 -300 628 71
Rice_with_Shredded_Chicken 0.0018 115 329 598 543
Rice_with_Shredded_Chicken 0.0017 17 -429 732 183
Rice_with_Shredded_Chicken 0.0015 -36 -347 474 107
migao 0.0576 -23 46 468 401
migao 0.0071 286 -152 464 -44
migao 0.0050 286 -257 479 50
migao 0.0049 255 404 443 484
migao 0.0036 154 -205 609 -2
migao 0.0031 257 283 458 590
migao 0.0024 115 329 598 543
migao 0.0021 211 -300 628 71
migao 0.0013 17 -429 732 183
migao 0.0013 237 -185 313 33
migao 0.0013 194 363 371 476
migao 0.0011 176 -23 657 369
migao 0.0011 -36 -347 474 107
migao 0.0010 243 369 508 514
wagui 0.0775 -55 13 494 361
wagui 0.0118 80 38 389 391
wagui 0.0044 286 -152 464 -44
wagui 0.0041 286 -257 479 50
wagui 0.0034 154 -205 609 -2
wagui 0.0030 255 404 443 484
wagui 0.0027 176 -23 657 369
wagui 0.0026 194 363 371 476
wagui 0.0023 153 -183 361 -62
wagui 0.0021 257 283 458 590
wagui 0.0021 17 -429 732 183
wagui 0.0020 199 -357 634 118
wagui 0.0019 -36 -347 474 107
wagui 0.0019 115 329 598 543
wagui 0.0011 -119 91 146 542
