Kongrou 0.0255 486 585 1018 956
Kongrou 0.0054 -105 682 808 1526
Kongrou 0.0037 272 485 1227 1053
Kongrou 0.0029 485 702 765 861
Kongrou 0.0018 212 70 1136 969
Kongrou 0.0018 270 1189 524 1339
Kongrou 0.0017 454 404 965 760
Kongrou 0.0013 -378 -362 599 485
Kongrou 0.0011 526 -3 1489 1252
Kongrou 0.0010 -298 282 719 1181
Rouzaofun 0.0067 -105 682 808 1526
Rouzaofun 0.0039 486 585 1018 956
Rouzaofun 0.0026 485 702 765 861
Rouzaofun 0.0020 247 1158 489 1315
Rouzaofun 0.0017 -378 -362 599 485
Rouzaofun 0.0016 454 404 965 760
Rouzaofun 0.0016 69 1064 724 1463
Rouzaofun 0.0014 272 485 1227 1053
Rouzaofun 0.0011 525 -55 892 481
Rouzaofun 0.0011 526 -3 1489 1252
Rice_with_Shredded_Chicken 0.0066 486 585 1018 956
Rice_with_Shredded_Chicken 0.0060 -105 682 808 1526
Rice_with_Shredded_Chicken 0.0020 272 485 1227 1053
Rice_with_Shredded_Chicken 0.0020 270 1189 524 1339
Rice_with_Shredded_Chicken 0.0016 -378 -362 599 485
Rice_with_Shredded_Chicken 0.0012 485 702 765 861
Rice_with_Shredded_Chicken 0.0012 69 1064 724 1463
Rice_with_Shredded_Chicken 0.0010 385 -280 1626 1533
Rice_with_Shredded_Chicken 0.0010 454 404 965 760
migao 0.0098 486 585 1018 956
migao 0.0086 -105 682 808 1526
migao 0.0026 272 485 1227 1053
migao 0.0024 485 702 765 861
migao 0.0020 270 1189 524 1339
migao 0.0013 -378 -362 599 485
migao 0.0012 454 404 965 760
migao 0.0011 69 1064 724 1463
migao 0.0010 212 70 1136 969
migao 0.0010 -298 282 719 1181
migao 0.0010 504 -64 855 490
wagui 0.0120 -105 682 808 1526
wagui 0.0042 247 1158 489 1315
wagui 0.0023 485 702 765 861
wagui 0.0021 486 585 1018 956
wagui 0.0012 69 1064 724 1463
wagui 0.0012 -496 -521 696 624
wagui 0.0011 454 404 965 760
