Kongrou 0.0157 128 542 699 1336
Kongrou 0.0105 -44 493 1131 1238
Kongrou 0.0041 455 456 937 1196
Kongrou 0.0023 0 1046 591 1628
Kongrou 0.0017 96 725 526 1178
Kongrou 0.0013 -145 6 1240 1490
Rouzaofun 0.0025 -81 683 900 1311
Rouzaofun 0.0019 0 1046 591 1628
Rouzaofun 0.0018 96 725 526 1178
Rouzaofun 0.0011 122 523 1153 1127
Rice_with_Shredded_Chicken 0.0038 -96 638 915 1245
Rice_with_Shredded_Chicken 0.0026 128 542 699 1336
Rice_with_Shredded_Chicken 0.0018 0 1046 591 1628
Rice_with_Shredded_Chicken 0.0012 122 523 1153 1127
Rice_with_Shredded_Chicken 0.0011 455 456 937 1196
migao 0.0050 -96 638 915 1245
migao 0.0033 128 542 699 1336
migao 0.0016 85 1042 613 1633
migao 0.0014 96 725 526 1178
migao 0.0011 122 523 1153 1127
migao 0.0010 -22 336 1114 1393
migao 0.0010 -186 980 782 1688
migao 0.0010 455 456 937 1196
wagui 0.0029 0 1046 591 1628
wagui 0.0015 -96 638 915 1245
wagui 0.0012 96 725 526 1178
