Kongrou 0.3586 35 -17 509 274
Kongrou 0.0074 199 -61 465 297
Kongrou 0.0048 288 -154 461 -43
Kongrou 0.0039 286 -250 479 44
Kongrou 0.0034 246 396 453 490
Kongrou 0.0030 192 361 372 477
Kongrou 0.0026 169 -208 593 2
Kongrou 0.0021 113 325 600 549
Kongrou 0.0021 259 288 457 583
Kongrou 0.0015 30 -126 616 194
Kongrou 0.0015 99 -52 417 196
Kongrou 0.0014 182 -343 656 102
Kongrou 0.0011 150 -181 365 -65
Kongrou 0.0010 11 -423 739 176
Rouzaofun 0.0104 35 -17 509 274
Rouzaofun 0.0042 288 -154 461 -43
Rouzaofun 0.0032 286 -250 479 44
Rouzaofun 0.0030 246 396 453 490
Rouzaofun 0.0023 169 -208 593 2
Rouzaofun 0.0022 113 325 600 549
Rouzaofun 0.0019 521 191 647 377
Rouzaofun 0.0015 259 288 457 583
Rouzaofun 0.0012 67 68 571 386
Rouzaofun 0.0011 11 -423 739 176
Rouzaofun 0.0011 165 -324 562 83
Rouzaofun 0.0010 30 -126 616 194
Rouzaofun 0.0010 401 -62 703 397
Rice_with_Shredded_Chicken 0.0174 35 -17 509 274
Rice_with_Shredded_Chicken 0.0045 67 68 571 386
Rice_with_Shredded_Chicken 0.0043 288 -154 461 -43
Rice_with_Shredded_Chicken 0.0031 286 -250 479 44
Rice_with_Shredded_Chicken 0.0023 169 -208 593 2
Rice_with_Shredded_Chicken 0.0022 246 396 453 490
Rice_with_Shredded_Chicken 0.0019 113 325 600 549
Rice_with_Shredded_Chicken 0.0016 11 -423 739 176
Rice_with_Shredded_Chicken 0.0014 259 288 457 583
Rice_with_Shredded_Chicken 0.0013 182 -343 656 102
Rice_with_Shredded_Chicken 0.0010 401 -62 703 397
migao 0.1358 35 -17 509 274
migao 0.0050 288 -154 461 -43
migao 0.0041 246 396 453 490
migao 0.0035 286 -250 479 44
migao 0.0025 169 -208 593 2
migao 0.0024 113 325 600 549
migao 0.0021 259 288 457 583
migao 0.0019 67 68 571 386
migao 0.0015 199 -61 465 297
migao 0.0013 401 -62 703 397
migao 0.0012 196 -308 644 79
migao 0.0012 11 -423 739 176
migao 0.0010 235 -196 316 44
migao 0.0010 521 191 647 377
wagui 0.0226 35 -17 509 274
wagui 0.0032 288 -154 461 -43
wagui 0.0029 286 -250 479 44
wagui 0.0025 169 -208 593 2
wagui 0.0019 11 -423 739 176
wagui 0.0017 401 -62 703 397
wagui 0.0015 113 325 600 549
wagui 0.0015 246 396 453 490
wagui 0.0013 150 -181 365 -65
wagui 0.0013 67 68 571 386
wagui 0.0013 259 288 457 583
wagui 0.0013 143 319 237 373
wagui 0.0012 182 -343 656 102
