Kongrou 0.0068 197 1 472 288
Kongrou 0.0062 14 10 581 368
Kongrou 0.0020 169 139 451 427
Kongrou 0.0019 175 395 353 503
Kongrou 0.0016 152 -248 536 139
Kongrou 0.0013 261 337 411 643
Kongrou 0.0012 112 413 320 566
Kongrou 0.0012 106 214 671 688
Kongrou 0.0011 18 -303 679 188
Kongrou 0.0011 270 -83 432 10
Kongrou 0.0010 272 399 386 586
Kongrou 0.0010 233 280 555 633
Kongrou 0.0010 259 424 398 518
Rouzaofun 0.0217 67 118 531 429
Rouzaofun 0.0072 174 160 448 448
Rouzaofun 0.0022 112 413 320 566
Rouzaofun 0.0015 152 -248 536 139
Rouzaofun 0.0013 272 399 386 586
Rouzaofun 0.0012 261 337 411 643
Rouzaofun 0.0012 175 395 353 503
Rouzaofun 0.0011 18 -303 679 188
Rouzaofun 0.0011 108 31 558 260
Rouzaofun 0.0010 270 -83 432 10
Rouzaofun 0.0010 176 382 495 595
Rouzaofun 0.0010 77 323 527 673
Rice_with_Shredded_Chicken 0.0066 84 37 509 417
Rice_with_Shredded_Chicken 0.0056 141 139 435 428
Rice_with_Shredded_Chicken 0.0024 85 -211 606 99
Rice_with_Shredded_Chicken 0.0021 112 413 320 566
Rice_with_Shredded_Chicken 0.0018 18 -303 679 188
Rice_with_Shredded_Chicken 0.0015 272 399 386 586
Rice_with_Shredded_Chicken 0.0014 172 9 453 278
Rice_with_Shredded_Chicken 0.0011 261 337 411 643
Rice_with_Shredded_Chicken 0.0011 77 323 527 673
Rice_with_Shredded_Chicken 0.0010 176 382 495 595
migao 0.0202 35 35 561 425
migao 0.0059 141 139 435 428
migao 0.0022 197 1 472 288
migao 0.0022 85 -211 606 99
migao 0.0020 272 399 386 586
migao 0.0014 261 337 411 643
migao 0.0013 270 -83 432 10
migao 0.0013 112 413 320 566
migao 0.0013 18 -303 679 188
migao 0.0012 259 424 398 518
migao 0.0012 106 214 671 688
migao 0.0010 233 280 555 633
migao 0.0010 176 382 495 595
wagui 0.3237 35 35 561 425
wagui 0.0324 141 139 435 428
wagui 0.0213 197 1 472 288
wagui 0.0020 18 -303 679 188
wagui 0.0018 85 -211 606 99
wagui 0.0015 112 413 320 566
wagui 0.0012 77 323 527 673
wagui 0.0010 261 337 411 643
wagui 0.0010 204 400 370 498
