Kongrou 0.4699 -22 -17 464 375
Kongrou 0.0087 240 396 458 490
Kongrou 0.0057 286 -146 463 -49
Kongrou 0.0048 137 321 575 551
Kongrou 0.0046 288 -252 477 45
Kongrou 0.0046 240 289 476 583
Kongrou 0.0038 192 360 373 479
Kongrou 0.0033 152 -201 610 -5
Kongrou 0.0023 185 -182 381 -64
Kongrou 0.0020 317 -32 688 365
Kongrou 0.0020 198 -351 636 111
Kongrou 0.0013 119 -50 397 337
Kongrou 0.0012 19 -430 730 185
Kongrou 0.0012 -35 -68 579 239
Kongrou 0.0010 236 -189 315 37
Kongrou 0.0010 -7 120 559 431
Rouzaofun 0.0186 57 -25 479 393
Rouzaofun 0.0076 240 396 458 490
Rouzaofun 0.0049 137 321 575 551
Rouzaofun 0.0045 286 -146 463 -49
Rouzaofun 0.0036 288 -252 477 45
Rouzaofun 0.0033 240 289 476 583
Rouzaofun 0.0027 152 -201 610 -5
Rouzaofun 0.0018 236 -189 315 37
Rouzaofun 0.0015 180 -323 547 82
Rouzaofun 0.0015 19 -430 730 185
Rouzaofun 0.0013 362 -32 690 365
Rouzaofun 0.0012 192 360 373 479
Rouzaofun 0.0010 185 -182 381 -64
Rice_with_Shredded_Chicken 0.0141 57 -25 479 393
Rice_with_Shredded_Chicken 0.0060 240 396 458 490
Rice_with_Shredded_Chicken 0.0045 286 -146 463 -49
Rice_with_Shredded_Chicken 0.0039 137 321 575 551
Rice_with_Shredded_Chicken 0.0036 288 -252 477 45
Rice_with_Shredded_Chicken 0.0031 240 289 476 583
Rice_with_Shredded_Chicken 0.0028 152 -201 610 -5
Rice_with_Shredded_Chicken 0.0020 19 -430 730 185
Rice_with_Shredded_Chicken 0.0017 180 -323 547 82
Rice_with_Shredded_Chicken 0.0016 317 -32 688 365
migao 0.1268 -22 -17 464 375
migao 0.0099 240 396 458 490
migao 0.0058 286 -146 463 -49
migao 0.0052 137 321 575 551
migao 0.0046 240 289 476 583
migao 0.0041 288 -252 477 45
migao 0.0031 152 -201 610 -5
migao 0.0025 317 -32 688 365
migao 0.0023 236 -189 315 37
migao 0.0017 198 -351 636 111
migao 0.0016 19 -430 730 185
migao 0.0011 192 360 373 479
migao 0.0011 317 -191 433 43
migao 0.0010 78 -147 492 -7
wagui 0.1152 -22 -17 464 375
wagui 0.0035 240 396 458 490
wagui 0.0034 286 -146 463 -49
wagui 0.0033 317 -32 688 365
wagui 0.0033 288 -252 477 45
wagui 0.0032 137 321 575 551
wagui 0.0031 240 289 476 583
wagui 0.0030 185 -182 381 -64
wagui 0.0028 152 -201 610 -5
wagui 0.0025 19 -430 730 185
wagui 0.0021 192 360 373 479
wagui 0.0016 198 -351 636 111
wagui 0.0014 236 -189 315 37
wagui 0.0010 -56 -326 496 90
