Kongrou 0.0167 84 100 337 331
Kongrou 0.0151 192 -46 519 377
Kongrou 0.0137 53 51 129 343
Kongrou 0.0093 152 141 277 280
Kongrou 0.0069 9 133 175 288
Kongrou 0.0040 280 -150 468 -46
Kongrou 0.0040 264 224 361 294
Kongrou 0.0034 288 -261 477 55
Kongrou 0.0033 39 -35 380 471
Kongrou 0.0031 139 309 242 357
Kongrou 0.0024 -44 64 483 400
Kongrou 0.0022 172 -206 589 0
Kongrou 0.0020 124 290 281 352
Kongrou 0.0013 154 -182 361 -64
Kongrou 0.0012 -13 -205 227 4
Kongrou 0.0012 85 258 221 309
Kongrou 0.0011 236 -201 315 51
Rouzaofun 0.0161 53 51 129 343
Rouzaofun 0.0141 192 -46 519 377
Rouzaofun 0.0113 264 224 361 294
Rouzaofun 0.0108 152 141 277 280
Rouzaofun 0.0100 84 100 337 331
Rouzaofun 0.0096 9 133 175 288
Rouzaofun 0.0071 139 309 242 357
Rouzaofun 0.0063 124 290 281 352
Rouzaofun 0.0048 85 258 221 309
Rouzaofun 0.0034 280 -150 468 -46
Rouzaofun 0.0034 39 -35 380 471
Rouzaofun 0.0030 258 256 368 311
Rouzaofun 0.0028 -44 64 483 400
Rouzaofun 0.0027 288 -261 477 55
Rouzaofun 0.0020 172 -206 589 0
Rouzaofun 0.0016 242 186 386 334
Rouzaofun 0.0016 236 -201 315 51
Rouzaofun 0.0012 -13 -205 227 4
Rouzaofun 0.0011 -94 -137 114 128
Rouzaofun 0.0011 43 127 116 293
Rouzaofun 0.0011 -48 58 221 378
Rouzaofun 0.0011 104 258 302 384
Rouzaofun 0.0010 83 -145 488 -7
Rouzaofun 0.0010 62 111 145 286
Rice_with_Shredded_Chicken 0.0213 192 -46 519 377
Rice_with_Shredded_Chicken 0.0194 84 100 337 331
Rice_with_Shredded_Chicken 0.0146 53 51 129 343
Rice_with_Shredded_Chicken 0.0131 264 224 361 294
Rice_with_Shredded_Chicken 0.0091 152 141 277 280
Rice_with_Shredded_Chicken 0.0088 85 258 221 309
Rice_with_Shredded_Chicken 0.0074 139 309 242 357
Rice_with_Shredded_Chicken 0.0074 9 133 175 288
Rice_with_Shredded_Chicken 0.0056 124 290 281 352
Rice_with_Shredded_Chicken 0.0041 258 256 368 311
Rice_with_Shredded_Chicken 0.0035 280 -150 468 -46
Rice_with_Shredded_Chicken 0.0034 39 -35 380 471
Rice_with_Shredded_Chicken 0.0027 288 -261 477 55
Rice_with_Shredded_Chicken 0.0020 -44 64 483 400
Rice_with_Shredded_Chicken 0.0020 172 -206 589 0
Rice_with_Shredded_Chicken 0.0013 -13 -205 227 4
Rice_with_Shredded_Chicken 0.0012 82 258 288 421
Rice_with_Shredded_Chicken 0.0012 242 186 386 334
migao 0.0270 192 -46 519 377
migao 0.0241 84 100 337 331
migao 0.0204 53 51 129 343
migao 0.0186 264 224 361 294
migao 0.0121 139 309 242 357
migao 0.0120 152 141 277 280
migao 0.0098 9 133 175 288
migao 0.0089 85 258 221 309
migao 0.0078 124 290 281 352
migao 0.0050 258 256 368 311
migao 0.0042 280 -150 468 -46
migao 0.0040 39 -35 380 471
migao 0.0030 288 -261 477 55
migao 0.0022 236 -201 315 51
migao 0.0022 172 -206 589 0
migao 0.0017 -44 64 483 400
migao 0.0014 -48 58 221 378
migao 0.0011 -13 -205 227 4
migao 0.0010 83 -145 488 -7
migao 0.0010 314 -196 434 47
wagui 0.0374 264 224 361 294
wagui 0.0324 85 258 221 309
wagui 0.0323 192 -46 519 377
wagui 0.0283 84 100 337 331
wagui 0.0278 139 309 242 357
wagui 0.0176 53 51 129 343
wagui 0.0143 124 290 281 352
wagui 0.0140 152 141 277 280
wagui 0.0129 258 256 368 311
wagui 0.0100 9 133 175 288
wagui 0.0036 39 -35 380 471
wagui 0.0027 280 -150 468 -46
wagui 0.0025 288 -261 477 55
wagui 0.0020 172 -206 589 0
wagui 0.0020 136 232 243 285
wagui 0.0016 -44 64 483 400
wagui 0.0015 188 -183 378 -63
wagui 0.0014 242 186 386 334
wagui 0.0013 -48 58 221 378
wagui 0.0013 91 265 290 402
wagui 0.0012 236 -201 315 51
wagui 0.0011 272 275 380 317
