Kongrou 0.0068 -7 131 93 362
Kongrou 0.0052 254 401 445 486
Kongrou 0.0041 262 277 452 594
Kongrou 0.0036 206 -363 627 123
Kongrou 0.0035 280 -142 468 -52
Kongrou 0.0034 94 331 619 542
Kongrou 0.0033 293 -251 472 45
Kongrou 0.0032 296 -40 515 182
Kongrou 0.0025 190 363 374 476
Kongrou 0.0022 143 -203 620 -2
Kongrou 0.0017 -57 172 143 323
Kongrou 0.0015 -3 -441 754 195
Kongrou 0.0010 -6 196 166 372
Kongrou 0.0010 -3 166 114 279
Kongrou 0.0010 -177 -277 327 135
Rouzaofun 0.0063 -7 131 93 362
Rouzaofun 0.0045 322 -32 536 174
Rouzaofun 0.0039 254 401 445 486
Rouzaofun 0.0032 280 -142 468 -52
Rouzaofun 0.0031 94 331 619 542
Rouzaofun 0.0029 262 277 452 594
Rouzaofun 0.0026 293 -251 472 45
Rouzaofun 0.0026 192 -372 643 134
Rouzaofun 0.0024 -57 172 143 323
Rouzaofun 0.0018 143 -203 620 -2
Rouzaofun 0.0018 -3 -441 754 195
Rouzaofun 0.0016 34 12 285 322
Rouzaofun 0.0012 -61 38 381 349
Rouzaofun 0.0010 246 -57 611 197
Rouzaofun 0.0010 -3 166 114 279
Rouzaofun 0.0010 -177 -277 327 135
Rice_with_Shredded_Chicken 0.0044 -7 131 93 362
Rice_with_Shredded_Chicken 0.0034 254 401 445 486
Rice_with_Shredded_Chicken 0.0033 192 -372 643 134
Rice_with_Shredded_Chicken 0.0032 280 -142 468 -52
Rice_with_Shredded_Chicken 0.0029 94 331 619 542
Rice_with_Shredded_Chicken 0.0029 262 277 452 594
Rice_with_Shredded_Chicken 0.0026 -3 -441 754 195
Rice_with_Shredded_Chicken 0.0026 293 -251 472 45
Rice_with_Shredded_Chicken 0.0023 -57 172 143 323
Rice_with_Shredded_Chicken 0.0020 143 -203 620 -2
Rice_with_Shredded_Chicken 0.0014 34 12 285 322
Rice_with_Shredded_Chicken 0.0013 -61 38 381 349
Rice_with_Shredded_Chicken 0.0012 303 69 509 263
Rice_with_Shredded_Chicken 0.0011 -177 -277 327 135
Rice_with_Shredded_Chicken 0.0010 -58 -356 496 120
Rice_with_Shredded_Chicken 0.0010 296 -40 515 182
migao 0.0061 -7 131 93 362
migao 0.0058 254 401 445 486
migao 0.0040 280 -142 468 -52
migao 0.0038 262 277 452 594
migao 0.0035 94 331 619 542
migao 0.0032 110 -296 630 59
migao 0.0030 293 -251 472 45
migao 0.0028 -57 172 143 323
migao 0.0022 -3 -441 754 195
migao 0.0022 322 -32 536 174
migao 0.0012 -61 38 381 349
wagui 0.0099 34 12 285 322
wagui 0.0049 -7 131 93 362
wagui 0.0042 -61 38 381 349
wagui 0.0033 -3 -441 754 195
wagui 0.0030 206 -363 627 123
wagui 0.0029 254 401 445 486
wagui 0.0027 280 -142 468 -52
wagui 0.0027 262 277 452 594
wagui 0.0026 94 331 619 542
wagui 0.0024 296 -40 515 182
wagui 0.0023 -57 172 143 323
wagui 0.0023 293 -251 472 45
wagui 0.0021 143 -203 620 -2
wagui 0.0019 27 27 245 209
wagui 0.0013 303 69 509 263
wagui 0.0012 190 363 374 476
wagui 0.0012 485 113 610 159
wagui 0.0012 -58 -356 496 120
wagui 0.0012 184 -179 382 -67
wagui 0.0011 -6 196 166 372
