Kongrou 0.0306 212 550 727 1324
Kongrou 0.0113 230 728 677 1173
Kongrou 0.0068 11 597 920 1173
Kongrou 0.0035 51 756 800 1089
Kongrou 0.0019 25 1083 677 1594
Kongrou 0.0015 -129 -31 1227 833
Kongrou 0.0012 -578 -446 534 1236
Kongrou 0.0011 -614 30 592 750
Kongrou 0.0010 -195 282 339 1255
Rouzaofun 0.0123 230 728 677 1173
Rouzaofun 0.0053 51 756 800 1089
Rouzaofun 0.0040 9 623 922 1256
Rouzaofun 0.0012 -614 30 592 750
Rouzaofun 0.0012 25 1083 677 1594
Rouzaofun 0.0011 -578 -446 534 1236
Rouzaofun 0.0010 -195 282 339 1255
Rice_with_Shredded_Chicken 0.0074 9 623 922 1256
Rice_with_Shredded_Chicken 0.0061 230 728 677 1173
Rice_with_Shredded_Chicken 0.0039 51 756 800 1089
Rice_with_Shredded_Chicken 0.0018 25 1083 677 1594
Rice_with_Shredded_Chicken 0.0011 -129 -31 1227 833
Rice_with_Shredded_Chicken 0.0011 -195 282 339 1255
Rice_with_Shredded_Chicken 0.0011 -578 -446 534 1236
Rice_with_Shredded_Chicken 0.0010 -614 30 592 750
migao 0.0133 9 623 922 1256
migao 0.0116 230 728 677 1173
migao 0.0055 51 756 800 1089
migao 0.0013 25 1083 677 1594
migao 0.0010 -195 282 339 1255
wagui 0.0061 230 728 677 1173
wagui 0.0036 51 756 800 1089
wagui 0.0033 25 1083 677 1594
wagui 0.0019 9 623 922 1256
wagui 0.0012 -578 -446 534 1236
wagui 0.0011 -614 30 592 750
wagui 0.0011 -195 282 339 1255
