Kongrou 0.0722 140 47 376 410
Kongrou 0.0216 22 104 444 400
Kongrou 0.0088 339 31 521 378
Kongrou 0.0082 487 -36 722 195
Kongrou 0.0056 558 -32 661 203
Kongrou 0.0054 402 -70 801 233
Kongrou 0.0044 574 23 644 148
Kongrou 0.0035 263 69 595 337
Kongrou 0.0033 380 136 541 355
Kongrou 0.0022 5 14 626 471
Kongrou 0.0017 364 -154 861 334
Kongrou 0.0011 308 118 565 274
Kongrou 0.0010 486 -158 714 72
Rouzaofun 0.0107 57 101 456 403
Rouzaofun 0.0106 487 -36 722 195
Rouzaofun 0.0076 402 -70 801 233
Rouzaofun 0.0059 574 23 644 148
Rouzaofun 0.0055 558 -32 661 203
Rouzaofun 0.0034 380 136 541 355
Rouzaofun 0.0023 359 79 513 313
Rouzaofun 0.0017 364 -154 861 334
Rouzaofun 0.0015 308 118 565 274
Rouzaofun 0.0011 340 165 606 326
Rouzaofun 0.0010 -1 448 270 597
Rouzaofun 0.0010 486 -158 714 72
Rice_with_Shredded_Chicken 0.0249 56 84 456 373
Rice_with_Shredded_Chicken 0.0104 487 -36 722 195
Rice_with_Shredded_Chicken 0.0075 117 41 351 415
Rice_with_Shredded_Chicken 0.0066 402 -70 801 233
Rice_with_Shredded_Chicken 0.0063 558 -32 661 203
Rice_with_Shredded_Chicken 0.0062 574 23 644 148
Rice_with_Shredded_Chicken 0.0020 380 136 541 355
Rice_with_Shredded_Chicken 0.0018 364 -154 861 334
Rice_with_Shredded_Chicken 0.0015 263 69 595 337
Rice_with_Shredded_Chicken 0.0015 27 -5 514 494
Rice_with_Shredded_Chicken 0.0013 339 31 521 378
Rice_with_Shredded_Chicken 0.0012 486 -158 714 72
Rice_with_Shredded_Chicken 0.0011 308 118 565 274
migao 0.0393 56 84 456 373
migao 0.0091 487 -36 722 195
migao 0.0076 117 41 351 415
migao 0.0076 402 -70 801 233
migao 0.0069 574 23 644 148
migao 0.0062 558 -32 661 203
migao 0.0030 380 136 541 355
migao 0.0028 27 -5 514 494
migao 0.0028 263 69 595 337
migao 0.0027 339 31 521 378
migao 0.0017 308 118 565 274
migao 0.0016 364 -154 861 334
migao 0.0012 486 -158 714 72
migao 0.0010 340 165 606 326
wagui 0.0195 487 -36 722 195
wagui 0.0099 402 -70 801 233
wagui 0.0093 574 23 644 148
wagui 0.0080 56 84 456 373
wagui 0.0078 558 -32 661 203
wagui 0.0025 117 41 351 415
wagui 0.0020 380 136 541 355
wagui 0.0020 364 -154 861 334
wagui 0.0011 359 79 513 313
wagui 0.0011 486 -158 714 72
wagui 0.0010 308 118 565 274
