Kongrou 0.0129 278 585 771 1293
Kongrou 0.0075 307 710 715 1134
Kongrou 0.0051 -93 773 793 1551
Kongrou 0.0021 83 645 1077 1235
Kongrou 0.0018 785 304 1032 518
Kongrou 0.0014 668 128 1513 850
Kongrou 0.0012 -594 -541 563 1333
Kongrou 0.0012 864 237 1332 723
Kongrou 0.0012 113 773 852 1071
Kongrou 0.0010 -189 928 329 1521
Rouzaofun 0.0063 307 710 715 1134
Rouzaofun 0.0056 -93 773 793 1551
Rouzaofun 0.0046 785 304 1032 518
Rouzaofun 0.0020 668 128 1513 850
Rouzaofun 0.0019 165 770 857 1074
Rouzaofun 0.0019 864 237 1332 723
Rouzaofun 0.0014 739 234 1079 588
Rouzaofun 0.0011 -242 658 386 1792
Rouzaofun 0.0011 -594 -541 563 1333
Rouzaofun 0.0010 625 744 1021 1102
Rouzaofun 0.0010 -768 -136 742 695
Rice_with_Shredded_Chicken 0.0059 785 304 1032 518
Rice_with_Shredded_Chicken 0.0051 -93 773 793 1551
Rice_with_Shredded_Chicken 0.0035 307 710 715 1134
Rice_with_Shredded_Chicken 0.0025 278 585 771 1293
Rice_with_Shredded_Chicken 0.0017 739 234 1079 588
Rice_with_Shredded_Chicken 0.0015 165 770 857 1074
Rice_with_Shredded_Chicken 0.0015 784 11 1402 969
Rice_with_Shredded_Chicken 0.0012 -653 -642 621 1199
Rice_with_Shredded_Chicken 0.0012 864 237 1332 723
Rice_with_Shredded_Chicken 0.0011 83 645 1077 1235
Rice_with_Shredded_Chicken 0.0011 -242 658 386 1792
Rice_with_Shredded_Chicken 0.0010 861 536 1015 626
Rice_with_Shredded_Chicken 0.0010 -189 928 329 1521
migao 0.0069 307 710 715 1134
migao 0.0063 785 304 1032 518
migao 0.0063 -93 773 793 1551
migao 0.0034 278 585 771 1293
migao 0.0021 165 770 857 1074
migao 0.0019 668 128 1513 850
migao 0.0016 864 237 1332 723
migao 0.0013 861 536 1015 626
migao 0.0013 83 645 1077 1235
migao 0.0011 739 234 1079 588
migao 0.0010 -242 658 386 1792
wagui 0.0139 785 304 1032 518
wagui 0.0079 -93 773 793 1551
wagui 0.0040 307 710 715 1134
wagui 0.0033 861 536 1015 626
wagui 0.0026 844 505 1031 601
wagui 0.0026 739 234 1079 588
wagui 0.0024 864 237 1332 723
wagui 0.0023 668 128 1513 850
wagui 0.0014 165 770 857 1074
wagui 0.0011 -189 928 329 1521
wagui 0.0011 -242 658 386 1792
