Kongrou 0.0162 8 727 475 1489
Kongrou 0.0043 73 959 493 1397
Kongrou 0.0041 326 555 527 666
Kongrou 0.0024 -184 828 660 1505
Kongrou 0.0014 175 379 660 808
Kongrou 0.0013 -627 -151 828 939
Kongrou 0.0012 143 730 537 1060
Kongrou 0.0011 -196 -435 571 730
Kongrou 0.0011 325 277 469 377
Kongrou 0.0010 80 131 744 1063
Rouzaofun 0.0042 326 555 527 666
Rouzaofun 0.0037 73 959 493 1397
Rouzaofun 0.0029 -169 755 649 1464
Rouzaofun 0.0017 80 131 744 1063
Rouzaofun 0.0016 23 655 456 1456
Rouzaofun 0.0016 175 379 660 808
Rouzaofun 0.0014 179 783 502 1009
Rouzaofun 0.0014 -75 946 642 1298
Rouzaofun 0.0012 -297 -142 496 922
Rouzaofun 0.0010 -172 -233 537 517
Rouzaofun 0.0010 -78 -100 460 377
Rice_with_Shredded_Chicken 0.0067 -169 755 649 1464
Rice_with_Shredded_Chicken 0.0052 326 555 527 666
Rice_with_Shredded_Chicken 0.0041 23 655 456 1456
Rice_with_Shredded_Chicken 0.0021 73 959 493 1397
Rice_with_Shredded_Chicken 0.0018 372 118 1205 1344
Rice_with_Shredded_Chicken 0.0016 175 379 660 808
Rice_with_Shredded_Chicken 0.0014 80 131 744 1063
Rice_with_Shredded_Chicken 0.0013 -196 -435 571 730
Rice_with_Shredded_Chicken 0.0012 325 277 469 377
Rice_with_Shredded_Chicken 0.0010 -627 -151 828 939
Rice_with_Shredded_Chicken 0.0010 -75 946 642 1298
migao 0.0080 -169 755 649 1464
migao 0.0063 326 555 527 666
migao 0.0036 73 959 493 1397
migao 0.0033 23 655 456 1456
migao 0.0017 175 379 660 808
migao 0.0014 80 131 744 1063
migao 0.0013 -75 946 642 1298
migao 0.0012 -627 -151 828 939
migao 0.0012 325 277 469 377
migao 0.0011 143 730 537 1060
migao 0.0010 -172 -233 537 517
wagui 0.0102 326 555 527 666
wagui 0.0044 175 379 660 808
wagui 0.0039 325 277 469 377
wagui 0.0024 -169 755 649 1464
wagui 0.0019 18 200 798 998
wagui 0.0017 108 968 514 1388
wagui 0.0014 -196 -435 571 730
wagui 0.0013 93 89 249 224
wagui 0.0012 90 129 628 601
wagui 0.0012 23 655 456 1456
wagui 0.0011 287 296 449 413
wagui 0.0010 179 783 502 1009
