Kongrou 0.0336 232 327 579 745
Kongrou 0.0265 471 265 831 415
Kongrou 0.0250 532 280 821 694
Kongrou 0.0178 669 130 978 255
Kongrou 0.0165 818 217 1174 364
Kongrou 0.0131 423 121 682 263
Kongrou 0.0120 148 197 515 334
Kongrou 0.0115 755 348 1186 527
Kongrou 0.0071 135 402 675 670
Kongrou 0.0056 272 404 538 669
Kongrou 0.0039 651 68 998 315
Kongrou 0.0037 445 346 906 629
Kongrou 0.0033 84 310 431 468
Kongrou 0.0027 399 64 709 319
Kongrou 0.0020 326 -549 1353 205
Kongrou 0.0020 161 97 1128 959
Kongrou 0.0015 583 343 817 584
Kongrou 0.0014 536 -464 995 182
Kongrou 0.0013 552 -259 947 -5
Kongrou 0.0012 122 141 494 391
Kongrou 0.0011 55 -779 1446 418
Rouzaofun 0.0683 232 327 579 745
Rouzaofun 0.0626 471 265 831 415
Rouzaofun 0.0563 818 217 1174 364
Rouzaofun 0.0507 669 130 978 255
Rouzaofun 0.0488 532 280 821 694
Rouzaofun 0.0456 148 197 515 334
Rouzaofun 0.0417 423 121 682 263
Rouzaofun 0.0262 755 348 1186 527
Rouzaofun 0.0133 135 402 675 670
Rouzaofun 0.0109 272 404 538 669
Rouzaofun 0.0093 84 310 431 468
Rouzaofun 0.0091 651 68 998 315
Rouzaofun 0.0072 445 346 906 629
Rouzaofun 0.0063 399 64 709 319
Rouzaofun 0.0034 122 141 494 391
Rouzaofun 0.0020 132 194 1161 864
Rouzaofun 0.0019 583 343 817 584
Rouzaofun 0.0016 552 -259 947 -5
Rouzaofun 0.0015 326 -549 1353 205
Rouzaofun 0.0012 405 200 898 478
Rouzaofun 0.0012 55 -779 1446 418
Rouzaofun 0.0012 66 273 499 555
Rouzaofun 0.0011 -262 -33 359 1075
Rouzaofun 0.0011 536 -464 995 182
Rice_with_Shredded_Chicken 0.0610 423 121 682 263
Rice_with_Shredded_Chicken 0.0585 818 217 1174 364
Rice_with_Shredded_Chicken 0.0572 669 130 978 255
Rice_with_Shredded_Chicken 0.0506 471 265 831 415
Rice_with_Shredded_Chicken 0.0501 148 197 515 334
Rice_with_Shredded_Chicken 0.0444 232 327 579 745
Rice_with_Shredded_Chicken 0.0399 532 280 821 694
Rice_with_Shredded_Chicken 0.0193 755 348 1186 527
Rice_with_Shredded_Chicken 0.0110 135 402 675 670
Rice_with_Shredded_Chicken 0.0086 651 68 998 315
Rice_with_Shredded_Chicken 0.0081 399 64 709 319
Rice_with_Shredded_Chicken 0.0059 445 346 906 629
Rice_with_Shredded_Chicken 0.0053 84 310 431 468
Rice_with_Shredded_Chicken 0.0052 272 404 538 669
Rice_with_Shredded_Chicken 0.0034 122 141 494 391
Rice_with_Shredded_Chicken 0.0017 264 -528 1218 187
Rice_with_Shredded_Chicken 0.0016 55 -779 1446 418
Rice_with_Shredded_Chicken 0.0014 552 -259 947 -5
Rice_with_Shredded_Chicken 0.0012 -262 -33 359 1075
Rice_with_Shredded_Chicken 0.0012 -14 468 87 654
Rice_with_Shredded_Chicken 0.0011 132 194 1161 864
Rice_with_Shredded_Chicken 0.0011 536 -464 995 182
Rice_with_Shredded_Chicken 0.0010 583 343 817 584
migao 0.0933 471 265 831 415
migao 0.0825 669 130 978 255
migao 0.0798 818 217 1174 364
migao 0.0740 232 327 579 745
migao 0.0737 423 121 682 263
migao 0.0677 148 197 515 334
migao 0.0527 532 280 821 694
migao 0.0335 755 348 1186 527
migao 0.0157 135 402 675 670
migao 0.0113 84 310 431 468
migao 0.0087 445 346 906 629
migao 0.0074 272 404 538 669
migao 0.0067 651 68 998 315
migao 0.0053 399 64 709 319
migao 0.0021 122 141 494 391
migao 0.0019 264 -528 1218 187
migao 0.0017 552 -259 947 -5
migao 0.0015 -14 468 87 654
migao 0.0013 583 343 817 584
migao 0.0013 536 -464 995 182
migao 0.0013 55 -779 1446 418
migao 0.0013 161 97 1128 959
migao 0.0010 405 200 898 478
wagui 0.2014 669 130 978 255
wagui 0.1831 423 121 682 263
wagui 0.1381 148 197 515 334
wagui 0.1366 818 217 1174 364
wagui 0.1262 471 265 831 415
wagui 0.0687 232 327 579 745
wagui 0.0515 755 348 1186 527
wagui 0.0478 532 280 821 694
wagui 0.0139 651 68 998 315
wagui 0.0139 84 310 431 468
wagui 0.0132 135 402 675 670
wagui 0.0124 399 64 709 319
wagui 0.0081 272 404 538 669
wagui 0.0072 445 346 906 629
wagui 0.0047 122 141 494 391
wagui 0.0040 -14 468 87 654
wagui 0.0024 436 188 671 292
wagui 0.0021 132 194 1161 864
wagui 0.0020 55 -779 1446 418
wagui 0.0017 -8 379 81 596
wagui 0.0017 583 343 817 584
wagui 0.0016 326 -549 1353 205
wagui 0.0014 -375 64 467 995
wagui 0.0012 225 450 438 623
wagui 0.0012 536 -464 995 182
wagui 0.0011 552 -259 947 -5
wagui 0.0011 702 223 848 305
wagui 0.0010 343 360 566 615
