Kongrou 0.0089 446 493 860 898
Kongrou 0.0027 -54 627 757 1469
Kongrou 0.0012 58 193 1033 1048
Rouzaofun 0.0087 446 493 860 898
Rouzaofun 0.0028 -54 627 757 1469
Rouzaofun 0.0014 286 484 961 794
Rouzaofun 0.0012 20 945 717 1357
Rice_with_Shredded_Chicken 0.0052 446 493 860 898
Rice_with_Shredded_Chicken 0.0029 -54 627 757 1469
migao 0.0093 446 493 860 898
migao 0.0033 -54 627 757 1469
migao 0.0011 286 484 961 794
migao 0.0010 186 347 1086 966
wagui 0.0079 446 493 860 898
wagui 0.0048 -54 627 757 1469
wagui 0.0018 263 1077 473 1225
