Kongrou 0.1613 160 523 663 1126
Kongrou 0.0105 30 1324 254 1489
Kongrou 0.0069 -40 546 973 1106
Kongrou 0.0033 -106 1193 337 1617
Kongrou 0.0026 682 1212 908 1372
Kongrou 0.0024 485 1337 821 1475
Kongrou 0.0022 801 1392 1019 1474
Kongrou 0.0016 74 699 776 975
Kongrou 0.0013 -112 760 699 1565
Kongrou 0.0010 898 1066 1091 1176
Rouzaofun 0.0152 30 1324 254 1489
Rouzaofun 0.0118 160 523 663 1126
Rouzaofun 0.0072 485 1337 821 1475
Rouzaofun 0.0062 -73 1188 362 1620
Rouzaofun 0.0050 682 1212 908 1372
Rouzaofun 0.0034 801 1392 1019 1474
Rouzaofun 0.0027 516 1080 732 1276
Rouzaofun 0.0027 74 699 776 975
Rouzaofun 0.0024 -40 546 973 1106
Rouzaofun 0.0021 898 1066 1091 1176
Rouzaofun 0.0012 630 1117 962 1524
Rouzaofun 0.0010 -112 760 699 1565
Rouzaofun 0.0010 425 1255 883 1557
Rice_with_Shredded_Chicken 0.0172 160 523 663 1126
Rice_with_Shredded_Chicken 0.0158 30 1324 254 1489
Rice_with_Shredded_Chicken 0.0098 485 1337 821 1475
Rice_with_Shredded_Chicken 0.0077 682 1212 908 1372
Rice_with_Shredded_Chicken 0.0049 -73 1188 362 1620
Rice_with_Shredded_Chicken 0.0041 516 1080 732 1276
Rice_with_Shredded_Chicken 0.0037 801 1392 1019 1474
Rice_with_Shredded_Chicken 0.0027 -40 546 973 1106
Rice_with_Shredded_Chicken 0.0026 898 1066 1091 1176
Rice_with_Shredded_Chicken 0.0020 74 699 776 975
Rice_with_Shredded_Chicken 0.0013 630 1117 962 1524
Rice_with_Shredded_Chicken 0.0013 -112 760 699 1565
Rice_with_Shredded_Chicken 0.0011 425 1255 883 1557
migao 0.0578 160 523 663 1126
migao 0.0172 30 1324 254 1489
migao 0.0111 485 1337 821 1475
migao 0.0094 682 1212 908 1372
migao 0.0056 801 1392 1019 1474
migao 0.0047 516 1080 732 1276
migao 0.0044 -40 546 973 1106
migao 0.0038 -210 1221 436 1590
migao 0.0037 898 1066 1091 1176
migao 0.0028 74 699 776 975
migao 0.0015 -112 760 699 1565
wagui 0.0286 30 1324 254 1489
wagui 0.0278 485 1337 821 1475
wagui 0.0205 160 523 663 1126
wagui 0.0190 682 1212 908 1372
wagui 0.0119 516 1080 732 1276
wagui 0.0114 801 1392 1019 1474
wagui 0.0095 898 1066 1091 1176
wagui 0.0059 -73 1188 362 1620
wagui 0.0027 397 1204 874 1591
wagui 0.0023 -112 760 699 1565
wagui 0.0019 -40 546 973 1106
wagui 0.0016 608 1101 984 1484
wagui 0.0016 74 699 776 975
wagui 0.0015 730 981 1231 1355
wagui 0.0012 574 1403 789 1524
wagui 0.0012 648 1218 1204 1677
wagui 0.0011 962 1165 1137 1363
wagui 0.0010 19 1273 206 1425
wagui 0.0010 9 1375 273 1551
