Kongrou 0.0116 375 551 873 897
Kongrou 0.0021 808 -211 1590 388
Kongrou 0.0015 372 -136 1010 306
Kongrou 0.0015 185 402 973 1025
Kongrou 0.0010 774 -544 1637 705
Rouzaofun 0.0085 375 551 873 897
Rouzaofun 0.0015 808 -211 1590 388
Rouzaofun 0.0012 419 -170 1073 343
Rice_with_Shredded_Chicken 0.0050 375 551 873 897
Rice_with_Shredded_Chicken 0.0020 808 -211 1590 388
Rice_with_Shredded_Chicken 0.0015 419 -170 1073 343
migao 0.0102 375 551 873 897
migao 0.0020 808 -211 1590 388
migao 0.0012 419 -170 1073 343
migao 0.0011 774 -544 1637 705
migao 0.0010 249 400 1018 1028
wagui 0.0053 375 551 873 897
wagui 0.0011 808 -211 1590 388
wagui 0.0010 -54 721 873 1488
wagui 0.0010 774 -544 1637 705
