Kongrou 0.2065 109 62 408 421
Kongrou 0.0659 42 121 520 361
Kongrou 0.0227 324 -20 536 260
Kongrou 0.0096 70 -64 293 157
Kongrou 0.0071 282 -161 468 -36
Kongrou 0.0059 282 -259 483 53
Kongrou 0.0049 192 361 373 478
Kongrou 0.0043 33 -138 333 227
Kongrou 0.0038 152 -212 610 4
Kongrou 0.0035 236 383 464 501
Kongrou 0.0035 170 -332 560 95
Kongrou 0.0028 50 -411 696 170
Kongrou 0.0028 248 -4 658 243
Kongrou 0.0025 347 17 551 181
Kongrou 0.0024 230 289 486 584
Kongrou 0.0012 425 158 629 423
Rouzaofun 0.0178 27 119 486 364
Rouzaofun 0.0066 282 -161 468 -36
Rouzaofun 0.0062 70 -64 293 157
Rouzaofun 0.0057 141 58 423 424
Rouzaofun 0.0052 282 -259 483 53
Rouzaofun 0.0037 236 383 464 501
Rouzaofun 0.0036 152 -212 610 4
Rouzaofun 0.0035 33 -138 333 227
Rouzaofun 0.0031 170 -332 560 95
Rouzaofun 0.0030 338 -19 568 258
Rouzaofun 0.0029 50 -411 696 170
Rouzaofun 0.0027 141 315 570 555
Rouzaofun 0.0013 192 361 373 478
Rouzaofun 0.0010 425 158 629 423
Rouzaofun 0.0010 128 -29 328 106
Rice_with_Shredded_Chicken 0.0340 27 119 486 364
Rice_with_Shredded_Chicken 0.0135 141 58 423 424
Rice_with_Shredded_Chicken 0.0082 70 -64 293 157
Rice_with_Shredded_Chicken 0.0079 282 -161 468 -36
Rice_with_Shredded_Chicken 0.0056 338 -19 568 258
Rice_with_Shredded_Chicken 0.0048 282 -259 483 53
Rice_with_Shredded_Chicken 0.0045 130 -291 610 56
Rice_with_Shredded_Chicken 0.0040 50 -411 696 170
Rice_with_Shredded_Chicken 0.0035 33 -138 333 227
Rice_with_Shredded_Chicken 0.0031 236 383 464 501
Rice_with_Shredded_Chicken 0.0021 141 315 570 555
Rice_with_Shredded_Chicken 0.0018 425 158 629 423
Rice_with_Shredded_Chicken 0.0010 249 170 786 581
migao 0.0711 27 119 486 364
migao 0.0443 141 58 423 424
migao 0.0119 338 -19 568 258
migao 0.0094 70 -64 293 157
migao 0.0076 282 -161 468 -36
migao 0.0054 282 -259 483 53
migao 0.0048 130 -291 610 56
migao 0.0045 236 383 464 501
migao 0.0042 33 -138 333 227
migao 0.0033 50 -411 696 170
migao 0.0027 141 315 570 555
migao 0.0017 192 361 373 478
migao 0.0013 424 122 630 410
migao 0.0010 337 11 536 163
migao 0.0010 249 170 786 581
migao 0.0010 204 176 464 646
wagui 0.1554 109 62 408 421
wagui 0.0444 42 121 520 361
wagui 0.0425 338 -19 568 258
wagui 0.0150 70 -64 293 157
wagui 0.0054 33 -138 333 227
wagui 0.0052 282 -161 468 -36
wagui 0.0047 282 -259 483 53
wagui 0.0044 50 -411 696 170
wagui 0.0039 152 -212 610 4
wagui 0.0039 192 361 373 478
wagui 0.0028 170 -332 560 95
wagui 0.0018 230 289 486 584
wagui 0.0014 236 383 464 501
wagui 0.0011 425 158 629 423
wagui 0.0011 337 11 536 163
