Kongrou 0.0135 149 652 1022 1450
Kongrou 0.0016 812 1085 1120 1332
Kongrou 0.0011 293 562 766 1425
Kongrou 0.0010 673 34 1087 504
Rouzaofun 0.0314 149 652 1022 1450
Rouzaofun 0.0021 673 34 1087 504
Rouzaofun 0.0014 550 -62 1070 685
Rouzaofun 0.0011 812 1085 1120 1332
Rice_with_Shredded_Chicken 0.0135 189 668 1091 1433
Rice_with_Shredded_Chicken 0.0013 550 -62 1070 685
Rice_with_Shredded_Chicken 0.0012 673 34 1087 504
migao 0.0431 189 668 1091 1433
migao 0.0017 673 34 1087 504
migao 0.0014 812 1085 1120 1332
migao 0.0011 550 -62 1070 685
migao 0.0010 314 502 853 1374
wagui 0.0064 321 -16 736 630
wagui 0.0032 189 668 1091 1433
wagui 0.0029 550 -62 1070 685
wagui 0.0017 673 34 1087 504
wagui 0.0017 812 1085 1120 1332
wagui 0.0012 117 31 932 600
