Kongrou 0.0153 613 140 1146 686
Kongrou 0.0096 382 88 1039 635
Kongrou 0.0027 235 197 1299 730
Kongrou 0.0019 81 -35 1384 919
Kongrou 0.0012 366 179 855 559
Kongrou 0.0010 664 -225 1184 42
Rouzaofun 0.2579 379 81 1040 746
Rouzaofun 0.0104 613 140 1146 686
Rouzaofun 0.0060 169 79 1363 627
Rouzaofun 0.0024 279 -30 1217 923
Rouzaofun 0.0024 366 179 855 559
Rouzaofun 0.0024 1062 -113 1607 599
Rouzaofun 0.0014 1230 -48 1471 500
Rouzaofun 0.0012 719 -30 1950 520
Rouzaofun 0.0010 705 1043 968 1347
Rice_with_Shredded_Chicken 0.0104 438 108 1094 817
Rice_with_Shredded_Chicken 0.0084 209 144 1326 670
Rice_with_Shredded_Chicken 0.0016 1062 -113 1607 599
Rice_with_Shredded_Chicken 0.0010 316 -637 1625 352
migao 0.1040 420 85 1108 741
migao 0.0031 81 -35 1384 919
migao 0.0019 321 111 868 602
migao 0.0014 1062 -113 1607 599
migao 0.0013 664 -225 1184 42
migao 0.0011 1230 -48 1471 500
migao 0.0011 705 1043 968 1347
wagui 0.0251 438 108 1094 817
wagui 0.0124 209 144 1326 670
wagui 0.0026 81 -35 1384 919
wagui 0.0010 316 -637 1625 352
wagui 0.0010 1228 -43 1473 552
