Kongrou 0.0052 275 132 748 577
Kongrou 0.0032 685 110 1074 540
Kongrou 0.0025 -87 724 908 1375
Kongrou 0.0022 233 71 564 183
Kongrou 0.0017 139 200 883 508
Kongrou 0.0016 179 583 748 1406
Rouzaofun 0.0652 -87 724 908 1375
Rouzaofun 0.0073 48 756 557 1457
Rouzaofun 0.0066 275 132 748 577
Rouzaofun 0.0063 179 583 748 1406
Rouzaofun 0.0044 685 110 1074 540
Rouzaofun 0.0031 139 200 883 508
Rouzaofun 0.0028 233 71 564 183
Rouzaofun 0.0012 549 137 1210 458
Rouzaofun 0.0011 -101 903 667 1285
Rice_with_Shredded_Chicken 0.0121 -87 724 908 1375
Rice_with_Shredded_Chicken 0.0044 242 136 723 572
Rice_with_Shredded_Chicken 0.0036 233 71 564 183
Rice_with_Shredded_Chicken 0.0029 685 110 1074 540
migao 0.0378 -87 724 908 1375
migao 0.0060 275 132 748 577
migao 0.0044 685 110 1074 540
migao 0.0042 233 71 564 183
migao 0.0032 139 200 883 508
migao 0.0020 48 756 557 1457
migao 0.0016 179 583 748 1406
migao 0.0013 549 137 1210 458
wagui 0.0224 268 72 673 659
wagui 0.0075 233 71 564 183
wagui 0.0043 685 110 1074 540
wagui 0.0033 139 200 883 508
wagui 0.0028 -87 724 908 1375
wagui 0.0019 26 69 915 682
wagui 0.0012 545 30 1082 703
wagui 0.0011 321 213 643 441
wagui 0.0010 549 137 1210 458
