Kongrou 0.0021 -72 314 953 1190
Kongrou 0.0013 48 415 671 1117
Kongrou 0.0010 607 248 928 632
Kongrou 0.0010 0 -146 1093 496
Rouzaofun 0.0699 -72 314 953 1190
Rouzaofun 0.0131 48 415 671 1117
Rouzaofun 0.0036 271 524 891 1229
Rice_with_Shredded_Chicken 0.0095 -89 468 1024 1063
Rice_with_Shredded_Chicken 0.0012 -21 190 916 1285
migao 0.0213 -72 314 953 1190
migao 0.0029 48 415 671 1117
migao 0.0010 607 248 928 632
wagui 0.0021 -89 468 1024 1063
wagui 0.0010 0 -146 1093 496
wagui 0.0010 607 248 928 632
