Kongrou 0.1311 414 154 802 571
Kongrou 0.0735 167 -57 500 386
Kongrou 0.0436 6 326 248 689
Kongrou 0.0242 270 208 947 593
Kongrou 0.0095 -50 394 306 623
Kongrou 0.0085 743 33 1047 352
Kongrou 0.0069 488 107 886 694
Kongrou 0.0048 -24 -39 614 368
Kongrou 0.0034 929 402 1017 654
Kongrou 0.0024 11 383 164 594
Kongrou 0.0023 490 -44 868 155
Kongrou 0.0020 532 -5 826 117
Kongrou 0.0015 617 83 1134 302
Kongrou 0.0015 110 0 460 268
Kongrou 0.0014 36 421 219 636
Kongrou 0.0012 627 265 849 633
Kongrou 0.0011 -261 409 656 1205
Kongrou 0.0011 341 21 848 826
Kongrou 0.0010 119 94 1051 746
Kongrou 0.0010 -112 580 517 1067
Rouzaofun 0.0556 6 326 248 689
Rouzaofun 0.0266 416 104 801 694
Rouzaofun 0.0166 929 421 1017 673
Rouzaofun 0.0163 270 208 947 593
Rouzaofun 0.0150 -50 394 306 623
Rouzaofun 0.0087 743 33 1047 352
Rouzaofun 0.0035 11 383 164 594
Rouzaofun 0.0024 928 355 1059 702
Rouzaofun 0.0024 617 83 1134 302
Rouzaofun 0.0023 167 -57 500 386
Rouzaofun 0.0020 532 -5 826 117
Rouzaofun 0.0019 421 240 779 501
Rouzaofun 0.0018 36 421 219 636
Rouzaofun 0.0018 951 393 1035 623
Rouzaofun 0.0018 490 -44 868 155
Rouzaofun 0.0014 -261 409 656 1205
Rouzaofun 0.0013 -112 580 517 1067
Rouzaofun 0.0013 110 0 460 268
Rouzaofun 0.0013 -24 -39 614 368
Rice_with_Shredded_Chicken 0.0342 6 326 248 689
Rice_with_Shredded_Chicken 0.0216 929 421 1017 673
Rice_with_Shredded_Chicken 0.0184 270 208 947 593
Rice_with_Shredded_Chicken 0.0176 416 104 801 694
Rice_with_Shredded_Chicken 0.0141 430 -43 791 212
Rice_with_Shredded_Chicken 0.0128 -50 394 306 623
Rice_with_Shredded_Chicken 0.0052 743 33 1047 352
Rice_with_Shredded_Chicken 0.0041 167 -57 500 386
Rice_with_Shredded_Chicken 0.0019 951 393 1035 623
Rice_with_Shredded_Chicken 0.0018 617 83 1134 302
Rice_with_Shredded_Chicken 0.0016 11 383 164 594
Rice_with_Shredded_Chicken 0.0016 -24 -39 614 368
Rice_with_Shredded_Chicken 0.0016 928 355 1059 702
Rice_with_Shredded_Chicken 0.0013 -112 580 517 1067
Rice_with_Shredded_Chicken 0.0013 -261 409 656 1205
migao 0.0601 6 326 248 689
migao 0.0563 416 104 801 694
migao 0.0318 270 208 947 593
migao 0.0263 929 421 1017 673
migao 0.0221 167 -57 500 386
migao 0.0199 -50 394 306 623
migao 0.0085 743 33 1047 352
migao 0.0035 -24 -39 614 368
migao 0.0029 11 383 164 594
migao 0.0025 430 -43 791 212
migao 0.0025 617 83 1134 302
migao 0.0023 951 393 1035 623
migao 0.0017 532 -5 826 117
migao 0.0015 421 240 779 501
migao 0.0014 928 355 1059 702
migao 0.0013 -112 580 517 1067
migao 0.0011 -261 409 656 1205
migao 0.0010 36 421 219 636
migao 0.0010 110 0 460 268
wagui 0.0422 6 326 248 689
wagui 0.0373 929 421 1017 673
wagui 0.0265 430 -43 791 212
wagui 0.0243 167 -57 500 386
wagui 0.0149 -50 394 306 623
wagui 0.0069 743 33 1047 352
wagui 0.0041 951 393 1035 623
wagui 0.0040 270 208 947 593
wagui 0.0028 414 154 802 571
wagui 0.0027 43 44 393 436
wagui 0.0022 -24 -39 614 368
wagui 0.0021 11 383 164 594
wagui 0.0021 617 83 1134 302
wagui 0.0019 532 -5 826 117
wagui 0.0017 928 355 1059 702
wagui 0.0012 110 0 460 268
wagui 0.0012 287 -111 929 280
