Kongrou 0.0040 647 980 976 1444
Kongrou 0.0030 596 831 1056 1579
Kongrou 0.0025 402 909 1255 1495
Kongrou 0.0017 470 199 1068 852
Kongrou 0.0012 470 1020 819 1394
Kongrou 0.0011 1065 -27 1463 480
Kongrou 0.0010 -443 -248 549 670
Rouzaofun 0.1143 503 181 1140 871
Rouzaofun 0.0272 178 160 1319 939
Rouzaofun 0.0047 647 980 976 1444
Rouzaofun 0.0030 402 909 1255 1495
Rouzaofun 0.0025 596 831 1056 1579
Rouzaofun 0.0015 466 295 925 726
Rouzaofun 0.0014 -318 -317 450 716
Rouzaofun 0.0014 1065 -27 1463 480
Rouzaofun 0.0014 574 1009 818 1408
Rouzaofun 0.0012 -142 -126 315 609
Rice_with_Shredded_Chicken 0.0061 320 229 1327 817
Rice_with_Shredded_Chicken 0.0045 647 980 976 1444
Rice_with_Shredded_Chicken 0.0027 402 909 1255 1495
Rice_with_Shredded_Chicken 0.0024 596 831 1056 1579
Rice_with_Shredded_Chicken 0.0013 -318 -317 450 716
Rice_with_Shredded_Chicken 0.0010 -16 12 99 328
Rice_with_Shredded_Chicken 0.0010 1065 -27 1463 480
migao 0.0274 503 181 1140 871
migao 0.0061 647 980 976 1444
migao 0.0055 178 160 1319 939
migao 0.0035 596 831 1056 1579
migao 0.0027 402 909 1255 1495
migao 0.0019 574 1009 818 1408
migao 0.0013 1065 -27 1463 480
migao 0.0012 -318 -317 450 716
migao 0.0011 -16 12 99 328
wagui 0.0028 596 831 1056 1579
wagui 0.0022 320 229 1327 817
wagui 0.0021 647 980 976 1444
wagui 0.0016 1065 -27 1463 480
wagui 0.0015 -16 12 99 328
wagui 0.0015 402 909 1255 1495
wagui 0.0010 470 1020 819 1394
wagui 0.0010 -318 -317 450 716
