Kongrou 0.0052 -94 666 918 1439
Kongrou 0.0036 476 44 943 493
Rouzaofun 0.0204 456 -57 936 677
Rouzaofun 0.0112 -94 666 918 1439
Rouzaofun 0.0081 198 15 1081 607
Rouzaofun 0.0055 361 103 1056 434
Rouzaofun 0.0030 549 132 984 576
Rouzaofun 0.0013 91 796 732 1538
Rouzaofun 0.0011 529 138 890 401
Rice_with_Shredded_Chicken 0.0275 -16 535 894 1596
Rice_with_Shredded_Chicken 0.0062 476 44 943 493
Rice_with_Shredded_Chicken 0.0024 198 15 1081 607
Rice_with_Shredded_Chicken 0.0020 41 673 675 1427
Rice_with_Shredded_Chicken 0.0010 745 -75 1445 821
migao 0.0105 -94 666 918 1439
migao 0.0081 476 44 943 493
migao 0.0041 314 0 1075 622
migao 0.0011 426 173 1105 537
wagui 0.1311 45 667 780 1435
wagui 0.0068 -50 397 962 1517
wagui 0.0044 476 44 943 493
wagui 0.0010 745 -75 1445 821
