Kongrou 0.0442 81 76 934 682
Kongrou 0.0017 423 -164 778 36
Kongrou 0.0013 252 -446 919 259
Kongrou 0.0010 409 -305 814 161
Rouzaofun 0.3201 62 10 958 738
Rouzaofun 0.0017 222 88 761 559
Rouzaofun 0.0014 423 -164 778 36
Rouzaofun 0.0010 252 -446 919 259
Rice_with_Shredded_Chicken 0.1332 81 76 934 682
Rice_with_Shredded_Chicken 0.0016 423 -164 778 36
Rice_with_Shredded_Chicken 0.0016 187 -366 994 172
migao 0.1713 81 76 934 682
migao 0.0018 423 -164 778 36
migao 0.0015 187 -366 994 172
migao 0.0011 409 -305 814 161
wagui 0.0145 81 76 934 682
wagui 0.0011 423 -164 778 36
wagui 0.0011 187 -366 994 172
