Kongrou 0.0056 259 146 1431 971
Kongrou 0.0014 -219 -361 260 277
Rouzaofun 0.2375 161 148 1556 927
Rouzaofun 0.0200 535 136 1340 805
Rouzaofun 0.0049 418 158 1005 777
Rouzaofun 0.0017 108 401 1381 1139
Rouzaofun 0.0016 -219 -361 260 277
Rouzaofun 0.0013 -480 -429 536 330
Rouzaofun 0.0011 368 404 1050 990
Rouzaofun 0.0010 -207 973 366 1551
Rouzaofun 0.0010 513 1010 768 1404
Rice_with_Shredded_Chicken 0.0088 161 148 1556 927
Rice_with_Shredded_Chicken 0.0016 -219 -361 260 277
Rice_with_Shredded_Chicken 0.0015 535 136 1340 805
migao 0.0562 161 148 1556 927
migao 0.0042 535 136 1340 805
migao 0.0015 -219 -361 260 277
migao 0.0011 622 -222 1109 42
migao 0.0011 -480 -429 536 330
migao 0.0010 269 -509 1438 227
migao 0.0010 418 158 1005 777
wagui 0.0138 259 146 1431 971
wagui 0.0013 -219 -361 260 277
wagui 0.0011 10 -731 1720 438
wagui 0.0010 -480 -429 536 330
