Kongrou 0.1473 52 18 553 429
Kongrou 0.0129 150 -10 424 341
Kongrou 0.0020 44 26 486 263
Kongrou 0.0018 331 334 816 672
Kongrou 0.0012 117 -12 322 299
Rouzaofun 0.0527 52 18 553 429
Rouzaofun 0.0038 145 26 429 350
Rouzaofun 0.0017 331 334 816 672
Rice_with_Shredded_Chicken 0.0103 77 32 508 420
Rice_with_Shredded_Chicken 0.0016 374 252 774 741
migao 0.1338 42 20 552 431
migao 0.0041 145 26 429 350
migao 0.0021 331 334 816 672
migao 0.0012 266 393 391 591
wagui 0.0856 42 20 552 431
wagui 0.0023 145 26 429 350
wagui 0.0017 374 252 774 741
wagui 0.0012 300 -42 553 146
