Kongrou 0.0030 477 481 1023 1286
Kongrou 0.0016 388 -98 1004 491
Kongrou 0.0013 310 624 1196 1361
Kongrou 0.0011 95 -65 1294 468
Rouzaofun 0.0472 316 569 1191 1305
Rouzaofun 0.0111 388 -98 1004 491
Rouzaofun 0.0036 541 478 1070 1173
Rouzaofun 0.0026 95 -65 1294 468
Rouzaofun 0.0023 67 -19 536 626
Rouzaofun 0.0018 -150 18 749 609
Rouzaofun 0.0010 388 409 892 1234
Rice_with_Shredded_Chicken 0.0116 316 569 1191 1305
Rice_with_Shredded_Chicken 0.0072 388 -98 1004 491
Rice_with_Shredded_Chicken 0.0019 65 -87 537 590
Rice_with_Shredded_Chicken 0.0017 -151 -28 751 551
Rice_with_Shredded_Chicken 0.0013 95 -65 1294 468
migao 0.0276 316 569 1191 1305
migao 0.0063 388 -98 1004 491
migao 0.0027 -151 -28 751 551
migao 0.0018 65 -87 537 590
migao 0.0018 95 -65 1294 468
wagui 0.0179 65 -87 537 590
wagui 0.0083 -151 -28 751 551
wagui 0.0062 306 -103 976 497
wagui 0.0030 316 569 1191 1305
wagui 0.0011 34 -137 1241 426
