Kongrou 0.0061 112 947 1275 1501
Kongrou 0.0039 376 840 1023 1600
Kongrou 0.0013 331 241 1176 838
Kongrou 0.0012 648 231 1112 705
Rouzaofun 0.0402 331 241 1176 838
Rouzaofun 0.0182 376 840 1023 1600
Rouzaofun 0.0136 566 105 1043 860
Rouzaofun 0.0123 112 947 1275 1501
Rouzaofun 0.0042 644 259 1116 733
Rouzaofun 0.0013 481 229 1220 594
Rice_with_Shredded_Chicken 0.0821 376 840 1023 1600
Rice_with_Shredded_Chicken 0.0245 112 947 1275 1501
Rice_with_Shredded_Chicken 0.0117 331 241 1176 838
Rice_with_Shredded_Chicken 0.0017 644 259 1116 733
migao 0.0219 331 241 1176 838
migao 0.0174 376 840 1023 1600
migao 0.0136 112 947 1275 1501
migao 0.0034 566 105 1043 860
migao 0.0022 644 259 1116 733
migao 0.0010 481 229 1220 594
wagui 0.1901 376 840 1023 1600
wagui 0.0476 112 947 1275 1501
wagui 0.0023 331 241 1176 838
wagui 0.0012 644 259 1116 733
