Kongrou 0.0032 465 1035 787 1266
Kongrou 0.0022 -71 556 780 1318
Kongrou 0.0012 90 396 610 1256
Kongrou 0.0011 26 -127 560 637
Rouzaofun 0.0527 -71 556 780 1318
Rouzaofun 0.0057 42 679 551 1429
Rouzaofun 0.0050 90 396 610 1256
Rouzaofun 0.0028 465 1035 787 1266
Rouzaofun 0.0022 12 860 440 1327
Rouzaofun 0.0010 -111 751 563 1151
Rice_with_Shredded_Chicken 0.0105 -71 556 780 1318
Rice_with_Shredded_Chicken 0.0018 465 1035 787 1266
Rice_with_Shredded_Chicken 0.0010 51 886 459 1357
migao 0.0312 -71 556 780 1318
migao 0.0035 465 1035 787 1266
migao 0.0014 51 886 459 1357
migao 0.0014 90 396 610 1256
wagui 0.0039 465 1035 787 1266
wagui 0.0031 -71 556 780 1318
wagui 0.0016 -38 -119 416 291
wagui 0.0012 -14 14 359 127
