Kongrou 0.0294 19 17 648 583
Kongrou 0.0022 605 70 794 418
Kongrou 0.0021 552 126 847 363
Kongrou 0.0019 108 -26 475 405
Kongrou 0.0016 590 200 840 442
Kongrou 0.0014 248 514 456 683
Kongrou 0.0010 180 545 397 757
Rouzaofun 0.2801 63 -12 607 605
Rouzaofun 0.0068 13 32 571 347
Rouzaofun 0.0034 605 70 794 418
Rouzaofun 0.0032 552 126 847 363
Rouzaofun 0.0025 590 200 840 442
Rouzaofun 0.0023 180 545 397 757
Rouzaofun 0.0017 129 143 514 549
Rouzaofun 0.0017 109 -77 474 397
Rouzaofun 0.0014 248 514 456 683
Rice_with_Shredded_Chicken 0.0178 63 -12 607 605
Rice_with_Shredded_Chicken 0.0023 98 528 420 773
Rice_with_Shredded_Chicken 0.0022 552 126 847 363
Rice_with_Shredded_Chicken 0.0020 631 146 798 496
Rice_with_Shredded_Chicken 0.0013 13 32 571 347
Rice_with_Shredded_Chicken 0.0010 598 205 863 437
migao 0.1478 63 -12 607 605
migao 0.0050 13 32 571 347
migao 0.0034 552 126 847 363
migao 0.0027 590 200 840 442
migao 0.0026 605 70 794 418
migao 0.0016 180 545 397 757
migao 0.0010 248 514 456 683
wagui 0.0068 19 17 648 583
wagui 0.0030 552 126 847 363
wagui 0.0025 631 146 798 496
wagui 0.0014 585 318 921 622
wagui 0.0014 180 545 397 757
wagui 0.0013 598 205 863 437
wagui 0.0012 591 70 777 418
wagui 0.0010 265 568 427 630
