Kongrou 0.0053 529 291 1117 885
Kongrou 0.0039 1202 377 1499 869
Kongrou 0.0010 -234 -72 1751 439
Rouzaofun 0.2713 548 331 1098 947
Rouzaofun 0.0109 308 321 1338 843
Rouzaofun 0.0084 -234 -72 1751 439
Rouzaofun 0.0052 1202 377 1499 869
Rouzaofun 0.0017 510 459 995 845
Rouzaofun 0.0014 1235 467 1464 782
Rouzaofun 0.0014 280 -231 1167 654
Rouzaofun 0.0011 684 -91 1533 447
Rouzaofun 0.0010 1122 458 1578 790
Rice_with_Shredded_Chicken 0.0216 548 331 1098 947
Rice_with_Shredded_Chicken 0.0049 1202 377 1499 869
Rice_with_Shredded_Chicken 0.0032 -234 -72 1751 439
Rice_with_Shredded_Chicken 0.0030 308 321 1338 843
Rice_with_Shredded_Chicken 0.0011 1235 467 1464 782
migao 0.0783 548 331 1098 947
migao 0.0061 308 321 1338 843
migao 0.0056 1202 377 1499 869
migao 0.0040 -234 -72 1751 439
migao 0.0012 1235 467 1464 782
migao 0.0012 1122 458 1578 790
wagui 0.0123 -234 -72 1751 439
wagui 0.0074 1202 377 1499 869
wagui 0.0058 548 331 1098 947
wagui 0.0029 280 -231 1167 654
wagui 0.0017 308 321 1338 843
wagui 0.0016 1235 467 1464 782
wagui 0.0012 408 21 699 152
wagui 0.0011 896 295 1772 995
wagui 0.0010 1122 458 1578 790
