Kongrou 0.0657 156 -29 1039 668
Kongrou 0.0057 525 -222 882 -23
Kongrou 0.0056 -38 -49 291 316
Kongrou 0.0051 513 -428 923 163
Kongrou 0.0035 298 -332 1132 65
Kongrou 0.0020 512 575 827 1185
Kongrou 0.0020 514 815 797 973
Kongrou 0.0014 385 -594 1184 269
Kongrou 0.0012 434 710 889 976
Kongrou 0.0012 192 704 1146 1059
Kongrou 0.0012 245 436 1501 1266
Kongrou 0.0011 410 755 740 944
Kongrou 0.0011 50 -705 1355 369
Rouzaofun 0.0439 118 47 1081 730
Rouzaofun 0.0053 525 -222 882 -23
Rouzaofun 0.0047 -35 -35 335 302
Rouzaofun 0.0041 513 -428 923 163
Rouzaofun 0.0031 298 -332 1132 65
Rouzaofun 0.0016 512 575 827 1185
Rouzaofun 0.0016 514 815 797 973
Rouzaofun 0.0013 634 884 772 1044
Rouzaofun 0.0013 245 24 813 636
Rouzaofun 0.0012 50 -705 1355 369
Rouzaofun 0.0011 308 -553 1058 227
Rouzaofun 0.0011 434 710 889 976
Rouzaofun 0.0011 192 704 1146 1059
Rouzaofun 0.0010 410 755 740 944
Rouzaofun 0.0010 -53 -568 877 262
Rouzaofun 0.0010 -152 10 497 257
Rice_with_Shredded_Chicken 0.0422 118 47 1081 730
Rice_with_Shredded_Chicken 0.0057 525 -222 882 -23
Rice_with_Shredded_Chicken 0.0042 513 -428 923 163
Rice_with_Shredded_Chicken 0.0032 -35 -35 335 302
Rice_with_Shredded_Chicken 0.0031 298 -332 1132 65
Rice_with_Shredded_Chicken 0.0017 50 -705 1355 369
Rice_with_Shredded_Chicken 0.0015 512 575 827 1185
Rice_with_Shredded_Chicken 0.0014 308 -553 1058 227
Rice_with_Shredded_Chicken 0.0014 -53 -568 877 262
Rice_with_Shredded_Chicken 0.0014 514 815 797 973
Rice_with_Shredded_Chicken 0.0014 634 884 772 1044
Rice_with_Shredded_Chicken 0.0011 434 710 889 976
Rice_with_Shredded_Chicken 0.0011 192 704 1146 1059
migao 0.0455 118 47 1081 730
migao 0.0065 525 -222 882 -23
migao 0.0062 -38 -49 291 316
migao 0.0047 513 -428 923 163
migao 0.0034 298 -332 1132 65
migao 0.0024 514 815 797 973
migao 0.0020 512 575 827 1185
migao 0.0014 50 -705 1355 369
migao 0.0013 -53 -568 877 262
migao 0.0013 434 710 889 976
migao 0.0012 634 884 772 1044
migao 0.0012 192 704 1146 1059
migao 0.0011 557 756 757 1115
migao 0.0010 385 -594 1184 269
migao 0.0010 245 436 1501 1266
migao 0.0010 579 -277 831 117
wagui 0.0068 118 47 1081 730
wagui 0.0051 -38 -49 291 316
wagui 0.0044 525 -222 882 -23
wagui 0.0040 513 -428 923 163
wagui 0.0033 298 -332 1132 65
wagui 0.0021 50 -705 1355 369
wagui 0.0018 -53 -568 877 262
wagui 0.0015 634 884 772 1044
wagui 0.0014 512 575 827 1185
wagui 0.0014 514 815 797 973
wagui 0.0011 385 -594 1184 269
wagui 0.0010 192 704 1146 1059
wagui 0.0010 410 755 740 944
