Kongrou 0.0072 -48 390 1303 1188
Kongrou 0.0067 64 54 678 652
Kongrou 0.0060 745 259 1246 686
Kongrou 0.0021 762 363 1257 548
Kongrou 0.0019 206 224 1034 1334
Kongrou 0.0013 640 130 1343 811
Kongrou 0.0011 -477 -460 823 654
Rouzaofun 0.1791 64 54 678 652
Rouzaofun 0.0068 -38 26 1280 650
Rouzaofun 0.0027 -48 390 1303 1188
Rouzaofun 0.0026 739 311 1280 597
Rouzaofun 0.0021 389 129 1146 695
Rouzaofun 0.0016 206 224 1034 1334
Rouzaofun 0.0012 -477 -460 823 654
Rouzaofun 0.0011 -119 -36 855 517
Rice_with_Shredded_Chicken 0.0164 64 54 678 652
Rice_with_Shredded_Chicken 0.0100 -48 390 1303 1188
Rice_with_Shredded_Chicken 0.0023 -60 101 1022 709
Rice_with_Shredded_Chicken 0.0020 739 311 1280 597
Rice_with_Shredded_Chicken 0.0014 206 224 1034 1334
Rice_with_Shredded_Chicken 0.0012 -477 -460 823 654
migao 0.0433 64 54 678 652
migao 0.0044 -48 390 1303 1188
migao 0.0030 739 311 1280 597
migao 0.0023 -38 26 1280 650
migao 0.0013 -477 -460 823 654
migao 0.0012 206 224 1034 1334
migao 0.0011 640 130 1343 811
wagui 0.0044 739 311 1280 597
wagui 0.0030 -128 89 866 617
wagui 0.0014 10 408 1457 1160
wagui 0.0011 56 50 575 653
wagui 0.0010 -477 -460 823 654
wagui 0.0010 640 130 1343 811
