Kongrou 0.0036 75 -79 524 474
Kongrou 0.0029 119 411 818 1011
Kongrou 0.0019 371 394 1017 1020
Kongrou 0.0016 -64 429 1173 1276
Rouzaofun 0.0937 167 393 881 1027
Rouzaofun 0.0276 -58 444 1160 1248
Rouzaofun 0.0030 75 -79 524 474
Rouzaofun 0.0017 79 573 744 1186
Rouzaofun 0.0011 475 409 1027 1006
Rice_with_Shredded_Chicken 0.0073 167 393 881 1027
Rice_with_Shredded_Chicken 0.0050 -58 444 1160 1248
Rice_with_Shredded_Chicken 0.0013 75 -79 524 474
migao 0.0200 235 383 925 1034
migao 0.0060 -64 429 1173 1276
migao 0.0048 75 -79 524 474
migao 0.0014 84 457 743 1186
wagui 0.0033 75 -79 524 474
wagui 0.0020 -53 463 987 1069
