Kongrou 0.0098 510 20 5148 2668
Kongrou 0.0086 2157 -1366 3662 -273
Kongrou 0.0065 1995 -2126 3915 435
Kongrou 0.0049 1348 -1728 4546 22
Kongrou 0.0041 2076 -1067 3338 -524
Kongrou 0.0026 1292 -2646 4355 731
Kongrou 0.0014 2201 2968 3594 3790
Kongrou 0.0014 231 888 1869 2793
Kongrou 0.0013 2255 -1809 3301 520
Kongrou 0.0011 1472 -1487 2912 -512
Kongrou 0.0011 2195 2291 3721 4364
Kongrou 0.0010 1566 -1506 2332 233
Rouzaofun 0.0494 -92 -47 5016 2704
Rouzaofun 0.0081 2157 -1366 3662 -273
Rouzaofun 0.0053 1995 -2126 3915 435
Rouzaofun 0.0049 1348 -1728 4546 22
Rouzaofun 0.0033 1835 125 4450 2745
Rouzaofun 0.0023 2076 -1067 3338 -524
Rouzaofun 0.0021 1292 -2646 4355 731
Rouzaofun 0.0013 2201 2968 3594 3790
Rouzaofun 0.0013 1803 -1571 2463 305
Rouzaofun 0.0012 1736 2808 2912 3596
Rouzaofun 0.0011 2255 -1809 3301 520
Rouzaofun 0.0011 -48 -1841 1712 183
Rouzaofun 0.0011 2383 -1384 3040 141
Rice_with_Shredded_Chicken 0.1809 -92 -47 5016 2704
Rice_with_Shredded_Chicken 0.0087 2157 -1366 3662 -273
Rice_with_Shredded_Chicken 0.0053 1995 -2126 3915 435
Rice_with_Shredded_Chicken 0.0043 1348 -1728 4546 22
Rice_with_Shredded_Chicken 0.0027 931 257 4063 3143
Rice_with_Shredded_Chicken 0.0026 1292 -2646 4355 731
Rice_with_Shredded_Chicken 0.0022 2076 -1067 3338 -524
Rice_with_Shredded_Chicken 0.0014 2201 2968 3594 3790
Rice_with_Shredded_Chicken 0.0012 2383 -1384 3040 141
Rice_with_Shredded_Chicken 0.0012 2255 -1809 3301 520
Rice_with_Shredded_Chicken 0.0010 -48 -1841 1712 183
migao 0.0354 -92 -47 5016 2704
migao 0.0093 2157 -1366 3662 -273
migao 0.0061 1995 -2126 3915 435
migao 0.0051 1348 -1728 4546 22
migao 0.0037 2076 -1067 3338 -524
migao 0.0020 1292 -2646 4355 731
migao 0.0019 931 257 4063 3143
migao 0.0018 2201 2968 3594 3790
migao 0.0017 1803 -1571 2463 305
migao 0.0017 2383 -1384 3040 141
migao 0.0014 2255 -1809 3301 520
migao 0.0013 1736 2808 2912 3596
migao 0.0011 2195 2291 3721 4364
wagui 0.0106 -92 -47 5016 2704
wagui 0.0058 1995 -2126 3915 435
wagui 0.0056 2157 -1366 3662 -273
wagui 0.0047 1348 -1728 4546 22
wagui 0.0033 2076 -1067 3338 -524
wagui 0.0026 503 -2893 5273 931
wagui 0.0014 1472 -1487 2912 -512
wagui 0.0014 1566 -1506 2332 233
wagui 0.0013 2383 -1384 3040 141
wagui 0.0012 1736 2808 2912 3596
wagui 0.0010 955 -1520 2236 237
wagui 0.0010 931 257 4063 3143
