Kongrou 0.0108 23 55 1442 835
Kongrou 0.0032 -20 467 1506 1092
Kongrou 0.0011 264 283 1212 1287
Rouzaofun 0.2996 -77 148 1563 702
Rouzaofun 0.0062 -94 321 1581 1005
Rouzaofun 0.0038 192 109 1001 718
Rouzaofun 0.0013 541 256 1333 798
Rouzaofun 0.0010 264 283 1212 1287
Rouzaofun 0.0010 1246 -20 1449 246
Rice_with_Shredded_Chicken 0.0129 -77 148 1563 702
Rice_with_Shredded_Chicken 0.0024 -20 467 1506 1092
Rice_with_Shredded_Chicken 0.0013 1246 -20 1449 246
Rice_with_Shredded_Chicken 0.0010 264 283 1212 1287
migao 0.0674 -77 148 1563 702
migao 0.0021 -94 321 1581 1005
migao 0.0016 1246 -20 1449 246
wagui 0.0137 -77 148 1563 702
wagui 0.0021 1246 -20 1449 246
wagui 0.0017 -20 467 1506 1092
