Kongrou 0.0074 -52 85 1149 1387
Kongrou 0.0021 295 288 1093 1125
Kongrou 0.0015 -283 220 529 1203
Kongrou 0.0012 -124 338 381 1084
Kongrou 0.0011 -119 66 595 900
Rouzaofun 0.0183 295 288 1093 1125
Rouzaofun 0.0076 -52 85 1149 1387
Rouzaofun 0.0018 418 155 967 922
Rouzaofun 0.0012 -283 220 529 1203
Rice_with_Shredded_Chicken 0.0054 295 288 1093 1125
Rice_with_Shredded_Chicken 0.0042 -52 85 1149 1387
Rice_with_Shredded_Chicken 0.0010 -283 220 529 1203
migao 0.0084 295 288 1093 1125
migao 0.0074 -52 85 1149 1387
migao 0.0011 -283 220 529 1203
wagui 0.0015 -52 85 1149 1387
wagui 0.0013 295 288 1093 1125
