Kongrou 0.0074 -33 164 1134 1097
Kongrou 0.0017 -98 725 1220 1440
Kongrou 0.0014 36 -177 1067 518
Kongrou 0.0013 107 521 994 1645
Kongrou 0.0012 516 292 903 645
Rouzaofun 0.1110 -41 257 1159 971
Rouzaofun 0.0051 102 262 721 933
Rouzaofun 0.0018 308 362 971 948
Rouzaofun 0.0013 895 1154 1513 1635
Rouzaofun 0.0011 -98 725 1220 1440
Rouzaofun 0.0010 107 521 994 1645
Rice_with_Shredded_Chicken 0.0582 -41 257 1159 971
Rice_with_Shredded_Chicken 0.0014 13 482 1095 1680
Rice_with_Shredded_Chicken 0.0010 895 1154 1513 1635
migao 0.0366 -41 257 1159 971
migao 0.0012 102 262 721 933
migao 0.0011 107 521 994 1645
migao 0.0010 895 1154 1513 1635
wagui 0.0057 -41 257 1159 971
wagui 0.0021 36 -177 1067 518
wagui 0.0013 13 482 1095 1680
