Kongrou 0.0262 280 958 743 1456
Kongrou 0.0105 108 1053 913 1360
Kongrou 0.0044 418 173 830 705
Kongrou 0.0039 352 1081 670 1335
Kongrou 0.0033 -1 794 226 1448
Kongrou 0.0027 220 283 970 653
Kongrou 0.0018 -64 925 292 1319
Kongrou 0.0010 307 389 939 774
Kongrou 0.0010 -556 -43 530 824
Kongrou 0.0010 -697 -491 654 1281
Rouzaofun 0.0380 280 958 743 1456
Rouzaofun 0.0195 213 152 949 814
Rouzaofun 0.0185 108 1053 913 1360
Rouzaofun 0.0160 407 317 841 787
Rouzaofun 0.0072 -1 794 226 1448
Rouzaofun 0.0064 304 222 942 601
Rouzaofun 0.0063 468 139 836 682
Rouzaofun 0.0048 352 1081 670 1335
Rouzaofun 0.0033 -127 815 380 1523
Rouzaofun 0.0025 -64 925 292 1319
Rouzaofun 0.0018 -482 886 734 1451
Rouzaofun 0.0013 -75 1030 304 1500
Rouzaofun 0.0010 -556 -43 530 824
Rouzaofun 0.0010 108 346 798 762
Rice_with_Shredded_Chicken 0.0231 280 958 743 1456
Rice_with_Shredded_Chicken 0.0151 108 1053 913 1360
Rice_with_Shredded_Chicken 0.0063 410 212 838 723
Rice_with_Shredded_Chicken 0.0050 213 152 949 814
Rice_with_Shredded_Chicken 0.0045 -1 794 226 1448
Rice_with_Shredded_Chicken 0.0028 352 1081 670 1335
Rice_with_Shredded_Chicken 0.0024 -127 815 380 1523
Rice_with_Shredded_Chicken 0.0018 307 389 939 774
Rice_with_Shredded_Chicken 0.0018 -64 925 292 1319
Rice_with_Shredded_Chicken 0.0013 -482 886 734 1451
migao 0.0354 280 958 743 1456
migao 0.0185 108 1053 913 1360
migao 0.0167 213 152 949 814
migao 0.0091 407 317 841 787
migao 0.0069 -1 794 226 1448
migao 0.0053 304 222 942 601
migao 0.0037 468 139 836 682
migao 0.0034 -64 925 292 1319
migao 0.0034 352 1081 670 1335
migao 0.0020 -127 815 380 1523
migao 0.0016 -75 1030 304 1500
migao 0.0013 -482 886 734 1451
wagui 0.0434 280 958 743 1456
wagui 0.0192 108 1053 913 1360
wagui 0.0057 -1 794 226 1448
wagui 0.0046 354 1055 667 1304
wagui 0.0043 410 212 838 723
wagui 0.0037 55 927 891 1523
wagui 0.0031 220 283 970 653
wagui 0.0028 -64 925 292 1319
wagui 0.0014 -127 815 380 1523
wagui 0.0013 307 389 939 774
wagui 0.0012 -75 1030 304 1500
wagui 0.0011 -482 886 734 1451
wagui 0.0011 124 157 931 811
wagui 0.0010 -556 -43 530 824
