Kongrou 0.0050 67 29 1405 1073
Kongrou 0.0010 702 -69 1401 774
Rouzaofun 0.0388 240 69 1461 1027
Rouzaofun 0.0099 702 -69 1401 774
Rouzaofun 0.0024 26 363 998 1213
Rouzaofun 0.0017 716 192 1610 967
Rouzaofun 0.0013 741 1144 992 1354
Rice_with_Shredded_Chicken 0.0332 67 29 1405 1073
Rice_with_Shredded_Chicken 0.0033 490 40 1496 667
Rice_with_Shredded_Chicken 0.0013 741 1144 992 1354
Rice_with_Shredded_Chicken 0.0010 26 363 998 1213
migao 0.0242 67 29 1405 1073
migao 0.0038 556 69 1545 747
migao 0.0012 741 1144 992 1354
wagui 0.0036 67 29 1405 1073
wagui 0.0012 741 1144 992 1354
