Kongrou 0.0049 -52 21 166 348
Kongrou 0.0031 -299 -185 322 481
Kongrou 0.0022 -213 6 328 362
Kongrou 0.0020 37 491 677 1050
Kongrou 0.0014 -98 -82 984 643
Rouzaofun 0.2444 74 523 748 1122
Rouzaofun 0.0054 -52 21 166 348
Rouzaofun 0.0035 -115 434 935 987
Rouzaofun 0.0027 -299 -185 322 481
Rouzaofun 0.0026 -203 -32 318 344
Rouzaofun 0.0013 -110 854 1223 1540
Rouzaofun 0.0010 -4 456 492 1071
Rice_with_Shredded_Chicken 0.0250 74 523 748 1122
Rice_with_Shredded_Chicken 0.0049 -52 21 166 348
Rice_with_Shredded_Chicken 0.0028 -356 -360 390 649
Rice_with_Shredded_Chicken 0.0024 -110 854 1223 1540
Rice_with_Shredded_Chicken 0.0023 -213 6 328 362
Rice_with_Shredded_Chicken 0.0019 -178 -189 314 490
Rice_with_Shredded_Chicken 0.0012 -115 434 935 987
migao 0.0512 74 523 748 1122
migao 0.0058 -52 21 166 348
migao 0.0029 -356 -360 390 649
migao 0.0026 -178 -189 314 490
migao 0.0023 -213 6 328 362
migao 0.0013 -115 434 935 987
wagui 0.0053 -52 21 166 348
wagui 0.0036 74 523 748 1122
wagui 0.0030 -299 -185 322 481
wagui 0.0021 -213 6 328 362
wagui 0.0015 -98 -82 984 643
wagui 0.0011 -13 324 127 557
wagui 0.0011 -436 -464 466 638
