Kongrou 0.2125 144 61 421 420
Kongrou 0.0779 46 121 516 361
Kongrou 0.0123 332 -15 527 207
Kongrou 0.0067 71 -63 294 156
Kongrou 0.0057 189 361 375 478
Kongrou 0.0047 283 -161 467 -36
Kongrou 0.0043 284 -254 482 48
Kongrou 0.0039 231 380 470 504
Kongrou 0.0031 169 -332 561 95
Kongrou 0.0029 27 -135 338 224
Kongrou 0.0028 156 -213 606 6
Kongrou 0.0028 229 290 487 584
Kongrou 0.0024 51 -407 696 165
Kongrou 0.0019 161 132 391 313
Kongrou 0.0016 263 -39 595 228
Kongrou 0.0014 427 116 626 415
Kongrou 0.0011 240 411 409 478
Rouzaofun 0.0234 25 118 489 364
Rouzaofun 0.0094 144 61 421 420
Rouzaofun 0.0043 283 -161 467 -36
Rouzaofun 0.0043 231 380 470 504
Rouzaofun 0.0038 284 -254 482 48
Rouzaofun 0.0037 71 -63 294 156
Rouzaofun 0.0032 141 312 571 558
Rouzaofun 0.0029 339 22 534 177
Rouzaofun 0.0028 169 -332 561 95
Rouzaofun 0.0025 51 -407 696 165
Rouzaofun 0.0025 156 -213 606 6
Rouzaofun 0.0024 27 -135 338 224
Rouzaofun 0.0018 161 132 391 313
Rouzaofun 0.0014 189 361 375 478
Rouzaofun 0.0011 204 180 463 642
Rice_with_Shredded_Chicken 0.0373 25 118 489 364
Rice_with_Shredded_Chicken 0.0181 144 61 421 420
Rice_with_Shredded_Chicken 0.0057 71 -63 294 156
Rice_with_Shredded_Chicken 0.0052 283 -161 467 -36
Rice_with_Shredded_Chicken 0.0038 127 -293 613 57
Rice_with_Shredded_Chicken 0.0036 231 380 470 504
Rice_with_Shredded_Chicken 0.0035 284 -254 482 48
Rice_with_Shredded_Chicken 0.0034 51 -407 696 165
Rice_with_Shredded_Chicken 0.0026 27 -135 338 224
Rice_with_Shredded_Chicken 0.0025 141 312 571 558
Rice_with_Shredded_Chicken 0.0021 339 22 534 177
Rice_with_Shredded_Chicken 0.0015 427 116 626 415
Rice_with_Shredded_Chicken 0.0013 204 180 463 642
Rice_with_Shredded_Chicken 0.0010 161 132 391 313
migao 0.0850 106 66 411 416
migao 0.0256 -19 125 488 356
migao 0.0060 71 -63 294 156
migao 0.0051 231 380 470 504
migao 0.0051 283 -161 467 -36
migao 0.0041 127 -293 613 57
migao 0.0040 339 22 534 177
migao 0.0039 284 -254 482 48
migao 0.0031 141 312 571 558
migao 0.0029 27 -135 338 224
migao 0.0028 51 -407 696 165
migao 0.0018 189 361 375 478
migao 0.0016 427 116 626 415
migao 0.0014 161 132 391 313
migao 0.0014 263 -39 595 228
migao 0.0014 204 180 463 642
migao 0.0012 258 263 409 606
migao 0.0011 240 411 409 478
wagui 0.1585 106 66 411 416
wagui 0.0244 -19 125 488 356
wagui 0.0099 71 -63 294 156
wagui 0.0066 355 -14 554 206
wagui 0.0042 189 361 375 478
wagui 0.0039 51 -407 696 165
wagui 0.0037 27 -135 338 224
wagui 0.0034 284 -254 482 48
wagui 0.0033 283 -161 467 -36
wagui 0.0032 127 -293 613 57
wagui 0.0021 229 290 487 584
wagui 0.0017 263 -39 595 228
wagui 0.0014 231 380 470 504
wagui 0.0014 161 132 391 313
wagui 0.0011 -32 -116 674 173
wagui 0.0010 281 38 616 160
