Kongrou 0.0207 359 38 828 671
Kongrou 0.0050 937 -88 1393 463
Kongrou 0.0023 164 14 1025 584
Kongrou 0.0011 37 -76 1434 1187
Kongrou 0.0011 734 -53 1593 429
Rouzaofun 0.0746 359 38 828 671
Rouzaofun 0.0045 172 125 1020 694
Rouzaofun 0.0034 937 -88 1393 463
Rouzaofun 0.0013 182 226 866 566
Rouzaofun 0.0012 -57 110 1531 992
Rouzaofun 0.0011 696 -8 1632 498
Rice_with_Shredded_Chicken 0.0223 932 -89 1402 562
Rice_with_Shredded_Chicken 0.0091 359 38 828 671
Rice_with_Shredded_Chicken 0.0024 696 -8 1632 498
Rice_with_Shredded_Chicken 0.0023 164 14 1025 584
Rice_with_Shredded_Chicken 0.0014 -57 110 1531 992
Rice_with_Shredded_Chicken 0.0011 560 -245 1807 666
migao 0.0488 359 38 828 671
migao 0.0082 932 -89 1402 562
migao 0.0042 164 14 1025 584
migao 0.0022 696 -8 1632 498
migao 0.0011 182 226 866 566
wagui 0.0920 937 -88 1393 463
wagui 0.0065 696 -8 1632 498
wagui 0.0018 359 38 828 671
wagui 0.0016 560 -245 1807 666
wagui 0.0011 164 14 1025 584
wagui 0.0011 1132 -380 1644 184
