Kongrou 0.0389 175 37 256 112
Kongrou 0.0333 87 57 180 187
Kongrou 0.0214 4 57 213 176
Kongrou 0.0049 182 52 248 97
Kongrou 0.0031 148 50 273 99
Kongrou 0.0027 77 172 151 215
Kongrou 0.0021 26 74 97 145
Kongrou 0.0014 40 138 217 291
Kongrou 0.0014 114 141 174 282
Kongrou 0.0013 123 140 296 293
Kongrou 0.0012 33 51 135 173
Kongrou 0.0011 133 202 168 235
Rouzaofun 0.0777 175 37 256 112
Rouzaofun 0.0741 87 57 180 187
Rouzaofun 0.0527 4 57 213 176
Rouzaofun 0.0090 182 52 248 97
Rouzaofun 0.0071 148 50 273 99
Rouzaofun 0.0051 26 74 97 145
Rouzaofun 0.0021 33 51 135 173
Rouzaofun 0.0020 77 172 151 215
Rouzaofun 0.0016 133 202 168 235
Rouzaofun 0.0016 79 176 124 247
Rouzaofun 0.0014 35 142 224 287
Rouzaofun 0.0012 208 58 252 102
Rouzaofun 0.0012 97 127 318 301
Rouzaofun 0.0011 119 172 163 253
Rouzaofun 0.0011 114 141 174 282
Rouzaofun 0.0010 -43 171 50 252
Rice_with_Shredded_Chicken 0.0501 175 37 256 112
Rice_with_Shredded_Chicken 0.0233 4 57 213 176
Rice_with_Shredded_Chicken 0.0078 87 57 180 187
Rice_with_Shredded_Chicken 0.0060 80 -10 168 75
Rice_with_Shredded_Chicken 0.0050 148 50 273 99
Rice_with_Shredded_Chicken 0.0046 182 52 248 97
Rice_with_Shredded_Chicken 0.0024 26 74 97 145
Rice_with_Shredded_Chicken 0.0016 35 142 224 287
Rice_with_Shredded_Chicken 0.0016 133 202 168 235
Rice_with_Shredded_Chicken 0.0013 119 172 163 253
Rice_with_Shredded_Chicken 0.0011 31 174 135 248
Rice_with_Shredded_Chicken 0.0011 114 141 174 282
Rice_with_Shredded_Chicken 0.0011 97 127 318 301
Rice_with_Shredded_Chicken 0.0011 79 176 124 247
migao 0.0719 175 37 256 112
migao 0.0519 4 57 213 176
migao 0.0471 87 57 180 187
migao 0.0070 148 50 273 99
migao 0.0063 182 52 248 97
migao 0.0035 26 74 97 145
migao 0.0017 119 172 163 253
migao 0.0015 35 142 224 287
migao 0.0015 133 202 168 235
migao 0.0015 77 172 151 215
migao 0.0014 110 132 305 298
migao 0.0014 114 141 174 282
migao 0.0011 79 176 124 247
wagui 0.0484 175 37 256 112
wagui 0.0116 80 -10 168 75
wagui 0.0045 148 50 273 99
wagui 0.0043 182 52 248 97
wagui 0.0029 77 172 151 215
wagui 0.0021 53 71 214 172
wagui 0.0021 26 74 97 145
wagui 0.0018 35 142 224 287
wagui 0.0015 133 202 168 235
wagui 0.0014 87 57 180 187
wagui 0.0012 123 140 296 293
wagui 0.0010 114 141 174 282
wagui 0.0010 79 176 124 247
