Kongrou 0.0046 -22 283 1139 1420
Kongrou 0.0020 683 312 1022 738
Rouzaofun 0.1477 7 378 1088 1351
Rouzaofun 0.0168 223 637 939 1354
Rouzaofun 0.0015 555 628 1062 1356
Rouzaofun 0.0014 683 312 1022 738
Rice_with_Shredded_Chicken 0.0101 -22 283 1139 1420
Rice_with_Shredded_Chicken 0.0035 78 671 1085 1313
Rice_with_Shredded_Chicken 0.0011 683 312 1022 738
Rice_with_Shredded_Chicken 0.0010 21 1061 1089 1769
migao 0.0360 7 378 1088 1351
migao 0.0032 223 637 939 1354
migao 0.0018 683 312 1022 738
wagui 0.0040 -22 283 1139 1420
wagui 0.0023 683 312 1022 738
wagui 0.0012 78 671 1085 1313
