Kongrou 0.0331 54 -19 442 353
Kongrou 0.0102 259 -151 444 -34
Kongrou 0.0078 69 -36 276 214
Kongrou 0.0063 260 -249 458 56
Kongrou 0.0060 180 14 395 344
Kongrou 0.0052 168 -204 545 8
Kongrou 0.0017 171 339 358 448
Kongrou 0.0016 224 361 433 469
Kongrou 0.0014 -2 30 336 156
Kongrou 0.0014 237 277 434 544
Kongrou 0.0013 169 -316 513 91
Kongrou 0.0012 115 295 554 523
Kongrou 0.0012 327 115 819 587
Kongrou 0.0011 4 -384 697 156
Rouzaofun 0.0081 259 -151 444 -34
Rouzaofun 0.0052 260 -249 458 56
Rouzaofun 0.0047 -4 36 441 323
Rouzaofun 0.0046 168 -204 545 8
Rouzaofun 0.0032 76 0 281 164
Rouzaofun 0.0019 224 361 433 469
Rouzaofun 0.0015 115 295 554 523
Rouzaofun 0.0013 0 38 333 171
Rouzaofun 0.0012 169 -316 513 91
Rouzaofun 0.0012 4 -384 697 156
Rouzaofun 0.0010 237 277 434 544
Rouzaofun 0.0010 140 0 390 358
Rouzaofun 0.0010 357 27 795 492
Rice_with_Shredded_Chicken 0.0249 54 -19 442 353
Rice_with_Shredded_Chicken 0.0087 259 -151 444 -34
Rice_with_Shredded_Chicken 0.0051 260 -249 458 56
Rice_with_Shredded_Chicken 0.0044 168 -204 545 8
Rice_with_Shredded_Chicken 0.0020 76 0 281 164
Rice_with_Shredded_Chicken 0.0017 4 -384 697 156
Rice_with_Shredded_Chicken 0.0015 224 361 433 469
Rice_with_Shredded_Chicken 0.0015 169 -316 513 91
Rice_with_Shredded_Chicken 0.0012 115 295 554 523
Rice_with_Shredded_Chicken 0.0012 327 115 819 587
migao 0.0289 54 -19 442 353
migao 0.0100 259 -151 444 -34
migao 0.0057 260 -249 458 56
migao 0.0048 168 -204 545 8
migao 0.0032 76 0 281 164
migao 0.0024 224 361 433 469
migao 0.0016 180 14 395 344
migao 0.0015 115 295 554 523
migao 0.0013 237 277 434 544
migao 0.0013 4 -384 697 156
migao 0.0013 0 38 333 171
migao 0.0010 169 -316 513 91
migao 0.0010 10 -51 332 231
migao 0.0010 327 115 819 587
wagui 0.0058 259 -151 444 -34
wagui 0.0048 260 -249 458 56
wagui 0.0046 54 -19 442 353
wagui 0.0046 168 -204 545 8
wagui 0.0025 76 0 281 164
wagui 0.0020 4 -384 697 156
wagui 0.0011 327 115 819 587
wagui 0.0010 169 -316 513 91
wagui 0.0010 237 277 434 544
wagui 0.0010 10 -206 286 -28
wagui 0.0010 115 295 554 523
