Kongrou 0.0037 1099 45 1487 577
Kongrou 0.0034 457 146 1072 803
Kongrou 0.0018 978 174 1608 506
Kongrou 0.0010 -511 -89 677 463
Rouzaofun 0.3132 452 181 1081 870
Rouzaofun 0.0053 176 151 1303 967
Rouzaofun 0.0050 -199 -136 371 512
Rouzaofun 0.0045 1099 45 1487 577
Rouzaofun 0.0024 978 174 1608 506
Rouzaofun 0.0023 -517 -44 685 533
Rouzaofun 0.0022 437 312 898 709
Rouzaofun 0.0020 0 -68 201 520
Rouzaofun 0.0012 0 409 1485 1151
Rouzaofun 0.0010 361 392 948 993
Rice_with_Shredded_Chicken 0.0109 248 246 1285 802
Rice_with_Shredded_Chicken 0.0039 -199 -136 371 512
Rice_with_Shredded_Chicken 0.0032 1099 45 1487 577
Rice_with_Shredded_Chicken 0.0025 368 301 1056 970
Rice_with_Shredded_Chicken 0.0018 978 174 1608 506
Rice_with_Shredded_Chicken 0.0016 -517 -44 685 533
Rice_with_Shredded_Chicken 0.0012 0 -68 201 520
migao 0.0779 452 181 1081 870
migao 0.0046 1099 45 1487 577
migao 0.0029 176 151 1303 967
migao 0.0027 978 174 1608 506
migao 0.0027 -197 -117 369 604
migao 0.0018 0 -68 201 520
migao 0.0016 -517 -44 685 533
migao 0.0010 437 312 898 709
migao 0.0010 -6 -41 144 323
wagui 0.0055 1099 45 1487 577
wagui 0.0041 248 246 1285 802
wagui 0.0027 977 147 1608 476
wagui 0.0019 -199 -136 371 512
wagui 0.0015 -517 -44 685 533
wagui 0.0015 0 -68 201 520
wagui 0.0010 -6 -41 144 323
