Kongrou 0.0044 608 270 1154 902
Kongrou 0.0015 390 363 1374 912
Kongrou 0.0013 803 199 1979 856
Kongrou 0.0012 1117 91 1666 851
Rouzaofun 0.1207 604 277 1157 1002
Rouzaofun 0.0313 390 363 1374 912
Rouzaofun 0.0064 1128 162 1653 896
Rouzaofun 0.0032 803 199 1979 856
Rouzaofun 0.0015 633 389 1100 803
Rice_with_Shredded_Chicken 0.0079 390 363 1374 912
Rice_with_Shredded_Chicken 0.0054 604 277 1157 1002
Rice_with_Shredded_Chicken 0.0042 1128 162 1653 896
Rice_with_Shredded_Chicken 0.0024 803 199 1979 856
migao 0.0305 604 277 1157 1002
migao 0.0139 390 363 1374 912
migao 0.0032 1128 162 1653 896
migao 0.0023 803 199 1979 856
wagui 0.0036 657 268 1209 1014
wagui 0.0036 459 357 1412 918
wagui 0.0022 803 199 1979 856
wagui 0.0019 1128 162 1653 896
