Kongrou 0.0128 280 230 905 928
Kongrou 0.0061 -31 304 1109 857
Kongrou 0.0014 983 116 1432 621
Kongrou 0.0012 44 1008 578 1404
Kongrou 0.0011 99 256 642 909
Kongrou 0.0010 -396 -491 518 443
Rouzaofun 0.2183 134 207 829 957
Rouzaofun 0.0112 -43 257 1119 793
Rouzaofun 0.0026 410 248 894 911
Rouzaofun 0.0016 805 -108 1408 258
Rouzaofun 0.0015 983 116 1432 621
Rouzaofun 0.0011 -396 -491 518 443
Rouzaofun 0.0011 44 1008 578 1404
Rice_with_Shredded_Chicken 0.0262 -64 306 1029 856
Rice_with_Shredded_Chicken 0.0029 280 230 905 928
Rice_with_Shredded_Chicken 0.0013 44 1008 578 1404
Rice_with_Shredded_Chicken 0.0011 -396 -491 518 443
migao 0.0744 191 197 884 963
migao 0.0407 -31 304 1109 857
migao 0.0013 855 187 1560 549
migao 0.0011 975 109 1383 628
wagui 0.0057 1023 85 1427 725
wagui 0.0046 -41 211 1058 926
wagui 0.0015 44 1008 578 1404
wagui 0.0013 855 187 1560 549
wagui 0.0010 -396 -491 518 443
