Kongrou 0.0019 29 419 1089 1316
Kongrou 0.0010 810 73 1179 297
Kongrou 0.0010 587 398 891 594
Rouzaofun 0.0899 29 419 1089 1316
Rouzaofun 0.0092 125 599 816 1275
Rouzaofun 0.0057 433 522 1071 1234
Rouzaofun 0.0011 509 660 1023 1073
Rouzaofun 0.0011 3 956 1126 1645
Rouzaofun 0.0010 810 73 1179 297
Rouzaofun 0.0010 882 -22 1104 106
Rice_with_Shredded_Chicken 0.0045 29 419 1089 1316
Rice_with_Shredded_Chicken 0.0012 315 579 1189 1176
Rice_with_Shredded_Chicken 0.0012 882 -22 1104 106
Rice_with_Shredded_Chicken 0.0011 936 -41 1107 71
Rice_with_Shredded_Chicken 0.0010 3 956 1126 1645
Rice_with_Shredded_Chicken 0.0010 810 73 1179 297
migao 0.0248 29 419 1089 1316
migao 0.0022 125 599 816 1275
migao 0.0021 315 579 1189 1176
migao 0.0015 810 73 1179 297
migao 0.0014 882 -22 1104 106
migao 0.0013 936 -41 1107 71
migao 0.0011 587 398 891 594
wagui 0.0026 882 -22 1104 106
wagui 0.0024 936 -41 1107 71
wagui 0.0019 29 419 1089 1316
wagui 0.0017 810 73 1179 297
wagui 0.0016 587 398 891 594
