Kongrou 0.0120 279 163 903 787
Kongrou 0.0020 977 132 1438 605
Kongrou 0.0015 551 1043 958 1278
Kongrou 0.0013 -14 109 95 456
Kongrou 0.0011 836 203 1579 534
Kongrou 0.0010 568 807 974 1608
Rouzaofun 0.5386 220 234 856 807
Rouzaofun 0.0212 -35 179 1117 755
Rouzaofun 0.0057 730 -65 1380 423
Rouzaofun 0.0032 -14 109 95 456
Rouzaofun 0.0025 1028 84 1421 724
Rouzaofun 0.0025 -212 15 272 582
Rouzaofun 0.0022 474 208 943 734
Rouzaofun 0.0017 873 193 1599 544
Rouzaofun 0.0013 718 1159 901 1341
Rouzaofun 0.0011 -480 -51 536 650
Rouzaofun 0.0011 198 334 739 687
Rice_with_Shredded_Chicken 0.0210 220 234 856 807
Rice_with_Shredded_Chicken 0.0081 1028 84 1421 724
Rice_with_Shredded_Chicken 0.0052 -35 179 1117 755
Rice_with_Shredded_Chicken 0.0041 -14 109 95 456
Rice_with_Shredded_Chicken 0.0026 730 -65 1380 423
Rice_with_Shredded_Chicken 0.0016 810 146 1633 692
Rice_with_Shredded_Chicken 0.0015 -212 15 272 582
Rice_with_Shredded_Chicken 0.0012 -68 947 678 1356
Rice_with_Shredded_Chicken 0.0012 718 1159 901 1341
Rice_with_Shredded_Chicken 0.0012 605 990 904 1438
migao 0.1586 220 234 856 807
migao 0.0099 -35 179 1117 755
migao 0.0058 1028 84 1421 724
migao 0.0051 -14 109 95 456
migao 0.0028 730 -65 1380 423
migao 0.0021 810 146 1633 692
migao 0.0015 605 990 904 1438
migao 0.0014 551 1043 958 1278
migao 0.0013 -212 15 272 582
migao 0.0011 718 1159 901 1341
migao 0.0010 568 807 974 1608
wagui 0.0354 1028 84 1421 724
wagui 0.0100 220 234 856 807
wagui 0.0067 -14 109 95 456
wagui 0.0044 810 146 1633 692
wagui 0.0042 730 -65 1380 423
wagui 0.0034 -35 179 1117 755
wagui 0.0012 718 1159 901 1341
wagui 0.0011 -35 75 61 377
wagui 0.0010 6 186 134 493
wagui 0.0010 -212 15 272 582
