Kongrou 0.0969 195 77 845 545
Kongrou 0.0051 126 -42 389 241
Kongrou 0.0049 268 508 526 671
Kongrou 0.0043 352 563 631 685
Kongrou 0.0034 402 -206 651 -69
Kongrou 0.0031 408 -362 670 72
Kongrou 0.0030 299 7 701 466
Kongrou 0.0028 355 386 651 839
Kongrou 0.0024 171 458 832 767
Kongrou 0.0020 228 -286 845 -3
Kongrou 0.0017 155 -414 886 82
Kongrou 0.0017 63 5 334 207
Kongrou 0.0014 8 -576 1043 233
Kongrou 0.0010 34 -30 862 405
Kongrou 0.0010 602 -489 1127 157
Rouzaofun 0.0610 195 77 845 545
Rouzaofun 0.0076 126 -42 389 241
Rouzaofun 0.0030 352 563 631 685
Rouzaofun 0.0029 402 -206 651 -69
Rouzaofun 0.0025 408 -362 670 72
Rouzaofun 0.0023 171 458 832 767
Rouzaofun 0.0023 63 5 334 207
Rouzaofun 0.0021 355 386 651 839
Rouzaofun 0.0017 235 -463 790 127
Rouzaofun 0.0016 228 -286 845 -3
Rouzaofun 0.0016 8 -576 1043 233
Rouzaofun 0.0015 281 70 586 538
Rouzaofun 0.0013 147 16 388 162
Rouzaofun 0.0011 268 508 526 671
Rice_with_Shredded_Chicken 0.0835 195 77 845 545
Rice_with_Shredded_Chicken 0.0029 402 -206 651 -69
Rice_with_Shredded_Chicken 0.0025 408 -362 670 72
Rice_with_Shredded_Chicken 0.0025 352 563 631 685
Rice_with_Shredded_Chicken 0.0023 64 12 402 199
Rice_with_Shredded_Chicken 0.0023 155 -414 886 82
Rice_with_Shredded_Chicken 0.0022 8 -576 1043 233
Rice_with_Shredded_Chicken 0.0020 355 386 651 839
Rice_with_Shredded_Chicken 0.0019 171 458 832 767
Rice_with_Shredded_Chicken 0.0016 228 -286 845 -3
Rice_with_Shredded_Chicken 0.0011 602 -489 1127 157
migao 0.1642 195 77 845 545
migao 0.0175 126 -42 389 241
migao 0.0047 352 563 631 685
migao 0.0036 402 -206 651 -69
migao 0.0029 408 -362 670 72
migao 0.0028 355 386 651 839
migao 0.0025 155 -414 886 82
migao 0.0025 171 458 832 767
migao 0.0019 63 5 334 207
migao 0.0019 228 -286 845 -3
migao 0.0017 8 -576 1043 233
migao 0.0016 268 508 526 671
migao 0.0011 18 -85 499 281
wagui 0.0131 126 -42 389 241
wagui 0.0120 195 77 845 545
wagui 0.0029 268 508 526 671
wagui 0.0026 8 -576 1043 233
wagui 0.0025 402 -206 651 -69
wagui 0.0023 408 -362 670 72
wagui 0.0021 352 563 631 685
wagui 0.0019 155 -414 886 82
wagui 0.0019 228 -286 845 -3
wagui 0.0018 355 386 651 839
wagui 0.0018 171 458 832 767
wagui 0.0016 63 5 334 207
wagui 0.0012 147 16 388 162
wagui 0.0011 18 -85 499 281
