Kongrou 0.0045 16 770 926 1443
Kongrou 0.0030 290 -16 732 498
Kongrou 0.0020 759 -67 1059 549
Kongrou 0.0017 660 49 1158 433
Kongrou 0.0016 134 94 888 445
Kongrou 0.0014 -573 -565 541 1351
Kongrou 0.0012 -674 11 639 762
Rouzaofun 0.0732 16 770 926 1443
Rouzaofun 0.0069 175 876 765 1563
Rouzaofun 0.0036 759 -67 1059 549
Rouzaofun 0.0033 290 -16 732 498
Rouzaofun 0.0033 98 -32 951 551
Rouzaofun 0.0023 147 73 874 409
Rouzaofun 0.0022 660 49 1158 433
Rouzaofun 0.0019 673 -156 1171 673
Rouzaofun 0.0016 841 3 1090 704
Rouzaofun 0.0012 -674 11 639 762
Rouzaofun 0.0012 -573 -565 541 1351
Rouzaofun 0.0011 780 93 1208 561
Rice_with_Shredded_Chicken 0.0179 262 -113 787 627
Rice_with_Shredded_Chicken 0.0118 16 770 926 1443
Rice_with_Shredded_Chicken 0.0024 48 15 1005 616
Rice_with_Shredded_Chicken 0.0023 759 -67 1059 549
Rice_with_Shredded_Chicken 0.0018 134 94 888 445
Rice_with_Shredded_Chicken 0.0016 660 49 1158 433
Rice_with_Shredded_Chicken 0.0014 673 -156 1171 673
Rice_with_Shredded_Chicken 0.0013 -573 -565 541 1351
Rice_with_Shredded_Chicken 0.0011 -674 11 639 762
Rice_with_Shredded_Chicken 0.0010 841 3 1090 704
migao 0.0416 16 770 926 1443
migao 0.0066 262 -113 787 627
migao 0.0034 759 -67 1059 549
migao 0.0027 660 49 1158 433
migao 0.0023 134 94 888 445
migao 0.0019 48 15 1005 616
migao 0.0014 841 3 1090 704
migao 0.0013 175 876 765 1563
migao 0.0011 -573 -565 541 1351
migao 0.0011 780 93 1208 561
migao 0.0010 673 -156 1171 673
wagui 0.1510 262 -113 787 627
wagui 0.0127 48 15 1005 616
wagui 0.0030 759 -67 1059 549
wagui 0.0025 16 770 926 1443
wagui 0.0025 660 49 1158 433
wagui 0.0022 134 94 888 445
wagui 0.0018 673 -156 1171 673
wagui 0.0013 841 3 1090 704
wagui 0.0012 -674 11 639 762
wagui 0.0011 -573 -565 541 1351
wagui 0.0011 780 93 1208 561
