Kongrou 0.0988 145 -8 649 602
Kongrou 0.0051 350 -108 587 12
Kongrou 0.0048 191 0 517 449
Kongrou 0.0037 345 -238 612 127
Kongrou 0.0027 170 -188 783 78
Kongrou 0.0023 288 38 601 527
Kongrou 0.0010 18 -167 312 61
Kongrou 0.0010 386 -147 554 109
Rouzaofun 0.0380 145 -8 649 602
Rouzaofun 0.0038 350 -108 587 12
Rouzaofun 0.0030 345 -238 612 127
Rouzaofun 0.0028 180 97 527 531
Rouzaofun 0.0021 170 -188 783 78
Rouzaofun 0.0012 18 -167 312 61
Rouzaofun 0.0010 386 -147 554 109
Rice_with_Shredded_Chicken 0.0745 145 -8 649 602
Rice_with_Shredded_Chicken 0.0037 350 -108 587 12
Rice_with_Shredded_Chicken 0.0031 345 -238 612 127
Rice_with_Shredded_Chicken 0.0021 170 -188 783 78
Rice_with_Shredded_Chicken 0.0013 18 -167 312 61
Rice_with_Shredded_Chicken 0.0011 386 -147 554 109
Rice_with_Shredded_Chicken 0.0011 4 -449 932 291
migao 0.2055 145 -8 649 602
migao 0.0053 350 -108 587 12
migao 0.0035 345 -238 612 127
migao 0.0025 170 -188 783 78
migao 0.0014 386 -147 554 109
migao 0.0012 180 97 527 531
wagui 0.0226 145 -8 649 602
wagui 0.0035 350 -108 587 12
wagui 0.0027 345 -238 612 127
wagui 0.0024 170 -188 783 78
wagui 0.0013 4 -449 932 291
wagui 0.0010 386 -147 554 109
