Kongrou 0.6371 49 8 754 594
Kongrou 0.0032 107 78 597 490
Kongrou 0.0011 -62 -29 627 395
Kongrou 0.0010 22 464 317 660
Rouzaofun 0.0566 56 27 743 577
Rouzaofun 0.0011 337 524 540 787
Rice_with_Shredded_Chicken 0.0440 98 49 687 558
Rice_with_Shredded_Chicken 0.0013 7 -48 800 419
Rice_with_Shredded_Chicken 0.0011 337 524 540 787
Rice_with_Shredded_Chicken 0.0010 22 464 317 660
migao 0.2764 56 27 743 577
migao 0.0014 337 524 540 787
wagui 0.0523 56 27 743 577
wagui 0.0016 490 17 770 368
wagui 0.0012 22 464 317 660
wagui 0.0010 258 560 466 609
