Kongrou 0.0120 72 15 282 174
Kongrou 0.0114 220 -22 319 89
Kongrou 0.0074 191 -58 348 128
Kongrou 0.0047 252 5 281 55
Kongrou 0.0036 152 45 261 169
Kongrou 0.0031 241 -15 292 87
Kongrou 0.0014 74 105 284 286
Kongrou 0.0011 78 35 186 178
Kongrou 0.0010 65 -12 179 57
Rouzaofun 0.0160 220 -22 319 89
Rouzaofun 0.0074 55 8 267 181
Rouzaofun 0.0065 191 -58 348 128
Rouzaofun 0.0054 253 10 280 61
Rouzaofun 0.0043 65 -12 179 57
Rouzaofun 0.0033 241 -15 292 87
Rouzaofun 0.0013 74 95 287 297
Rouzaofun 0.0012 117 36 293 159
Rouzaofun 0.0011 -3 26 50 129
Rouzaofun 0.0010 163 72 253 157
Rouzaofun 0.0010 116 118 246 276
Rice_with_Shredded_Chicken 0.0556 60 27 261 193
Rice_with_Shredded_Chicken 0.0357 72 -11 192 57
Rice_with_Shredded_Chicken 0.0099 191 -58 348 128
Rice_with_Shredded_Chicken 0.0092 220 -22 319 89
Rice_with_Shredded_Chicken 0.0049 253 10 280 61
Rice_with_Shredded_Chicken 0.0026 241 -15 292 87
Rice_with_Shredded_Chicken 0.0017 4 -28 238 75
Rice_with_Shredded_Chicken 0.0014 74 95 287 297
Rice_with_Shredded_Chicken 0.0010 212 3 258 25
migao 0.0251 60 27 261 193
migao 0.0154 220 -22 319 89
migao 0.0093 191 -58 348 128
migao 0.0062 253 10 280 61
migao 0.0037 72 -11 192 57
migao 0.0029 240 -20 293 81
migao 0.0017 117 36 293 159
migao 0.0012 74 105 284 286
migao 0.0011 212 3 258 25
wagui 0.1773 72 15 282 174
wagui 0.0359 72 -11 192 57
wagui 0.0186 220 -22 319 89
wagui 0.0088 191 -58 348 128
wagui 0.0073 252 5 281 55
wagui 0.0036 152 45 261 169
wagui 0.0033 240 -20 293 81
wagui 0.0027 212 3 258 25
wagui 0.0014 74 105 284 286
wagui 0.0013 84 50 222 186
wagui 0.0013 8 -29 253 75
