Kongrou 0.0291 71 -8 232 174
Kongrou 0.0037 132 -71 219 -20
Kongrou 0.0035 116 187 211 227
Kongrou 0.0034 133 -119 225 22
Kongrou 0.0028 124 133 210 274
Kongrou 0.0028 96 -144 298 35
Kongrou 0.0023 48 152 287 256
Kongrou 0.0021 76 -96 281 0
Kongrou 0.0013 58 33 184 169
Kongrou 0.0013 201 63 375 285
Kongrou 0.0011 139 11 240 144
Kongrou 0.0011 146 131 278 232
Kongrou 0.0010 3 -207 348 91
Kongrou 0.0010 -16 -158 221 46
Rouzaofun 0.0795 50 -3 249 170
Rouzaofun 0.0034 132 -71 219 -20
Rouzaofun 0.0030 116 187 211 227
Rouzaofun 0.0028 133 -119 225 22
Rouzaofun 0.0024 48 152 287 256
Rouzaofun 0.0021 124 133 210 274
Rouzaofun 0.0020 96 -144 298 35
Rouzaofun 0.0018 76 -96 281 0
Rouzaofun 0.0014 201 63 375 285
Rouzaofun 0.0012 139 11 240 144
Rouzaofun 0.0011 3 -207 348 91
Rouzaofun 0.0010 146 131 278 232
Rice_with_Shredded_Chicken 0.4433 50 -3 249 170
Rice_with_Shredded_Chicken 0.0035 132 -71 219 -20
Rice_with_Shredded_Chicken 0.0027 133 -119 225 22
Rice_with_Shredded_Chicken 0.0025 91 -164 300 51
Rice_with_Shredded_Chicken 0.0020 48 152 287 256
Rice_with_Shredded_Chicken 0.0020 116 187 211 227
Rice_with_Shredded_Chicken 0.0019 124 133 210 274
Rice_with_Shredded_Chicken 0.0018 -16 -158 221 46
Rice_with_Shredded_Chicken 0.0018 76 -96 281 0
Rice_with_Shredded_Chicken 0.0016 3 -207 348 91
Rice_with_Shredded_Chicken 0.0015 201 63 375 285
Rice_with_Shredded_Chicken 0.0012 146 131 278 232
Rice_with_Shredded_Chicken 0.0010 1 32 26 106
migao 0.1687 50 -3 249 170
migao 0.0044 116 187 211 227
migao 0.0041 132 -71 219 -20
migao 0.0031 133 -119 225 22
migao 0.0027 124 133 210 274
migao 0.0026 96 -144 298 35
migao 0.0025 48 152 287 256
migao 0.0021 76 -96 281 0
migao 0.0013 3 -207 348 91
migao 0.0012 1 32 26 106
migao 0.0012 201 63 375 285
migao 0.0011 -16 -158 221 46
wagui 0.0614 50 -3 249 170
wagui 0.0026 132 -71 219 -20
wagui 0.0025 1 32 26 106
wagui 0.0025 133 -119 225 22
wagui 0.0023 91 -164 300 51
wagui 0.0022 -16 -158 221 46
wagui 0.0021 76 -96 281 0
wagui 0.0020 48 152 287 256
wagui 0.0020 3 -207 348 91
wagui 0.0019 116 187 211 227
wagui 0.0017 124 133 210 274
wagui 0.0015 -1 23 18 92
wagui 0.0011 201 63 375 285
wagui 0.0010 85 -84 180 -32
wagui 0.0010 14 -2 60 14
