Kongrou 0.0197 45 -2 227 181
Kongrou 0.0032 206 162 243 184
Kongrou 0.0026 95 173 168 215
Kongrou 0.0020 120 -45 201 -10
Kongrou 0.0017 125 -91 204 30
Kongrou 0.0017 84 -127 273 53
Kongrou 0.0014 59 105 258 284
Kongrou 0.0013 62 -75 265 15
Kongrou 0.0012 127 140 201 263
Kongrou 0.0011 124 184 197 225
Rouzaofun 0.2661 45 -2 227 181
Rouzaofun 0.0043 206 162 243 184
Rouzaofun 0.0027 115 27 233 165
Rouzaofun 0.0025 95 173 168 215
Rouzaofun 0.0018 120 -45 201 -10
Rouzaofun 0.0015 183 134 266 211
Rouzaofun 0.0014 125 -91 204 30
Rouzaofun 0.0013 20 42 255 226
Rouzaofun 0.0013 84 -127 273 53
Rouzaofun 0.0013 59 105 258 284
Rouzaofun 0.0011 62 -75 265 15
Rouzaofun 0.0011 6 -8 267 113
Rice_with_Shredded_Chicken 0.7659 24 4 250 177
Rice_with_Shredded_Chicken 0.0044 206 162 243 184
Rice_with_Shredded_Chicken 0.0016 120 -45 201 -10
Rice_with_Shredded_Chicken 0.0016 63 -144 297 69
Rice_with_Shredded_Chicken 0.0015 59 105 258 284
Rice_with_Shredded_Chicken 0.0013 125 -91 204 30
Rice_with_Shredded_Chicken 0.0011 55 35 187 178
Rice_with_Shredded_Chicken 0.0011 124 184 197 225
Rice_with_Shredded_Chicken 0.0011 62 -75 265 15
Rice_with_Shredded_Chicken 0.0011 183 134 266 211
migao 0.0779 45 -2 227 181
migao 0.0050 206 162 243 184
migao 0.0023 120 -45 201 -10
migao 0.0019 95 173 168 215
migao 0.0016 125 -91 204 30
migao 0.0014 124 184 197 225
migao 0.0013 69 118 250 273
migao 0.0013 63 -144 297 69
migao 0.0013 62 -75 265 15
migao 0.0011 127 140 201 263
wagui 0.1622 45 -2 227 181
wagui 0.0093 206 162 243 184
wagui 0.0055 95 173 168 215
wagui 0.0015 69 118 250 273
wagui 0.0014 183 134 266 211
wagui 0.0014 63 -144 297 69
wagui 0.0013 120 -45 201 -10
wagui 0.0012 38 154 93 182
wagui 0.0011 62 -75 265 15
wagui 0.0011 125 -91 204 30
