Kongrou 0.6862 75 -46 725 581
Kongrou 0.0123 346 -137 592 -26
Kongrou 0.0107 349 -291 610 111
Kongrou 0.0074 166 -215 789 37
Kongrou 0.0053 175 44 657 457
Kongrou 0.0042 259 -331 797 125
Kongrou 0.0017 8 -499 931 276
Kongrou 0.0015 300 -216 643 -13
Kongrou 0.0011 79 49 446 515
Kongrou 0.0010 -29 -95 838 262
Rouzaofun 0.0381 54 -17 744 546
Rouzaofun 0.0111 346 -137 592 -26
Rouzaofun 0.0081 349 -291 610 111
Rouzaofun 0.0063 166 -215 789 37
Rouzaofun 0.0032 230 -443 819 231
Rouzaofun 0.0016 426 590 513 697
Rouzaofun 0.0010 300 -216 643 -13
Rice_with_Shredded_Chicken 0.0413 147 7 640 532
Rice_with_Shredded_Chicken 0.0105 346 -137 592 -26
Rice_with_Shredded_Chicken 0.0084 349 -291 610 111
Rice_with_Shredded_Chicken 0.0064 166 -215 789 37
Rice_with_Shredded_Chicken 0.0039 248 -375 801 157
Rice_with_Shredded_Chicken 0.0028 8 -499 931 276
Rice_with_Shredded_Chicken 0.0019 426 590 513 697
Rice_with_Shredded_Chicken 0.0012 55 -107 755 394
Rice_with_Shredded_Chicken 0.0011 300 -216 643 -13
migao 0.3144 54 -17 744 546
migao 0.0141 346 -137 592 -26
migao 0.0098 349 -291 610 111
migao 0.0074 166 -215 789 37
migao 0.0040 259 -331 797 125
migao 0.0022 8 -499 931 276
migao 0.0016 426 590 513 697
migao 0.0014 300 -216 643 -13
migao 0.0011 395 -179 545 72
migao 0.0011 364 510 576 680
wagui 0.0529 54 -17 744 546
wagui 0.0099 346 -137 592 -26
wagui 0.0073 349 -291 610 111
wagui 0.0068 166 -215 789 37
wagui 0.0036 248 -375 801 157
wagui 0.0035 8 -499 931 276
wagui 0.0020 426 590 513 697
wagui 0.0010 226 -184 483 -44
