Kongrou 0.2281 70 32 720 507
Kongrou 0.0054 169 -31 538 415
Kongrou 0.0018 205 -382 715 170
Kongrou 0.0011 46 180 632 599
Kongrou 0.0011 528 289 794 585
Kongrou 0.0011 331 -139 545 -24
Kongrou 0.0010 321 8 633 492
Kongrou 0.0010 334 -262 562 85
Rouzaofun 0.0098 70 32 720 507
Rouzaofun 0.0015 205 -382 715 170
Rouzaofun 0.0012 39 100 468 293
Rouzaofun 0.0010 -3 -231 675 257
Rice_with_Shredded_Chicken 0.0322 70 32 720 507
Rice_with_Shredded_Chicken 0.0021 -3 -231 675 257
Rice_with_Shredded_Chicken 0.0016 172 -34 534 105
Rice_with_Shredded_Chicken 0.0016 205 -382 715 170
Rice_with_Shredded_Chicken 0.0014 197 191 571 560
Rice_with_Shredded_Chicken 0.0013 459 -130 1076 536
Rice_with_Shredded_Chicken 0.0012 528 289 794 585
migao 0.0839 70 32 720 507
migao 0.0015 182 -318 739 105
migao 0.0013 169 -31 538 415
migao 0.0012 331 -139 545 -24
migao 0.0011 39 100 468 293
migao 0.0010 -3 -231 675 257
wagui 0.0094 70 32 720 507
wagui 0.0028 172 -34 534 105
wagui 0.0019 -3 -231 675 257
wagui 0.0016 205 -382 715 170
wagui 0.0012 459 -130 1076 536
