Kongrou 0.0179 36 4 219 184
Kongrou 0.0028 171 -5 256 91
Kongrou 0.0022 0 55 255 219
Kongrou 0.0018 96 170 172 215
Kongrou 0.0017 124 146 185 276
Kongrou 0.0014 103 82 186 300
Kongrou 0.0012 40 146 229 237
Rouzaofun 0.6513 5 17 252 178
Rouzaofun 0.0065 41 63 215 209
Rouzaofun 0.0032 96 170 172 215
Rouzaofun 0.0017 73 30 215 153
Rouzaofun 0.0015 124 171 179 253
Rouzaofun 0.0015 41 -21 214 132
Rouzaofun 0.0014 40 146 229 237
Rouzaofun 0.0013 27 50 162 172
Rouzaofun 0.0012 103 82 186 300
Rice_with_Shredded_Chicken 0.2480 5 20 251 174
Rice_with_Shredded_Chicken 0.0037 41 63 215 209
Rice_with_Shredded_Chicken 0.0036 171 -5 256 91
Rice_with_Shredded_Chicken 0.0018 124 171 179 253
Rice_with_Shredded_Chicken 0.0017 96 170 172 215
Rice_with_Shredded_Chicken 0.0014 88 92 181 290
Rice_with_Shredded_Chicken 0.0013 133 -9 293 94
Rice_with_Shredded_Chicken 0.0011 84 166 225 255
migao 0.1670 5 20 251 174
migao 0.0037 41 63 215 209
migao 0.0022 96 170 172 215
migao 0.0021 124 171 179 253
migao 0.0014 88 92 181 290
migao 0.0013 40 146 229 237
migao 0.0011 171 -5 256 91
wagui 0.0744 36 4 219 184
wagui 0.0047 0 55 255 219
wagui 0.0041 171 -5 256 91
wagui 0.0040 96 170 172 215
wagui 0.0017 40 146 229 237
wagui 0.0013 133 -9 293 94
wagui 0.0013 124 146 185 276
wagui 0.0012 103 82 186 300
