Kongrou 0.0243 358 74 680 633
Kongrou 0.0178 142 91 845 674
Kongrou 0.0173 -11 213 145 592
Kongrou 0.0060 359 182 698 470
Kongrou 0.0040 816 182 1008 585
Kongrou 0.0030 -71 269 204 538
Kongrou 0.0016 258 223 798 428
Kongrou 0.0014 7 311 165 533
Kongrou 0.0010 51 -67 368 391
Rouzaofun 0.0327 -11 213 145 592
Rouzaofun 0.0160 420 -62 769 236
Rouzaofun 0.0100 816 182 1008 585
Rouzaofun 0.0057 359 182 698 470
Rouzaofun 0.0050 -71 269 204 538
Rouzaofun 0.0044 142 91 845 674
Rouzaofun 0.0028 258 223 798 428
Rouzaofun 0.0027 7 311 165 533
Rouzaofun 0.0023 267 -104 921 275
Rouzaofun 0.0018 358 74 680 633
Rouzaofun 0.0017 51 -67 368 391
Rouzaofun 0.0014 906 660 997 761
Rouzaofun 0.0013 824 283 1002 485
Rouzaofun 0.0010 925 631 1017 751
Rouzaofun 0.0010 -100 346 235 652
Rice_with_Shredded_Chicken 0.0245 157 82 839 797
Rice_with_Shredded_Chicken 0.0224 -11 213 145 592
Rice_with_Shredded_Chicken 0.0087 358 74 680 633
Rice_with_Shredded_Chicken 0.0062 420 -62 769 236
Rice_with_Shredded_Chicken 0.0052 816 182 1008 585
Rice_with_Shredded_Chicken 0.0040 -71 269 204 538
Rice_with_Shredded_Chicken 0.0030 359 182 698 470
Rice_with_Shredded_Chicken 0.0024 908 634 994 748
Rice_with_Shredded_Chicken 0.0020 258 223 798 428
Rice_with_Shredded_Chicken 0.0020 51 -67 368 391
Rice_with_Shredded_Chicken 0.0014 267 -104 921 275
Rice_with_Shredded_Chicken 0.0013 919 661 1022 760
Rice_with_Shredded_Chicken 0.0013 7 311 165 533
migao 0.0341 -11 213 145 592
migao 0.0073 816 182 1008 585
migao 0.0068 358 74 680 633
migao 0.0064 -71 269 204 538
migao 0.0058 142 91 845 674
migao 0.0050 359 182 698 470
migao 0.0037 420 -62 769 236
migao 0.0029 908 634 994 748
migao 0.0025 258 223 798 428
migao 0.0018 7 311 165 533
migao 0.0014 919 661 1022 760
migao 0.0011 51 -67 368 391
wagui 0.0209 -11 213 145 592
wagui 0.0061 908 634 994 748
wagui 0.0047 816 182 1008 585
wagui 0.0044 -71 269 204 538
wagui 0.0035 359 182 698 470
wagui 0.0035 919 661 1022 760
wagui 0.0026 142 91 845 674
wagui 0.0023 51 -67 368 391
wagui 0.0021 358 74 680 633
wagui 0.0019 258 223 798 428
wagui 0.0012 7 311 165 533
wagui 0.0011 929 598 1012 745
wagui 0.0011 902 679 1000 781
