Kongrou 0.0495 95 106 695 609
Kongrou 0.0154 291 111 600 580
Kongrou 0.0131 596 199 803 414
Kongrou 0.0039 149 -18 388 172
Kongrou 0.0033 455 64 605 182
Kongrou 0.0018 431 608 568 715
Kongrou 0.0013 368 242 600 526
Kongrou 0.0013 393 550 635 773
Kongrou 0.0011 -65 419 383 925
Kongrou 0.0010 420 27 610 217
Kongrou 0.0010 463 627 597 725
Rouzaofun 0.0147 596 199 803 414
Rouzaofun 0.0068 95 106 695 609
Rouzaofun 0.0046 455 64 605 182
Rouzaofun 0.0032 149 -18 388 172
Rouzaofun 0.0021 431 608 568 715
Rouzaofun 0.0016 393 550 635 773
Rouzaofun 0.0013 368 242 600 526
Rouzaofun 0.0013 274 263 662 474
Rouzaofun 0.0013 463 627 597 725
Rouzaofun 0.0011 420 27 610 217
Rouzaofun 0.0010 -65 419 383 925
Rouzaofun 0.0010 666 215 795 370
Rice_with_Shredded_Chicken 0.0400 95 106 695 609
Rice_with_Shredded_Chicken 0.0120 596 199 803 414
Rice_with_Shredded_Chicken 0.0029 455 64 605 182
Rice_with_Shredded_Chicken 0.0022 431 608 568 715
Rice_with_Shredded_Chicken 0.0019 149 -18 388 172
Rice_with_Shredded_Chicken 0.0014 393 550 635 773
Rice_with_Shredded_Chicken 0.0013 463 627 597 725
Rice_with_Shredded_Chicken 0.0012 291 111 600 580
Rice_with_Shredded_Chicken 0.0010 -65 419 383 925
Rice_with_Shredded_Chicken 0.0010 420 27 610 217
migao 0.0282 95 106 695 609
migao 0.0212 596 199 803 414
migao 0.0044 455 64 605 182
migao 0.0029 149 -18 388 172
migao 0.0026 291 111 600 580
migao 0.0022 431 608 568 715
migao 0.0012 303 282 665 486
migao 0.0012 393 550 635 773
migao 0.0012 463 627 597 725
migao 0.0012 -65 419 383 925
migao 0.0011 44 23 124 130
migao 0.0010 420 27 610 217
wagui 0.0509 95 106 695 609
wagui 0.0176 596 199 803 414
wagui 0.0089 455 64 605 182
wagui 0.0052 291 111 600 580
wagui 0.0025 44 23 124 130
wagui 0.0022 149 -18 388 172
wagui 0.0022 431 608 568 715
wagui 0.0019 420 27 610 217
wagui 0.0014 463 627 597 725
wagui 0.0013 393 550 635 773
wagui 0.0010 472 583 619 709
wagui 0.0010 -176 -244 359 363
