Kongrou 0.1047 30 47 755 551
Kongrou 0.0120 7 65 455 504
Kongrou 0.0052 273 530 496 666
Kongrou 0.0024 345 21 669 488
Kongrou 0.0023 169 -28 747 399
Kongrou 0.0017 391 17 607 289
Kongrou 0.0013 267 477 567 648
Kongrou 0.0012 391 458 567 848
Kongrou 0.0012 112 452 663 732
Kongrou 0.0012 244 287 526 895
Kongrou 0.0011 29 -150 367 47
Rouzaofun 0.0276 30 47 755 551
Rouzaofun 0.0079 7 65 455 504
Rouzaofun 0.0048 273 530 496 666
Rouzaofun 0.0016 393 13 605 263
Rouzaofun 0.0012 112 452 663 732
Rouzaofun 0.0011 391 458 567 848
Rouzaofun 0.0010 267 477 567 648
Rouzaofun 0.0010 519 384 1005 943
Rice_with_Shredded_Chicken 0.0276 30 47 755 551
Rice_with_Shredded_Chicken 0.0041 7 65 455 504
Rice_with_Shredded_Chicken 0.0013 273 530 496 666
Rice_with_Shredded_Chicken 0.0012 379 528 560 787
Rice_with_Shredded_Chicken 0.0010 269 480 626 645
Rice_with_Shredded_Chicken 0.0010 244 287 526 895
migao 0.0947 30 47 755 551
migao 0.0158 7 65 455 504
migao 0.0039 273 530 496 666
migao 0.0014 379 528 560 787
migao 0.0013 391 17 607 289
migao 0.0013 112 452 663 732
migao 0.0011 244 287 526 895
migao 0.0010 519 384 1005 943
migao 0.0010 -77 403 395 939
wagui 0.0111 30 47 755 551
wagui 0.0039 273 530 496 666
wagui 0.0017 7 65 455 504
wagui 0.0012 267 477 567 648
wagui 0.0011 112 452 663 732
wagui 0.0011 393 13 605 263
wagui 0.0010 391 458 567 848
wagui 0.0010 285 278 547 905
