Kongrou 0.1597 112 41 684 575
Kongrou 0.0014 304 37 651 472
Kongrou 0.0012 299 -75 652 151
Kongrou 0.0012 588 545 916 766
Kongrou 0.0010 15 81 246 287
Kongrou 0.0010 286 -235 671 312
Kongrou 0.0010 426 437 872 907
Rouzaofun 0.0216 113 19 678 589
Rouzaofun 0.0015 345 -79 665 154
Rouzaofun 0.0012 588 545 916 766
Rouzaofun 0.0010 286 -235 671 312
Rice_with_Shredded_Chicken 0.0901 112 41 684 575
Rice_with_Shredded_Chicken 0.0015 345 -79 665 154
Rice_with_Shredded_Chicken 0.0011 286 -235 671 312
Rice_with_Shredded_Chicken 0.0010 28 -62 311 325
migao 0.0634 76 -9 719 612
migao 0.0011 426 437 872 907
migao 0.0011 345 -79 665 154
migao 0.0010 201 89 749 481
wagui 0.0237 112 41 684 575
wagui 0.0019 38 -44 301 369
wagui 0.0014 15 81 246 287
wagui 0.0011 286 -235 671 312
