Kongrou 0.0336 225 107 537 521
Kongrou 0.0129 65 33 732 572
Kongrou 0.0019 662 268 798 591
Kongrou 0.0017 112 89 652 420
Rouzaofun 0.1052 225 107 537 521
Rouzaofun 0.0468 65 33 732 572
Rouzaofun 0.0050 662 268 798 591
Rouzaofun 0.0035 112 89 652 420
Rouzaofun 0.0017 680 352 780 538
Rouzaofun 0.0015 123 225 642 524
Rouzaofun 0.0011 604 153 795 368
Rouzaofun 0.0010 626 330 834 530
Rouzaofun 0.0010 -79 406 396 932
Rice_with_Shredded_Chicken 0.1087 128 79 662 530
Rice_with_Shredded_Chicken 0.0128 226 144 537 544
Rice_with_Shredded_Chicken 0.0042 662 268 798 591
Rice_with_Shredded_Chicken 0.0014 678 370 781 551
Rice_with_Shredded_Chicken 0.0010 -79 406 396 932
migao 0.1020 225 107 537 521
migao 0.0355 65 33 732 572
migao 0.0033 662 268 798 591
migao 0.0028 112 89 652 420
migao 0.0014 678 370 781 551
migao 0.0011 123 225 642 524
migao 0.0011 626 330 834 530
migao 0.0011 -79 406 396 932
wagui 0.0185 118 127 647 501
wagui 0.0047 661 281 799 610
wagui 0.0028 135 -40 551 642
wagui 0.0022 678 370 781 551
wagui 0.0010 626 330 834 530
