Kongrou 0.0187 53 -11 206 166
Kongrou 0.0020 93 12 195 131
Kongrou 0.0014 84 121 255 273
Rouzaofun 0.1830 35 28 222 161
Rouzaofun 0.0050 61 9 187 135
Rouzaofun 0.0026 91 61 197 162
Rouzaofun 0.0013 74 119 265 269
Rouzaofun 0.0011 234 44 269 74
Rice_with_Shredded_Chicken 0.4202 33 12 225 148
Rice_with_Shredded_Chicken 0.0013 77 38 192 163
Rice_with_Shredded_Chicken 0.0012 74 119 265 269
Rice_with_Shredded_Chicken 0.0010 234 44 269 74
migao 0.1026 35 28 222 161
migao 0.0036 74 10 194 134
migao 0.0013 84 121 255 273
migao 0.0013 234 44 269 74
migao 0.0011 117 171 166 253
migao 0.0010 106 168 198 237
wagui 0.3159 33 12 225 148
wagui 0.0031 93 12 195 131
wagui 0.0012 234 44 269 74
wagui 0.0011 74 119 265 269
