Kongrou 0.0547 366 12 572 263
Kongrou 0.0529 133 101 373 358
Kongrou 0.0338 192 328 437 531
Kongrou 0.0154 543 324 701 444
Kongrou 0.0111 430 417 538 504
Kongrou 0.0081 326 54 641 220
Kongrou 0.0078 78 150 427 309
Kongrou 0.0062 576 145 730 285
Kongrou 0.0054 162 159 343 302
Kongrou 0.0053 383 49 553 196
Kongrou 0.0025 212 356 417 475
Kongrou 0.0024 331 505 452 602
Kongrou 0.0022 400 92 568 245
Kongrou 0.0017 321 -106 554 9
Kongrou 0.0016 442 273 558 402
Kongrou 0.0015 324 -246 570 136
Kongrou 0.0014 399 370 570 553
Kongrou 0.0012 147 -202 745 91
Kongrou 0.0010 82 359 516 500
Rouzaofun 0.1398 366 12 572 263
Rouzaofun 0.1109 133 101 373 358
Rouzaofun 0.0624 543 324 701 444
Rouzaofun 0.0364 430 417 538 504
Rouzaofun 0.0360 192 328 437 531
Rouzaofun 0.0190 78 150 427 309
Rouzaofun 0.0190 326 54 641 220
Rouzaofun 0.0118 162 159 343 302
Rouzaofun 0.0114 576 145 730 285
Rouzaofun 0.0096 383 49 553 196
Rouzaofun 0.0054 331 505 452 602
Rouzaofun 0.0044 422 77 577 231
Rouzaofun 0.0038 399 370 570 553
Rouzaofun 0.0034 212 356 417 475
Rouzaofun 0.0028 442 273 558 402
Rouzaofun 0.0021 82 359 516 500
Rouzaofun 0.0015 549 358 635 439
Rouzaofun 0.0014 389 109 518 228
Rouzaofun 0.0012 321 -106 554 9
Rouzaofun 0.0012 324 -246 570 136
Rouzaofun 0.0011 70 -148 387 41
Rouzaofun 0.0011 198 -338 717 193
Rouzaofun 0.0010 524 267 722 470
Rice_with_Shredded_Chicken 0.1020 366 12 572 263
Rice_with_Shredded_Chicken 0.0696 543 324 701 444
Rice_with_Shredded_Chicken 0.0666 133 101 373 358
Rice_with_Shredded_Chicken 0.0643 430 417 538 504
Rice_with_Shredded_Chicken 0.0261 192 328 437 531
Rice_with_Shredded_Chicken 0.0155 326 54 641 220
Rice_with_Shredded_Chicken 0.0141 78 150 427 309
Rice_with_Shredded_Chicken 0.0104 576 145 730 285
Rice_with_Shredded_Chicken 0.0057 383 49 553 196
Rice_with_Shredded_Chicken 0.0047 162 159 343 302
Rice_with_Shredded_Chicken 0.0038 399 370 570 553
Rice_with_Shredded_Chicken 0.0034 331 505 452 602
Rice_with_Shredded_Chicken 0.0023 442 273 558 402
Rice_with_Shredded_Chicken 0.0017 400 92 568 245
Rice_with_Shredded_Chicken 0.0015 82 359 516 500
Rice_with_Shredded_Chicken 0.0015 70 -148 387 41
Rice_with_Shredded_Chicken 0.0014 212 356 417 475
Rice_with_Shredded_Chicken 0.0013 155 -278 766 132
Rice_with_Shredded_Chicken 0.0012 324 -246 570 136
Rice_with_Shredded_Chicken 0.0012 47 -418 884 261
Rice_with_Shredded_Chicken 0.0012 549 358 635 439
Rice_with_Shredded_Chicken 0.0010 321 -106 554 9
migao 0.1546 366 12 572 263
migao 0.1158 133 101 373 358
migao 0.0846 430 417 538 504
migao 0.0813 543 324 701 444
migao 0.0451 192 328 437 531
migao 0.0222 326 54 641 220
migao 0.0209 78 150 427 309
migao 0.0128 581 144 695 286
migao 0.0078 162 159 343 302
migao 0.0075 383 49 553 196
migao 0.0073 560 124 747 306
migao 0.0068 331 505 452 602
migao 0.0038 442 273 558 402
migao 0.0028 400 92 568 245
migao 0.0024 212 356 417 475
migao 0.0023 399 370 570 553
migao 0.0022 549 358 635 439
migao 0.0021 82 359 516 500
migao 0.0017 321 -106 554 9
migao 0.0014 324 -246 570 136
migao 0.0013 155 -278 766 132
wagui 0.2201 430 417 538 504
wagui 0.1207 543 324 701 444
wagui 0.1155 366 12 572 263
wagui 0.0458 133 101 373 358
wagui 0.0299 581 144 695 286
wagui 0.0201 192 328 437 531
wagui 0.0167 326 54 641 220
wagui 0.0147 560 124 747 306
wagui 0.0105 78 150 427 309
wagui 0.0073 383 49 553 196
wagui 0.0058 399 370 570 553
wagui 0.0055 549 358 635 439
wagui 0.0054 442 273 558 402
wagui 0.0052 331 505 452 602
wagui 0.0029 162 159 343 302
wagui 0.0020 400 92 568 245
wagui 0.0020 568 311 707 396
wagui 0.0013 449 261 581 353
wagui 0.0013 47 -418 884 261
wagui 0.0012 212 356 417 475
wagui 0.0012 321 -106 554 9
wagui 0.0010 324 -246 570 136
wagui 0.0010 155 -278 766 132
wagui 0.0010 82 359 516 500
