Kongrou 0.0144 263 55 565 453
Kongrou 0.0039 123 131 646 439
Kongrou 0.0026 209 -349 838 206
Kongrou 0.0024 325 138 550 384
Kongrou 0.0012 451 191 749 497
Kongrou 0.0011 95 -46 716 513
Rouzaofun 0.0111 263 55 565 453
Rouzaofun 0.0040 111 103 658 406
Rouzaofun 0.0032 325 138 550 384
Rouzaofun 0.0019 209 -349 838 206
Rouzaofun 0.0015 224 189 621 363
Rouzaofun 0.0010 451 191 749 497
Rouzaofun 0.0010 352 -136 649 35
Rice_with_Shredded_Chicken 0.0122 263 55 565 453
Rice_with_Shredded_Chicken 0.0043 146 102 684 406
Rice_with_Shredded_Chicken 0.0023 209 -349 838 206
Rice_with_Shredded_Chicken 0.0016 325 138 550 384
Rice_with_Shredded_Chicken 0.0010 224 189 621 363
migao 0.0127 263 55 565 453
migao 0.0037 146 102 684 406
migao 0.0025 325 138 550 384
migao 0.0020 209 -349 838 206
migao 0.0013 238 175 606 347
migao 0.0011 352 -136 649 35
wagui 0.1024 263 55 565 453
wagui 0.0131 146 102 684 406
wagui 0.0026 100 -93 698 570
wagui 0.0021 209 -349 838 206
wagui 0.0015 325 138 550 384
wagui 0.0010 224 189 621 363
