Kongrou 0.1869 78 14 527 390
Kongrou 0.0286 147 -12 430 298
Kongrou 0.0105 267 -103 435 -17
Kongrou 0.0085 270 -216 448 83
Kongrou 0.0056 134 -163 580 31
Kongrou 0.0033 -48 113 253 446
Kongrou 0.0023 301 -127 402 48
Kongrou 0.0018 227 -159 478 -11
Kongrou 0.0016 188 -285 597 125
Kongrou 0.0015 -50 164 200 339
Kongrou 0.0010 18 -368 685 200
Kongrou 0.0010 170 -140 360 -29
Kongrou 0.0010 -20 195 181 462
Rouzaofun 0.0410 102 74 586 405
Rouzaofun 0.0074 267 -103 435 -17
Rouzaofun 0.0067 270 -216 448 83
Rouzaofun 0.0046 70 28 532 289
Rouzaofun 0.0045 134 -163 580 31
Rouzaofun 0.0029 301 -127 402 48
Rouzaofun 0.0026 -48 113 253 446
Rouzaofun 0.0018 -50 164 200 339
Rouzaofun 0.0012 227 -159 478 -11
Rouzaofun 0.0012 18 -368 685 200
Rouzaofun 0.0011 93 103 379 261
Rouzaofun 0.0011 162 -268 521 107
Rouzaofun 0.0011 147 -18 430 347
Rice_with_Shredded_Chicken 0.0420 102 74 586 405
Rice_with_Shredded_Chicken 0.0079 267 -103 435 -17
Rice_with_Shredded_Chicken 0.0069 270 -216 448 83
Rice_with_Shredded_Chicken 0.0048 134 -163 580 31
Rice_with_Shredded_Chicken 0.0044 70 45 504 287
Rice_with_Shredded_Chicken 0.0031 301 -127 402 48
Rice_with_Shredded_Chicken 0.0027 -48 113 253 446
Rice_with_Shredded_Chicken 0.0017 18 -368 685 200
Rice_with_Shredded_Chicken 0.0016 147 -18 430 347
Rice_with_Shredded_Chicken 0.0015 188 -285 597 125
Rice_with_Shredded_Chicken 0.0014 -50 164 200 339
Rice_with_Shredded_Chicken 0.0013 227 -159 478 -11
migao 0.1280 78 14 527 390
migao 0.0104 267 -103 435 -17
migao 0.0078 270 -216 448 83
migao 0.0056 147 -12 430 298
migao 0.0052 134 -163 580 31
migao 0.0044 301 -127 402 48
migao 0.0036 -48 113 253 446
migao 0.0017 -50 164 200 339
migao 0.0016 227 -159 478 -11
migao 0.0013 18 -368 685 200
migao 0.0012 188 -285 597 125
migao 0.0011 217 -138 300 56
migao 0.0011 278 375 377 561
migao 0.0010 93 103 379 261
wagui 0.0195 78 14 527 390
wagui 0.0078 267 -103 435 -17
wagui 0.0057 270 -216 448 83
wagui 0.0050 134 -163 580 31
wagui 0.0040 -48 113 253 446
wagui 0.0030 301 -127 402 48
wagui 0.0021 18 -368 685 200
wagui 0.0017 170 -140 360 -29
wagui 0.0017 -50 164 200 339
wagui 0.0014 147 -12 430 298
wagui 0.0012 188 -285 597 125
wagui 0.0011 227 -159 478 -11
wagui 0.0010 217 -138 300 56
