Kongrou 0.0453 -20 303 226 715
Kongrou 0.0363 418 71 831 559
Kongrou 0.0166 239 153 1004 659
Kongrou 0.0154 38 104 445 407
Kongrou 0.0065 215 57 591 177
Kongrou 0.0035 282 -614 1088 171
Kongrou 0.0030 412 634 910 934
Kongrou 0.0028 896 499 1202 660
Kongrou 0.0026 237 9 617 226
Kongrou 0.0024 -59 384 313 633
Kongrou 0.0022 266 191 956 412
Kongrou 0.0020 -80 151 563 360
Kongrou 0.0020 406 674 744 898
Kongrou 0.0020 2 364 201 611
Kongrou 0.0020 482 760 829 908
Kongrou 0.0017 -88 -5 593 450
Kongrou 0.0016 539 -315 869 -56
Kongrou 0.0016 506 518 836 1116
Kongrou 0.0015 393 296 852 699
Kongrou 0.0015 528 -475 908 89
Kongrou 0.0014 426 325 918 1219
Kongrou 0.0014 335 528 1000 1019
Kongrou 0.0013 643 84 903 197
Kongrou 0.0012 249 679 604 940
Kongrou 0.0011 -8 62 123 218
Kongrou 0.0010 4 472 203 688
Rouzaofun 0.0524 -20 303 226 715
Rouzaofun 0.0273 215 57 591 177
Rouzaofun 0.0136 896 499 1202 660
Rouzaofun 0.0114 38 104 445 407
Rouzaofun 0.0079 237 9 617 226
Rouzaofun 0.0065 396 136 825 468
Rouzaofun 0.0046 643 84 903 197
Rouzaofun 0.0043 -8 62 123 218
Rouzaofun 0.0041 -59 384 313 633
Rouzaofun 0.0033 392 218 855 690
Rouzaofun 0.0032 266 191 956 412
Rouzaofun 0.0031 -80 151 563 360
Rouzaofun 0.0031 2 364 201 611
Rouzaofun 0.0030 282 -614 1088 171
Rouzaofun 0.0021 273 158 1059 652
Rouzaofun 0.0018 1028 296 1208 492
Rouzaofun 0.0016 412 634 910 934
Rouzaofun 0.0015 539 -315 869 -56
Rouzaofun 0.0013 528 -475 908 89
Rouzaofun 0.0013 426 325 918 1219
Rouzaofun 0.0012 4 472 203 688
Rouzaofun 0.0012 335 528 1000 1019
Rouzaofun 0.0012 506 518 836 1116
Rouzaofun 0.0012 249 679 604 940
Rouzaofun 0.0011 482 760 829 908
Rouzaofun 0.0011 -95 -282 1293 393
Rice_with_Shredded_Chicken 0.0401 -20 303 226 715
Rice_with_Shredded_Chicken 0.0247 215 57 591 177
Rice_with_Shredded_Chicken 0.0183 393 296 852 699
Rice_with_Shredded_Chicken 0.0127 896 499 1202 660
Rice_with_Shredded_Chicken 0.0111 239 153 1004 659
Rice_with_Shredded_Chicken 0.0076 38 104 445 407
Rice_with_Shredded_Chicken 0.0069 237 9 617 226
Rice_with_Shredded_Chicken 0.0057 -8 62 123 218
Rice_with_Shredded_Chicken 0.0041 396 136 825 468
Rice_with_Shredded_Chicken 0.0040 243 -559 1140 117
Rice_with_Shredded_Chicken 0.0038 643 84 903 197
Rice_with_Shredded_Chicken 0.0034 -59 384 313 633
Rice_with_Shredded_Chicken 0.0025 -80 151 563 360
Rice_with_Shredded_Chicken 0.0023 266 191 956 412
Rice_with_Shredded_Chicken 0.0019 539 -315 869 -56
Rice_with_Shredded_Chicken 0.0019 412 634 910 934
Rice_with_Shredded_Chicken 0.0015 -74 32 581 504
Rice_with_Shredded_Chicken 0.0014 426 325 918 1219
Rice_with_Shredded_Chicken 0.0014 2 364 201 611
Rice_with_Shredded_Chicken 0.0012 1028 296 1208 492
Rice_with_Shredded_Chicken 0.0012 528 -475 908 89
Rice_with_Shredded_Chicken 0.0012 506 518 836 1116
Rice_with_Shredded_Chicken 0.0012 335 528 1000 1019
Rice_with_Shredded_Chicken 0.0011 -109 -844 1323 393
Rice_with_Shredded_Chicken 0.0010 482 760 829 908
migao 0.0828 -20 303 226 715
migao 0.0332 215 57 591 177
migao 0.0166 896 499 1202 660
migao 0.0162 38 104 445 407
migao 0.0126 239 153 1004 659
migao 0.0100 418 71 831 559
migao 0.0078 -8 62 123 218
migao 0.0063 643 84 903 197
migao 0.0052 -59 384 313 633
migao 0.0048 237 9 617 226
migao 0.0041 243 -559 1140 117
migao 0.0034 -80 151 563 360
migao 0.0032 266 191 956 412
migao 0.0028 393 296 852 699
migao 0.0024 412 634 910 934
migao 0.0021 1028 296 1208 492
migao 0.0020 2 364 201 611
migao 0.0019 482 760 829 908
migao 0.0018 539 -315 869 -56
migao 0.0015 506 518 836 1116
migao 0.0014 528 -475 908 89
migao 0.0014 426 325 918 1219
migao 0.0014 -74 32 581 504
migao 0.0012 335 528 1000 1019
migao 0.0011 4 472 203 688
migao 0.0011 249 679 604 940
wagui 0.0514 215 57 591 177
wagui 0.0378 -20 303 226 715
wagui 0.0197 896 499 1202 660
wagui 0.0143 -8 62 123 218
wagui 0.0130 643 84 903 197
wagui 0.0117 38 104 445 407
wagui 0.0093 237 9 617 226
wagui 0.0057 396 136 825 468
wagui 0.0033 122 -689 1276 232
wagui 0.0033 -59 384 313 633
wagui 0.0028 406 674 744 898
wagui 0.0025 -80 151 563 360
wagui 0.0025 266 191 956 412
wagui 0.0023 393 296 852 699
wagui 0.0021 239 153 1004 659
wagui 0.0019 412 634 910 934
wagui 0.0016 -38 50 61 185
wagui 0.0014 1028 296 1208 492
wagui 0.0014 426 325 918 1219
wagui 0.0013 528 -475 908 89
wagui 0.0013 482 760 829 908
wagui 0.0013 335 528 1000 1019
wagui 0.0012 2 441 205 672
wagui 0.0011 249 679 604 940
wagui 0.0010 -58 -116 564 194
wagui 0.0010 283 -300 1271 605
wagui 0.0010 539 -315 869 -56
wagui 0.0010 418 -175 528 -45
wagui 0.0010 305 -408 1125 16
