Kongrou 0.1848 24 33 216 175
Kongrou 0.0435 73 33 176 129
Kongrou 0.0164 70 69 179 167
Kongrou 0.0012 -3 0 242 139
Rouzaofun 0.0450 6 6 233 167
Rouzaofun 0.0211 73 33 176 129
Rouzaofun 0.0092 37 49 211 150
Rouzaofun 0.0017 70 69 179 167
Rice_with_Shredded_Chicken 0.0591 8 18 233 191
Rice_with_Shredded_Chicken 0.0096 37 49 211 150
Rice_with_Shredded_Chicken 0.0024 73 33 176 129
Rice_with_Shredded_Chicken 0.0023 70 69 179 167
migao 0.0899 8 18 233 191
migao 0.0259 37 49 211 150
migao 0.0192 73 33 176 129
migao 0.0036 70 69 179 167
wagui 0.0543 6 6 233 167
wagui 0.0073 37 49 211 150
wagui 0.0047 73 33 176 129
wagui 0.0029 70 69 179 167
