Kongrou 0.0595 246 97 826 471
Kongrou 0.0549 352 58 670 507
Kongrou 0.0022 57 17 737 576
Kongrou 0.0016 -71 96 487 628
Kongrou 0.0013 -54 413 374 923
Rouzaofun 0.0153 246 97 826 471
Rouzaofun 0.0037 352 58 670 507
Rouzaofun 0.0014 -54 413 374 923
Rouzaofun 0.0011 -71 96 487 628
Rouzaofun 0.0010 57 17 737 576
Rouzaofun 0.0010 -113 539 199 829
Rice_with_Shredded_Chicken 0.0185 246 97 826 471
Rice_with_Shredded_Chicken 0.0048 384 8 694 500
Rice_with_Shredded_Chicken 0.0020 -71 96 487 628
Rice_with_Shredded_Chicken 0.0016 -54 413 374 923
Rice_with_Shredded_Chicken 0.0011 57 17 737 576
migao 0.0457 246 97 826 471
migao 0.0141 352 58 670 507
migao 0.0014 -54 413 374 923
migao 0.0012 57 17 737 576
migao 0.0010 -71 96 487 628
wagui 0.0297 253 64 820 443
wagui 0.0226 384 8 694 500
wagui 0.0059 -71 96 487 628
wagui 0.0023 57 17 737 576
wagui 0.0015 -54 413 374 923
