Kongrou 0.0462 251 31 472 214
Kongrou 0.0279 353 178 584 375
Kongrou 0.0154 0 14 230 231
Kongrou 0.0140 443 354 649 598
Kongrou 0.0104 570 111 798 349
Kongrou 0.0075 253 55 439 160
Kongrou 0.0063 123 199 354 384
Kongrou 0.0037 7 282 161 547
Kongrou 0.0033 471 -49 713 142
Kongrou 0.0033 196 354 402 598
Kongrou 0.0027 47 48 212 197
Kongrou 0.0023 465 395 625 526
Kongrou 0.0020 500 -2 683 95
Kongrou 0.0020 390 397 700 555
Kongrou 0.0019 -63 -109 856 710
Kongrou 0.0017 68 54 733 542
Kongrou 0.0015 400 210 567 344
Kongrou 0.0014 313 96 441 182
Kongrou 0.0013 617 153 781 307
Kongrou 0.0010 515 137 852 292
Rouzaofun 0.0768 251 31 472 214
Rouzaofun 0.0760 454 358 669 593
Rouzaofun 0.0678 353 178 584 375
Rouzaofun 0.0514 0 14 230 231
Rouzaofun 0.0404 570 111 798 349
Rouzaofun 0.0337 142 199 365 383
Rouzaofun 0.0160 196 354 402 598
Rouzaofun 0.0147 7 282 161 547
Rouzaofun 0.0113 253 55 439 160
Rouzaofun 0.0105 47 48 212 197
Rouzaofun 0.0079 476 392 645 529
Rouzaofun 0.0065 471 -26 713 148
Rouzaofun 0.0050 617 153 781 307
Rouzaofun 0.0043 198 226 338 358
Rouzaofun 0.0041 400 210 567 344
Rouzaofun 0.0032 515 137 852 292
Rouzaofun 0.0031 68 54 733 542
Rouzaofun 0.0031 500 -2 683 95
Rouzaofun 0.0023 282 81 441 196
Rouzaofun 0.0022 213 419 385 564
Rouzaofun 0.0022 388 401 764 550
Rouzaofun 0.0022 239 369 390 492
Rouzaofun 0.0019 144 400 454 553
Rouzaofun 0.0018 -63 -109 856 710
Rouzaofun 0.0017 27 341 140 519
Rouzaofun 0.0017 119 33 541 181
Rouzaofun 0.0013 455 447 636 567
Rouzaofun 0.0013 -80 51 279 193
Rouzaofun 0.0011 149 249 296 365
Rouzaofun 0.0011 587 143 750 257
Rouzaofun 0.0010 -161 -365 342 215
Rice_with_Shredded_Chicken 0.0579 251 31 472 214
Rice_with_Shredded_Chicken 0.0541 353 178 584 375
Rice_with_Shredded_Chicken 0.0409 0 14 230 231
Rice_with_Shredded_Chicken 0.0395 443 354 649 598
Rice_with_Shredded_Chicken 0.0238 570 111 798 349
Rice_with_Shredded_Chicken 0.0230 123 199 354 384
Rice_with_Shredded_Chicken 0.0102 7 282 161 547
Rice_with_Shredded_Chicken 0.0073 196 354 402 598
Rice_with_Shredded_Chicken 0.0061 253 55 439 160
Rice_with_Shredded_Chicken 0.0058 47 48 212 197
Rice_with_Shredded_Chicken 0.0053 479 -50 722 186
Rice_with_Shredded_Chicken 0.0046 390 397 700 555
Rice_with_Shredded_Chicken 0.0039 464 402 626 551
Rice_with_Shredded_Chicken 0.0037 -63 -109 856 710
Rice_with_Shredded_Chicken 0.0035 68 54 733 542
Rice_with_Shredded_Chicken 0.0022 515 137 852 292
Rice_with_Shredded_Chicken 0.0020 617 153 781 307
Rice_with_Shredded_Chicken 0.0019 500 -2 683 95
Rice_with_Shredded_Chicken 0.0016 198 226 338 358
Rice_with_Shredded_Chicken 0.0016 400 210 567 344
Rice_with_Shredded_Chicken 0.0012 119 33 541 181
Rice_with_Shredded_Chicken 0.0012 239 369 390 492
Rice_with_Shredded_Chicken 0.0012 -105 -287 306 142
Rice_with_Shredded_Chicken 0.0012 27 341 140 519
Rice_with_Shredded_Chicken 0.0011 282 81 441 196
Rice_with_Shredded_Chicken 0.0010 144 400 454 553
migao 0.0922 251 31 472 214
migao 0.0647 353 178 584 375
migao 0.0487 454 358 669 593
migao 0.0414 0 14 230 231
migao 0.0288 570 111 798 349
migao 0.0218 123 199 354 384
migao 0.0094 253 55 439 160
migao 0.0090 196 354 402 598
migao 0.0090 7 282 161 547
migao 0.0074 47 48 212 197
migao 0.0060 476 392 645 529
migao 0.0037 471 -26 713 148
migao 0.0036 617 153 781 307
migao 0.0032 198 226 338 358
migao 0.0029 515 137 852 292
migao 0.0026 500 -2 683 95
migao 0.0025 400 210 567 344
migao 0.0022 239 369 390 492
migao 0.0020 -63 -109 856 710
migao 0.0017 282 81 441 196
migao 0.0016 194 427 373 556
migao 0.0014 388 401 764 550
migao 0.0014 144 400 454 553
migao 0.0014 119 33 541 181
migao 0.0013 27 341 140 519
migao 0.0012 68 54 733 542
migao 0.0011 -80 51 279 193
migao 0.0011 455 447 636 567
migao 0.0010 -105 -287 306 142
migao 0.0010 149 249 296 365
wagui 0.0708 251 31 472 214
wagui 0.0509 0 14 230 231
wagui 0.0441 353 178 584 375
wagui 0.0238 443 354 649 598
wagui 0.0227 570 111 798 349
wagui 0.0143 123 199 354 384
wagui 0.0096 7 282 161 547
wagui 0.0088 253 55 439 160
wagui 0.0068 47 48 212 197
wagui 0.0047 471 -26 713 148
wagui 0.0047 196 354 402 598
wagui 0.0034 390 397 700 555
wagui 0.0028 617 153 781 307
wagui 0.0027 500 -2 683 95
wagui 0.0024 464 402 626 551
wagui 0.0022 515 137 852 292
wagui 0.0020 239 369 390 492
wagui 0.0016 313 96 441 182
wagui 0.0014 13 341 123 518
wagui 0.0014 196 217 340 337
wagui 0.0013 587 143 750 257
wagui 0.0013 400 210 567 344
wagui 0.0012 140 228 303 355
wagui 0.0010 119 33 541 181
