Kongrou 0.1477 143 -28 778 624
Kongrou 0.0114 -4 246 204 521
Kongrou 0.0067 212 69 617 500
Kongrou 0.0031 -53 307 284 491
Kongrou 0.0021 67 -254 738 100
Kongrou 0.0016 21 309 178 459
Kongrou 0.0010 -100 454 413 882
Rouzaofun 0.0922 177 20 741 582
Rouzaofun 0.0212 -4 246 204 521
Rouzaofun 0.0060 -53 307 284 491
Rouzaofun 0.0029 229 135 600 556
Rouzaofun 0.0026 67 -254 738 100
Rouzaofun 0.0025 21 309 178 459
Rouzaofun 0.0012 42 289 248 571
Rice_with_Shredded_Chicken 0.0689 177 20 741 582
Rice_with_Shredded_Chicken 0.0132 -4 246 204 521
Rice_with_Shredded_Chicken 0.0043 -53 307 284 491
Rice_with_Shredded_Chicken 0.0039 67 -254 738 100
Rice_with_Shredded_Chicken 0.0014 21 309 178 459
Rice_with_Shredded_Chicken 0.0010 -100 454 413 882
migao 0.2656 177 20 741 582
migao 0.0170 -4 246 204 521
migao 0.0057 -53 307 284 491
migao 0.0029 67 -254 738 100
migao 0.0018 21 309 178 459
migao 0.0010 229 135 600 556
wagui 0.0370 177 20 741 582
wagui 0.0161 -4 246 204 521
wagui 0.0047 -53 307 284 491
wagui 0.0027 67 -254 738 100
wagui 0.0019 21 309 178 459
