Kongrou 0.0403 284 336 500 554
Kongrou 0.0275 45 234 246 502
Kongrou 0.0073 210 -13 450 258
Kongrou 0.0063 -13 275 304 461
Kongrou 0.0054 454 414 699 600
Kongrou 0.0036 480 113 703 378
Kongrou 0.0030 111 35 519 210
Kongrou 0.0028 70 291 251 446
Kongrou 0.0023 401 612 598 711
Kongrou 0.0019 329 365 484 496
Kongrou 0.0014 366 564 632 759
Kongrou 0.0014 86 290 298 538
Kongrou 0.0014 408 155 775 336
Kongrou 0.0011 -1 -60 794 656
Kongrou 0.0011 348 95 789 410
Kongrou 0.0010 491 439 692 545
Rouzaofun 0.1620 284 336 500 554
Rouzaofun 0.0658 45 234 246 502
Rouzaofun 0.0331 444 37 695 465
Rouzaofun 0.0231 454 414 699 600
Rouzaofun 0.0144 -13 275 304 461
Rouzaofun 0.0096 210 -13 450 258
Rouzaofun 0.0075 495 111 719 380
Rouzaofun 0.0070 348 95 789 410
Rouzaofun 0.0060 70 291 251 446
Rouzaofun 0.0055 329 365 484 496
Rouzaofun 0.0054 111 35 519 210
Rouzaofun 0.0049 426 151 666 402
Rouzaofun 0.0028 491 439 692 545
Rouzaofun 0.0026 401 612 598 711
Rouzaofun 0.0025 170 370 551 520
Rouzaofun 0.0025 414 140 768 320
Rouzaofun 0.0022 86 290 298 538
Rouzaofun 0.0020 277 375 444 515
Rouzaofun 0.0017 366 564 632 759
Rouzaofun 0.0017 52 41 751 552
Rouzaofun 0.0014 355 335 778 667
Rouzaofun 0.0013 517 187 667 305
Rouzaofun 0.0013 56 334 204 464
Rouzaofun 0.0012 443 466 648 579
Rouzaofun 0.0011 246 53 415 192
Rouzaofun 0.0011 157 -75 427 339
Rouzaofun 0.0010 493 194 1047 657
Rice_with_Shredded_Chicken 0.0977 284 336 500 554
Rice_with_Shredded_Chicken 0.0785 467 46 728 457
Rice_with_Shredded_Chicken 0.0343 45 234 246 502
Rice_with_Shredded_Chicken 0.0308 450 366 687 636
Rice_with_Shredded_Chicken 0.0133 362 98 833 407
Rice_with_Shredded_Chicken 0.0098 -13 275 304 461
Rice_with_Shredded_Chicken 0.0090 184 -80 458 346
Rice_with_Shredded_Chicken 0.0041 111 35 519 210
Rice_with_Shredded_Chicken 0.0027 496 443 687 572
Rice_with_Shredded_Chicken 0.0026 355 335 778 667
Rice_with_Shredded_Chicken 0.0026 517 102 727 359
Rice_with_Shredded_Chicken 0.0025 426 151 666 402
Rice_with_Shredded_Chicken 0.0024 70 291 251 446
Rice_with_Shredded_Chicken 0.0024 329 365 484 496
Rice_with_Shredded_Chicken 0.0022 401 612 598 711
Rice_with_Shredded_Chicken 0.0020 -1 -60 794 656
Rice_with_Shredded_Chicken 0.0016 414 140 768 320
Rice_with_Shredded_Chicken 0.0015 366 564 632 759
Rice_with_Shredded_Chicken 0.0015 417 436 765 577
Rice_with_Shredded_Chicken 0.0014 170 370 551 520
Rice_with_Shredded_Chicken 0.0013 232 24 460 281
Rice_with_Shredded_Chicken 0.0013 161 57 640 542
Rice_with_Shredded_Chicken 0.0011 493 194 1047 657
Rice_with_Shredded_Chicken 0.0010 86 290 298 538
migao 0.1506 284 336 500 554
migao 0.0589 45 234 246 502
migao 0.0169 467 46 728 457
migao 0.0140 -13 275 304 461
migao 0.0126 454 414 699 600
migao 0.0078 210 -13 450 258
migao 0.0051 111 35 519 210
migao 0.0039 70 291 251 446
migao 0.0035 362 98 833 407
migao 0.0034 329 365 484 496
migao 0.0028 517 102 727 359
migao 0.0027 408 155 775 336
migao 0.0025 401 612 598 711
migao 0.0023 491 439 692 545
migao 0.0022 157 -75 427 339
migao 0.0021 448 130 673 392
migao 0.0019 170 370 551 520
migao 0.0017 86 290 298 538
migao 0.0015 277 375 444 515
migao 0.0013 366 564 632 759
migao 0.0013 -1 -60 794 656
migao 0.0011 56 334 204 464
wagui 0.1251 184 -80 458 346
wagui 0.0783 284 336 500 554
wagui 0.0319 45 234 246 502
wagui 0.0087 -13 275 304 461
wagui 0.0080 454 414 699 600
wagui 0.0070 61 -18 525 281
wagui 0.0069 467 46 728 457
wagui 0.0047 132 35 528 209
wagui 0.0027 401 612 598 711
wagui 0.0026 362 98 833 407
wagui 0.0025 232 24 460 281
wagui 0.0023 70 291 251 446
wagui 0.0021 329 365 484 496
wagui 0.0020 517 102 727 359
wagui 0.0018 426 151 666 402
wagui 0.0017 366 564 632 759
wagui 0.0014 86 290 298 538
wagui 0.0012 491 439 692 545
wagui 0.0012 414 140 768 320
wagui 0.0012 -134 305 227 578
wagui 0.0011 170 370 551 520
wagui 0.0010 56 334 204 464
