Kongrou 0.0735 106 38 685 558
Kongrou 0.0331 229 105 537 588
Kongrou 0.0016 324 452 571 855
Kongrou 0.0016 340 531 535 781
Kongrou 0.0013 236 507 659 795
Kongrou 0.0011 -77 410 395 933
Kongrou 0.0011 285 -21 606 466
Kongrou 0.0010 19 538 313 767
Rouzaofun 0.0070 111 125 653 506
Rouzaofun 0.0033 229 105 537 588
Rouzaofun 0.0026 16 -3 779 609
Rouzaofun 0.0018 340 531 535 781
Rouzaofun 0.0014 236 507 659 795
Rouzaofun 0.0013 324 452 571 855
Rouzaofun 0.0011 120 290 540 509
Rice_with_Shredded_Chicken 0.0109 106 38 685 558
Rice_with_Shredded_Chicken 0.0047 229 105 537 588
Rice_with_Shredded_Chicken 0.0015 340 531 535 781
Rice_with_Shredded_Chicken 0.0013 324 452 571 855
Rice_with_Shredded_Chicken 0.0013 236 507 659 795
Rice_with_Shredded_Chicken 0.0012 19 538 313 767
Rice_with_Shredded_Chicken 0.0010 -77 410 395 933
migao 0.0166 106 38 685 558
migao 0.0064 229 105 537 588
migao 0.0025 340 531 535 781
migao 0.0019 324 452 571 855
migao 0.0013 236 507 659 795
migao 0.0011 -77 410 395 933
wagui 0.0130 106 38 685 558
wagui 0.0039 229 105 537 588
wagui 0.0014 324 452 571 855
wagui 0.0012 340 531 535 781
