Kongrou 0.1365 120 -19 676 520
Kongrou 0.0220 236 -17 532 401
Kongrou 0.0043 243 97 586 529
Kongrou 0.0011 -45 428 319 695
Kongrou 0.0010 -273 -335 339 324
Rouzaofun 0.0598 66 39 737 561
Rouzaofun 0.0072 247 46 582 517
Rouzaofun 0.0015 178 149 709 477
Rouzaofun 0.0014 -45 428 319 695
Rice_with_Shredded_Chicken 0.0507 106 18 684 584
Rice_with_Shredded_Chicken 0.0055 247 46 582 517
Rice_with_Shredded_Chicken 0.0016 -45 428 319 695
Rice_with_Shredded_Chicken 0.0014 178 149 709 477
migao 0.1802 103 38 698 552
migao 0.0165 246 7 582 498
migao 0.0017 133 39 631 346
migao 0.0012 -45 428 319 695
wagui 0.2837 103 38 698 552
wagui 0.0387 246 7 582 498
wagui 0.0027 133 39 631 346
wagui 0.0020 487 15 667 76
wagui 0.0010 108 44 415 523
