Kongrou 0.2929 92 -11 713 497
Kongrou 0.0072 195 395 509 672
Kongrou 0.0010 187 -62 580 140
Kongrou 0.0010 598 535 909 775
Rouzaofun 0.0805 48 12 750 584
Rouzaofun 0.0030 216 42 675 466
Rouzaofun 0.0029 195 395 509 672
Rouzaofun 0.0011 187 -62 580 140
Rice_with_Shredded_Chicken 0.0176 133 66 673 532
Rice_with_Shredded_Chicken 0.0059 195 395 509 672
Rice_with_Shredded_Chicken 0.0010 -98 458 418 878
migao 0.2208 105 26 697 548
migao 0.0043 195 395 509 672
wagui 0.0570 105 26 697 548
wagui 0.0120 195 395 509 672
wagui 0.0010 77 339 567 720
