Kongrou 0.1096 77 -17 721 506
Kongrou 0.0024 313 438 639 627
Kongrou 0.0023 298 74 657 437
Kongrou 0.0021 -6 50 144 379
Kongrou 0.0021 172 -347 753 204
Kongrou 0.0021 -17 252 94 424
Kongrou 0.0016 -92 160 184 477
Kongrou 0.0010 -64 86 203 313
Rouzaofun 0.0549 66 58 729 524
Rouzaofun 0.0040 313 438 639 627
Rouzaofun 0.0020 -6 50 144 379
Rouzaofun 0.0016 172 -347 753 204
Rouzaofun 0.0016 -17 252 94 424
Rouzaofun 0.0014 215 127 614 504
Rouzaofun 0.0014 -64 86 203 313
Rouzaofun 0.0013 -185 148 271 485
Rouzaofun 0.0012 160 389 789 677
Rouzaofun 0.0010 132 37 514 469
Rice_with_Shredded_Chicken 0.1536 66 58 729 524
Rice_with_Shredded_Chicken 0.0158 313 438 639 627
Rice_with_Shredded_Chicken 0.0022 156 -274 769 122
Rice_with_Shredded_Chicken 0.0021 160 389 789 677
Rice_with_Shredded_Chicken 0.0012 -6 50 144 379
Rice_with_Shredded_Chicken 0.0011 -17 252 94 424
Rice_with_Shredded_Chicken 0.0011 -64 86 203 313
migao 0.0994 77 -17 721 506
migao 0.0043 313 438 639 627
migao 0.0021 -17 252 94 424
migao 0.0021 156 -274 769 122
migao 0.0019 -6 50 144 379
migao 0.0015 -64 86 203 313
migao 0.0012 160 389 789 677
wagui 0.0508 313 438 639 627
wagui 0.0177 89 37 716 557
wagui 0.0041 160 389 789 677
wagui 0.0027 -17 252 94 424
wagui 0.0020 -92 160 184 477
wagui 0.0020 -6 50 144 379
wagui 0.0018 156 -274 769 122
wagui 0.0015 -64 86 203 313
