Kongrou 0.0297 150 -5 387 250
Kongrou 0.0099 77 47 460 197
Kongrou 0.0069 182 240 355 558
Kongrou 0.0064 286 176 789 513
Kongrou 0.0053 395 119 681 571
Kongrou 0.0034 -4 550 342 757
Kongrou 0.0029 129 315 408 515
Kongrou 0.0025 -3 -26 799 622
Kongrou 0.0021 177 45 360 200
Kongrou 0.0016 262 -371 781 228
Kongrou 0.0015 -166 482 503 819
Kongrou 0.0014 17 188 526 654
Rouzaofun 0.2975 395 165 683 581
Rouzaofun 0.0624 308 205 827 543
Rouzaofun 0.0433 150 -5 387 250
Rouzaofun 0.0175 77 47 460 197
Rouzaofun 0.0065 181 256 356 573
Rouzaofun 0.0042 -4 550 342 757
Rouzaofun 0.0039 58 56 736 542
Rouzaofun 0.0037 129 315 408 515
Rouzaofun 0.0030 177 45 360 200
Rouzaofun 0.0015 -166 482 503 819
Rouzaofun 0.0012 262 -371 781 228
Rouzaofun 0.0012 4 -16 520 280
Rouzaofun 0.0010 342 278 748 490
Rice_with_Shredded_Chicken 0.0841 395 165 683 581
Rice_with_Shredded_Chicken 0.0321 308 205 827 543
Rice_with_Shredded_Chicken 0.0315 118 -47 405 304
Rice_with_Shredded_Chicken 0.0140 77 47 460 197
Rice_with_Shredded_Chicken 0.0044 -4 550 342 757
Rice_with_Shredded_Chicken 0.0040 181 256 356 573
Rice_with_Shredded_Chicken 0.0032 -3 -26 799 622
Rice_with_Shredded_Chicken 0.0030 129 315 408 515
Rice_with_Shredded_Chicken 0.0016 262 -371 781 228
Rice_with_Shredded_Chicken 0.0015 177 45 360 200
Rice_with_Shredded_Chicken 0.0010 38 -444 896 289
Rice_with_Shredded_Chicken 0.0010 -166 482 503 819
Rice_with_Shredded_Chicken 0.0010 71 192 327 622
migao 0.0677 291 210 784 540
migao 0.0561 395 119 681 571
migao 0.0389 150 -5 387 250
migao 0.0182 77 47 460 197
migao 0.0077 181 256 356 573
migao 0.0046 129 315 408 515
migao 0.0030 -4 550 342 757
migao 0.0023 -3 -26 799 622
migao 0.0019 4 -16 520 280
migao 0.0019 177 45 360 200
migao 0.0012 -166 482 503 819
migao 0.0012 152 -304 771 152
migao 0.0010 10 237 448 575
migao 0.0010 375 -134 625 34
wagui 0.1167 118 -47 405 304
wagui 0.0164 77 47 460 197
wagui 0.0109 286 176 789 513
wagui 0.0062 181 256 356 573
wagui 0.0048 395 119 681 571
wagui 0.0043 129 315 408 515
wagui 0.0042 -15 557 413 749
wagui 0.0038 71 192 327 622
wagui 0.0032 30 -10 553 275
wagui 0.0017 -20 239 419 573
wagui 0.0015 177 45 360 200
wagui 0.0015 -3 -26 799 622
wagui 0.0014 262 -371 781 228
wagui 0.0013 38 -444 896 289
wagui 0.0013 -166 482 503 819
