Kongrou 0.0150 136 -88 227 -20
Kongrou 0.0141 130 -133 239 20
Kongrou 0.0102 84 -114 285 0
Kongrou 0.0074 78 -1 289 151
Kongrou 0.0036 111 -103 156 17
Kongrou 0.0018 43 -79 232 -8
Kongrou 0.0017 65 -138 210 49
Kongrou 0.0017 148 -101 216 15
Kongrou 0.0016 131 -69 207 -36
Kongrou 0.0015 91 -96 183 -36
Kongrou 0.0012 24 -193 336 62
Kongrou 0.0011 48 -96 152 9
Kongrou 0.0011 136 172 227 243
Kongrou 0.0011 137 -9 255 135
Rouzaofun 0.1428 43 -8 269 166
Rouzaofun 0.0141 136 -88 227 -20
Rouzaofun 0.0116 130 -133 239 20
Rouzaofun 0.0095 84 -114 285 0
Rouzaofun 0.0048 104 28 241 169
Rouzaofun 0.0035 111 -103 156 17
Rouzaofun 0.0027 77 -5 196 154
Rouzaofun 0.0024 43 -79 232 -8
Rouzaofun 0.0020 153 -2 263 152
Rouzaofun 0.0020 148 -101 216 15
Rouzaofun 0.0015 65 -138 210 49
Rouzaofun 0.0014 136 172 227 243
Rouzaofun 0.0012 24 -193 336 62
Rouzaofun 0.0011 116 171 186 224
Rouzaofun 0.0010 75 147 293 262
Rice_with_Shredded_Chicken 0.2887 43 -8 269 166
Rice_with_Shredded_Chicken 0.0153 136 -88 227 -20
Rice_with_Shredded_Chicken 0.0111 130 -133 239 20
Rice_with_Shredded_Chicken 0.0093 84 -114 285 0
Rice_with_Shredded_Chicken 0.0035 104 28 241 169
Rice_with_Shredded_Chicken 0.0023 111 -103 156 17
Rice_with_Shredded_Chicken 0.0022 148 -101 216 15
Rice_with_Shredded_Chicken 0.0020 43 -79 232 -8
Rice_with_Shredded_Chicken 0.0018 78 -174 275 46
Rice_with_Shredded_Chicken 0.0015 136 172 227 243
Rice_with_Shredded_Chicken 0.0013 48 -138 201 50
Rice_with_Shredded_Chicken 0.0011 77 -5 196 154
migao 0.0555 69 -10 281 169
migao 0.0170 136 -88 227 -20
migao 0.0132 130 -133 239 20
migao 0.0103 84 -114 285 0
migao 0.0059 111 -103 156 17
migao 0.0028 148 -101 216 15
migao 0.0027 43 -79 232 -8
migao 0.0023 65 -138 210 49
migao 0.0017 136 172 227 243
migao 0.0014 131 -69 207 -36
migao 0.0012 24 -193 336 62
migao 0.0012 116 171 186 224
migao 0.0010 150 -90 189 4
wagui 0.0312 43 -8 269 166
wagui 0.0119 130 -133 239 20
wagui 0.0100 136 -88 227 -20
wagui 0.0093 84 -114 285 0
wagui 0.0046 96 -101 148 14
wagui 0.0027 31 -84 220 -3
wagui 0.0022 91 -96 183 -36
wagui 0.0020 148 -101 216 15
wagui 0.0019 24 -193 336 62
wagui 0.0015 48 -96 152 9
wagui 0.0015 131 -69 207 -36
wagui 0.0012 116 171 186 224
wagui 0.0010 48 -138 201 50
