Kongrou 0.0733 159 -15 378 290
Kongrou 0.0461 461 46 733 523
Kongrou 0.0288 102 41 435 234
Kongrou 0.0271 -9 155 178 427
Kongrou 0.0135 368 111 830 458
Kongrou 0.0111 192 246 376 522
Kongrou 0.0067 -62 205 260 378
Kongrou 0.0059 17 227 182 356
Kongrou 0.0047 180 61 356 215
Kongrou 0.0029 39 -25 751 623
Kongrou 0.0027 323 406 523 608
Kongrou 0.0019 461 121 692 401
Kongrou 0.0017 387 175 766 378
Kongrou 0.0015 210 302 357 466
Kongrou 0.0012 152 297 446 471
Kongrou 0.0011 513 275 701 555
Kongrou 0.0010 -5 265 143 379
Rouzaofun 0.1076 159 -15 378 290
Rouzaofun 0.0933 -9 155 178 427
Rouzaofun 0.0516 461 46 733 523
Rouzaofun 0.0459 102 41 435 234
Rouzaofun 0.0232 368 111 830 458
Rouzaofun 0.0227 -62 205 260 378
Rouzaofun 0.0209 192 246 376 522
Rouzaofun 0.0157 17 227 182 356
Rouzaofun 0.0097 323 406 523 608
Rouzaofun 0.0071 180 61 356 215
Rouzaofun 0.0045 39 -25 751 623
Rouzaofun 0.0032 461 121 692 401
Rouzaofun 0.0031 387 175 766 378
Rouzaofun 0.0029 210 302 357 466
Rouzaofun 0.0023 513 275 701 555
Rouzaofun 0.0023 152 297 446 471
Rouzaofun 0.0017 -5 265 143 379
Rouzaofun 0.0015 50 211 180 311
Rouzaofun 0.0015 336 439 476 575
Rice_with_Shredded_Chicken 0.0663 159 -15 378 290
Rice_with_Shredded_Chicken 0.0603 -9 155 178 427
Rice_with_Shredded_Chicken 0.0364 102 41 435 234
Rice_with_Shredded_Chicken 0.0299 376 123 824 507
Rice_with_Shredded_Chicken 0.0173 192 246 376 522
Rice_with_Shredded_Chicken 0.0148 -62 205 260 378
Rice_with_Shredded_Chicken 0.0082 17 227 182 356
Rice_with_Shredded_Chicken 0.0076 323 406 523 608
Rice_with_Shredded_Chicken 0.0041 466 36 728 474
Rice_with_Shredded_Chicken 0.0037 39 -25 751 623
Rice_with_Shredded_Chicken 0.0032 180 61 356 215
Rice_with_Shredded_Chicken 0.0021 210 302 357 466
Rice_with_Shredded_Chicken 0.0021 387 175 766 378
Rice_with_Shredded_Chicken 0.0017 152 297 446 471
Rice_with_Shredded_Chicken 0.0012 513 275 701 555
migao 0.1241 159 -15 378 290
migao 0.0860 376 123 824 507
migao 0.0692 -9 155 178 427
migao 0.0594 102 41 435 234
migao 0.0268 466 36 728 474
migao 0.0187 192 246 376 522
migao 0.0168 -62 205 260 378
migao 0.0121 17 227 182 356
migao 0.0060 323 406 523 608
migao 0.0043 180 61 356 215
migao 0.0032 39 -25 751 623
migao 0.0027 387 175 766 378
migao 0.0025 152 297 446 471
migao 0.0020 210 302 357 466
migao 0.0014 -5 265 143 379
migao 0.0014 513 275 701 555
migao 0.0014 50 211 180 311
migao 0.0011 336 439 476 575
wagui 0.0539 159 -15 378 290
wagui 0.0372 -9 155 178 427
wagui 0.0331 102 41 435 234
wagui 0.0274 192 246 376 522
wagui 0.0232 376 123 824 507
wagui 0.0103 466 36 728 474
wagui 0.0093 -62 205 260 378
wagui 0.0071 323 406 523 608
wagui 0.0052 17 227 182 356
wagui 0.0039 39 -25 751 623
wagui 0.0033 210 302 357 466
wagui 0.0026 152 297 446 471
wagui 0.0022 387 175 766 378
wagui 0.0021 180 61 356 215
wagui 0.0015 539 540 738 597
wagui 0.0013 336 439 476 575
wagui 0.0012 263 398 367 492
wagui 0.0012 513 275 701 555
wagui 0.0010 50 211 180 311
