Kongrou 0.0184 41 17 220 209
Kongrou 0.0020 161 -13 252 74
Kongrou 0.0011 -7 -13 269 164
Kongrou 0.0011 164 151 336 284
Rouzaofun 0.6557 0 30 261 199
Rouzaofun 0.1043 146 -13 247 73
Rouzaofun 0.0080 87 -19 284 80
Rouzaofun 0.0045 16 60 154 181
Rouzaofun 0.0028 34 -11 225 161
Rouzaofun 0.0021 106 -16 226 58
Rouzaofun 0.0020 91 52 221 188
Rouzaofun 0.0012 15 98 247 211
Rouzaofun 0.0012 136 186 180 232
Rouzaofun 0.0011 131 201 165 237
Rouzaofun 0.0010 66 7 165 133
Rouzaofun 0.0010 122 171 195 246
Rice_with_Shredded_Chicken 0.1001 7 37 252 194
Rice_with_Shredded_Chicken 0.0099 146 -13 247 73
Rice_with_Shredded_Chicken 0.0024 87 -19 284 80
Rice_with_Shredded_Chicken 0.0013 -17 68 168 193
Rice_with_Shredded_Chicken 0.0011 131 201 165 237
Rice_with_Shredded_Chicken 0.0010 34 -11 225 161
Rice_with_Shredded_Chicken 0.0010 136 186 180 232
migao 0.2104 7 37 252 194
migao 0.0192 146 -13 247 73
migao 0.0023 87 -19 284 80
migao 0.0011 136 186 180 232
migao 0.0011 170 119 330 309
migao 0.0010 131 201 165 237
wagui 0.0251 41 17 220 209
wagui 0.0022 146 -13 247 73
wagui 0.0012 136 186 180 232
wagui 0.0011 131 201 165 237
wagui 0.0010 -7 -13 269 164
