Kongrou 0.0103 21 7 235 183
Kongrou 0.0045 168 42 260 163
Kongrou 0.0014 -64 -109 125 60
Kongrou 0.0012 182 54 250 134
Kongrou 0.0011 134 203 168 234
Kongrou 0.0010 140 193 183 234
Rouzaofun 0.2264 21 7 235 183
Rouzaofun 0.0052 -11 81 271 192
Rouzaofun 0.0017 134 203 168 234
Rouzaofun 0.0017 183 56 250 142
Rouzaofun 0.0017 -64 -109 125 60
Rouzaofun 0.0015 81 183 162 205
Rouzaofun 0.0012 140 193 183 234
Rouzaofun 0.0011 148 43 277 162
Rouzaofun 0.0011 56 182 157 195
Rice_with_Shredded_Chicken 0.8269 18 16 240 177
Rice_with_Shredded_Chicken 0.0056 -11 81 271 192
Rice_with_Shredded_Chicken 0.0020 134 203 168 234
Rice_with_Shredded_Chicken 0.0017 -64 -109 125 60
Rice_with_Shredded_Chicken 0.0014 168 42 260 163
Rice_with_Shredded_Chicken 0.0011 140 193 183 234
Rice_with_Shredded_Chicken 0.0011 81 183 162 205
Rice_with_Shredded_Chicken 0.0010 -9 0 268 118
migao 0.0676 18 16 240 177
migao 0.0018 134 203 168 234
migao 0.0017 166 67 266 131
migao 0.0017 81 183 162 205
migao 0.0012 148 43 277 162
migao 0.0012 -64 -109 125 60
migao 0.0012 140 193 183 234
migao 0.0011 -11 81 271 192
migao 0.0010 56 182 157 195
wagui 0.0434 21 7 235 183
wagui 0.0024 54 182 149 195
wagui 0.0023 81 183 162 205
wagui 0.0020 134 203 168 234
wagui 0.0013 166 67 266 131
wagui 0.0012 140 193 183 234
wagui 0.0011 -64 -109 125 60
wagui 0.0010 148 43 277 162
