Kongrou 0.5341 33 -61 645 540
Kongrou 0.0083 201 20 569 484
Kongrou 0.0017 73 94 280 366
Kongrou 0.0012 61 -146 396 41
Kongrou 0.0010 348 436 549 872
Kongrou 0.0010 1 130 383 331
Rouzaofun 0.0330 -7 -23 681 508
Rouzaofun 0.0043 201 20 569 484
Rouzaofun 0.0016 73 94 280 366
Rouzaofun 0.0015 61 -146 396 41
Rouzaofun 0.0014 1 130 383 331
Rice_with_Shredded_Chicken 0.0104 0 5 666 590
Rice_with_Shredded_Chicken 0.0019 61 -146 396 41
Rice_with_Shredded_Chicken 0.0011 5 127 348 334
Rice_with_Shredded_Chicken 0.0010 369 530 506 785
migao 0.2019 33 -61 645 540
migao 0.0043 201 20 569 484
migao 0.0014 5 127 348 334
migao 0.0014 369 530 506 785
migao 0.0010 348 436 549 872
migao 0.0010 61 -146 396 41
wagui 0.0200 33 -61 645 540
wagui 0.0014 73 94 280 366
wagui 0.0014 61 -146 396 41
wagui 0.0010 1 130 383 331
wagui 0.0010 146 140 680 490
