Kongrou 0.0217 73 24 213 179
Kongrou 0.0123 130 -68 220 -23
Kongrou 0.0097 25 43 260 157
Kongrou 0.0079 132 -117 225 21
Kongrou 0.0059 79 -96 277 0
Kongrou 0.0018 100 -140 289 33
Kongrou 0.0016 110 159 218 230
Kongrou 0.0011 111 89 223 295
Kongrou 0.0010 0 -198 351 83
Kongrou 0.0010 90 170 173 221
Kongrou 0.0010 40 103 306 291
Kongrou 0.0010 146 -89 204 19
Rouzaofun 0.0107 40 32 255 175
Rouzaofun 0.0106 130 -68 220 -23
Rouzaofun 0.0063 132 -117 225 21
Rouzaofun 0.0048 79 -96 277 0
Rouzaofun 0.0015 146 -89 204 19
Rouzaofun 0.0012 100 -157 288 46
Rouzaofun 0.0012 0 -198 351 83
Rice_with_Shredded_Chicken 0.1198 40 32 255 175
Rice_with_Shredded_Chicken 0.0095 130 -68 220 -23
Rice_with_Shredded_Chicken 0.0062 132 -117 225 21
Rice_with_Shredded_Chicken 0.0048 79 -96 277 0
Rice_with_Shredded_Chicken 0.0017 0 -198 351 83
Rice_with_Shredded_Chicken 0.0016 146 -89 204 19
Rice_with_Shredded_Chicken 0.0015 100 -157 288 46
Rice_with_Shredded_Chicken 0.0013 -17 -153 224 44
Rice_with_Shredded_Chicken 0.0010 1 -1 294 129
Rice_with_Shredded_Chicken 0.0010 110 159 218 230
Rice_with_Shredded_Chicken 0.0010 111 89 223 295
migao 0.0193 40 32 255 175
migao 0.0127 130 -68 220 -23
migao 0.0070 132 -117 225 21
migao 0.0058 79 -96 277 0
migao 0.0018 146 -89 204 19
migao 0.0015 100 -157 288 46
migao 0.0014 0 -198 351 83
migao 0.0014 110 159 218 230
migao 0.0011 111 89 223 295
wagui 0.0078 130 -68 220 -23
wagui 0.0068 40 32 255 175
wagui 0.0054 132 -117 225 21
wagui 0.0053 79 -96 277 0
wagui 0.0022 0 -198 351 83
wagui 0.0019 -17 -153 224 44
wagui 0.0016 86 -85 178 -30
wagui 0.0014 100 -157 288 46
wagui 0.0011 146 -89 204 19
wagui 0.0010 110 159 218 230
wagui 0.0010 219 1 269 22
wagui 0.0010 111 89 223 295
