Kongrou 0.0829 104 40 697 561
Kongrou 0.0031 152 -21 490 407
Kongrou 0.0014 242 533 462 663
Kongrou 0.0011 18 -171 312 68
Rouzaofun 0.5797 94 -2 703 599
Rouzaofun 0.0015 242 533 462 663
Rouzaofun 0.0013 218 150 737 538
Rouzaofun 0.0010 322 532 493 781
Rice_with_Shredded_Chicken 0.0478 152 -20 651 613
Rice_with_Shredded_Chicken 0.0011 18 -171 312 68
Rice_with_Shredded_Chicken 0.0010 322 532 493 781
migao 0.4203 94 -2 703 599
migao 0.0013 322 532 493 781
migao 0.0012 242 533 462 663
migao 0.0010 60 27 578 359
wagui 0.0270 152 -20 651 613
wagui 0.0015 242 533 462 663
wagui 0.0010 152 -21 490 407
