Kongrou 0.3922 14 22 783 455
Kongrou 0.0072 158 52 551 454
Kongrou 0.0031 71 -9 453 337
Kongrou 0.0023 -89 -53 886 286
Rouzaofun 0.0210 14 22 783 455
Rouzaofun 0.0013 245 42 648 461
Rouzaofun 0.0011 391 621 485 733
Rice_with_Shredded_Chicken 0.0148 95 -5 687 490
Rice_with_Shredded_Chicken 0.0010 391 621 485 733
migao 0.1057 14 22 783 455
migao 0.0018 245 42 648 461
migao 0.0010 391 621 485 733
wagui 0.3340 14 22 783 455
wagui 0.0125 245 42 648 461
wagui 0.0059 22 429 318 634
wagui 0.0046 71 -9 453 337
wagui 0.0028 -89 -53 886 286
wagui 0.0013 133 82 513 486
wagui 0.0010 391 621 485 733
