Kongrou 0.0494 156 11 381 264
Kongrou 0.0165 140 256 367 511
Kongrou 0.0158 400 298 630 562
Kongrou 0.0082 100 63 437 212
Kongrou 0.0060 60 297 447 470
Kongrou 0.0039 341 327 688 502
Kongrou 0.0037 186 58 350 188
Kongrou 0.0027 42 -32 748 631
Kongrou 0.0019 173 106 364 232
Kongrou 0.0019 422 360 607 499
Kongrou 0.0014 424 0 654 326
Kongrou 0.0012 133 316 342 452
Rouzaofun 0.1160 156 11 381 264
Rouzaofun 0.0779 400 298 630 562
Rouzaofun 0.0323 140 256 367 511
Rouzaofun 0.0208 100 63 437 212
Rouzaofun 0.0137 60 297 447 470
Rouzaofun 0.0131 341 327 688 502
Rouzaofun 0.0082 186 80 352 227
Rouzaofun 0.0052 422 360 607 499
Rouzaofun 0.0048 61 39 736 562
Rouzaofun 0.0027 183 48 354 167
Rouzaofun 0.0020 184 340 354 459
Rouzaofun 0.0016 306 284 712 594
Rouzaofun 0.0015 424 0 654 326
Rouzaofun 0.0013 427 196 633 295
Rouzaofun 0.0013 453 392 638 530
Rouzaofun 0.0012 412 329 617 439
Rouzaofun 0.0012 406 159 655 332
Rouzaofun 0.0011 127 331 318 437
Rouzaofun 0.0010 330 524 549 788
Rice_with_Shredded_Chicken 0.0668 156 11 381 264
Rice_with_Shredded_Chicken 0.0335 400 298 630 562
Rice_with_Shredded_Chicken 0.0165 140 256 367 511
Rice_with_Shredded_Chicken 0.0145 100 63 437 212
Rice_with_Shredded_Chicken 0.0124 424 0 654 326
Rice_with_Shredded_Chicken 0.0105 60 297 447 470
Rice_with_Shredded_Chicken 0.0074 341 327 688 502
Rice_with_Shredded_Chicken 0.0052 42 -32 748 631
Rice_with_Shredded_Chicken 0.0035 169 60 336 216
Rice_with_Shredded_Chicken 0.0023 422 360 607 499
Rice_with_Shredded_Chicken 0.0010 3 553 393 754
Rice_with_Shredded_Chicken 0.0010 330 524 549 788
migao 0.1151 156 11 381 264
migao 0.0459 400 298 630 562
migao 0.0237 140 256 367 511
migao 0.0217 100 63 437 212
migao 0.0124 60 297 447 470
migao 0.0108 341 327 688 502
migao 0.0052 186 80 352 227
migao 0.0035 424 0 654 326
migao 0.0035 422 360 607 499
migao 0.0031 42 -32 748 631
migao 0.0021 183 48 354 167
migao 0.0013 184 340 354 459
migao 0.0012 330 524 549 788
migao 0.0012 427 196 633 295
migao 0.0010 602 137 909 614
wagui 0.0556 156 11 381 264
wagui 0.0363 424 0 654 326
wagui 0.0198 400 298 630 562
wagui 0.0164 140 256 367 511
wagui 0.0138 100 63 437 212
wagui 0.0092 60 297 447 470
wagui 0.0058 341 327 688 502
wagui 0.0029 186 58 350 188
wagui 0.0019 42 -32 748 631
wagui 0.0016 422 345 607 484
wagui 0.0015 427 196 633 295
wagui 0.0014 173 106 364 232
wagui 0.0010 147 321 297 417
wagui 0.0010 184 340 354 459
