Kongrou 0.2091 76 -18 847 501
Kongrou 0.0040 202 -118 712 350
Kongrou 0.0012 367 525 571 789
Kongrou 0.0011 36 118 765 731
Rouzaofun 0.0351 133 -42 786 515
Rouzaofun 0.0026 -28 150 823 570
Rouzaofun 0.0022 227 64 664 447
Rouzaofun 0.0017 202 -118 712 350
Rouzaofun 0.0012 367 525 571 789
Rice_with_Shredded_Chicken 0.0199 133 -42 786 515
Rice_with_Shredded_Chicken 0.0015 -28 150 823 570
Rice_with_Shredded_Chicken 0.0014 367 525 571 789
Rice_with_Shredded_Chicken 0.0011 202 -118 712 350
migao 0.0937 133 -42 786 515
migao 0.0021 202 -118 712 350
migao 0.0018 367 525 571 789
migao 0.0017 -28 150 823 570
migao 0.0010 -235 468 294 881
wagui 0.0081 133 -42 786 515
wagui 0.0010 374 445 584 861
