Kongrou 0.0193 66 8 232 180
Kongrou 0.0093 57 59 152 166
Kongrou 0.0014 33 -36 265 151
Rouzaofun 0.4059 40 2 260 190
Rouzaofun 0.0064 116 13 272 150
Rouzaofun 0.0034 57 59 152 166
Rouzaofun 0.0023 103 0 224 124
Rouzaofun 0.0017 152 51 256 152
Rouzaofun 0.0016 78 52 249 170
Rouzaofun 0.0016 80 -46 296 160
Rouzaofun 0.0016 40 -23 259 100
Rouzaofun 0.0013 119 -17 229 82
Rouzaofun 0.0012 30 25 197 159
Rouzaofun 0.0010 139 -36 174 6
Rice_with_Shredded_Chicken 0.4818 43 7 254 186
Rice_with_Shredded_Chicken 0.0038 57 59 152 166
Rice_with_Shredded_Chicken 0.0021 116 13 272 150
Rice_with_Shredded_Chicken 0.0010 6 21 161 163
migao 0.2003 43 7 254 186
migao 0.0029 57 59 152 166
migao 0.0028 116 13 272 150
migao 0.0010 139 -36 174 6
wagui 0.0318 66 8 232 180
wagui 0.0015 57 59 152 166
wagui 0.0012 139 -36 174 6
