Kongrou 0.0197 53 6 223 174
Kongrou 0.0040 -3 2 39 132
Kongrou 0.0028 -11 26 59 109
Kongrou 0.0022 66 -129 248 56
Kongrou 0.0015 120 178 201 230
Kongrou 0.0014 115 138 212 266
Kongrou 0.0014 52 103 305 288
Kongrou 0.0011 2 33 34 102
Kongrou 0.0010 73 152 252 250
Rouzaofun 0.1027 31 9 242 173
Rouzaofun 0.0090 -3 2 39 132
Rouzaofun 0.0041 -16 27 53 107
Rouzaofun 0.0020 66 -129 248 56
Rouzaofun 0.0017 2 33 34 102
Rouzaofun 0.0014 120 178 201 230
Rouzaofun 0.0013 88 39 217 175
Rouzaofun 0.0013 72 105 288 285
Rouzaofun 0.0012 115 138 212 266
Rouzaofun 0.0011 73 152 252 250
Rouzaofun 0.0010 47 20 174 153
Rice_with_Shredded_Chicken 0.6243 31 9 242 173
Rice_with_Shredded_Chicken 0.0060 -3 2 39 132
Rice_with_Shredded_Chicken 0.0032 -16 27 53 107
Rice_with_Shredded_Chicken 0.0026 58 -109 258 36
Rice_with_Shredded_Chicken 0.0024 30 -154 290 78
Rice_with_Shredded_Chicken 0.0015 120 178 201 230
Rice_with_Shredded_Chicken 0.0014 72 105 288 285
Rice_with_Shredded_Chicken 0.0012 2 33 34 102
Rice_with_Shredded_Chicken 0.0011 115 138 212 266
Rice_with_Shredded_Chicken 0.0011 -7 -84 158 55
migao 0.0753 31 9 242 173
migao 0.0075 -3 2 39 132
migao 0.0051 -16 27 53 107
migao 0.0026 58 -109 258 36
migao 0.0019 30 -154 290 78
migao 0.0018 120 178 201 230
migao 0.0015 115 138 212 266
migao 0.0012 52 103 305 288
migao 0.0012 2 33 34 102
migao 0.0011 73 152 252 250
wagui 0.0913 31 9 242 173
wagui 0.0092 -3 2 39 132
wagui 0.0052 -16 27 53 107
wagui 0.0024 30 -154 290 78
wagui 0.0024 44 0 119 18
wagui 0.0019 58 -109 258 36
wagui 0.0019 2 33 34 102
wagui 0.0013 7 -82 149 2
wagui 0.0012 72 105 288 285
wagui 0.0012 115 138 212 266
