Kongrou 0.0098 128 -78 224 -15
Kongrou 0.0077 123 -128 235 31
Kongrou 0.0056 76 -100 280 2
Kongrou 0.0039 119 186 208 228
Kongrou 0.0036 76 52 148 132
Kongrou 0.0036 90 171 174 221
Kongrou 0.0035 124 -61 203 -29
Kongrou 0.0033 62 2 238 163
Kongrou 0.0029 120 136 214 271
Kongrou 0.0025 55 153 279 254
Kongrou 0.0023 82 -156 259 43
Kongrou 0.0018 19 -196 331 82
Kongrou 0.0017 154 132 268 231
Kongrou 0.0016 109 -96 148 24
Kongrou 0.0015 139 -93 212 22
Kongrou 0.0012 105 80 207 304
Kongrou 0.0011 173 -139 404 120
Kongrou 0.0010 87 -87 178 -29
Rouzaofun 0.1611 39 -7 262 171
Rouzaofun 0.0087 128 -78 224 -15
Rouzaofun 0.0073 120 35 238 144
Rouzaofun 0.0066 123 -128 235 31
Rouzaofun 0.0054 76 -100 280 2
Rouzaofun 0.0048 96 -17 237 128
Rouzaofun 0.0036 119 186 208 228
Rouzaofun 0.0027 55 153 279 254
Rouzaofun 0.0024 76 52 148 132
Rouzaofun 0.0021 120 136 214 271
Rouzaofun 0.0020 82 -156 259 43
Rouzaofun 0.0019 19 -196 331 82
Rouzaofun 0.0018 124 -61 203 -29
Rouzaofun 0.0018 109 -96 148 24
Rouzaofun 0.0017 139 -93 212 22
Rouzaofun 0.0016 90 171 174 221
Rouzaofun 0.0015 154 132 268 231
Rouzaofun 0.0012 -38 12 50 143
Rouzaofun 0.0011 44 -70 222 -2
Rouzaofun 0.0010 28 24 188 156
Rouzaofun 0.0010 -5 -104 106 8
Rice_with_Shredded_Chicken 0.0547 39 -7 262 171
Rice_with_Shredded_Chicken 0.0100 128 -78 224 -15
Rice_with_Shredded_Chicken 0.0064 123 -128 235 31
Rice_with_Shredded_Chicken 0.0048 76 -100 280 2
Rice_with_Shredded_Chicken 0.0027 119 186 208 228
Rice_with_Shredded_Chicken 0.0026 19 -196 331 82
Rice_with_Shredded_Chicken 0.0024 55 153 279 254
Rice_with_Shredded_Chicken 0.0023 82 -156 259 43
Rice_with_Shredded_Chicken 0.0020 154 132 268 231
Rice_with_Shredded_Chicken 0.0020 139 -93 212 22
Rice_with_Shredded_Chicken 0.0020 120 136 214 271
Rice_with_Shredded_Chicken 0.0018 124 -61 203 -29
Rice_with_Shredded_Chicken 0.0017 76 52 148 132
Rice_with_Shredded_Chicken 0.0012 109 -96 148 24
Rice_with_Shredded_Chicken 0.0010 120 35 238 144
Rice_with_Shredded_Chicken 0.0010 105 80 207 304
Rice_with_Shredded_Chicken 0.0010 -5 -104 106 8
migao 0.0351 39 -7 262 171
migao 0.0100 128 -78 224 -15
migao 0.0070 123 -128 235 31
migao 0.0055 76 -100 280 2
migao 0.0048 119 186 208 228
migao 0.0032 76 52 148 132
migao 0.0030 124 -61 203 -29
migao 0.0029 109 -96 148 24
migao 0.0029 55 153 279 254
migao 0.0029 120 136 214 271
migao 0.0022 139 -93 212 22
migao 0.0021 19 -196 331 82
migao 0.0017 82 -156 259 43
migao 0.0016 120 35 238 144
migao 0.0015 90 171 174 221
migao 0.0015 154 132 268 231
migao 0.0013 105 80 207 304
migao 0.0012 44 -70 222 -2
wagui 0.0172 39 -7 262 171
wagui 0.0066 128 -78 224 -15
wagui 0.0063 123 -128 235 31
wagui 0.0055 76 -100 280 2
wagui 0.0040 -38 12 50 143
wagui 0.0030 19 -196 331 82
wagui 0.0030 124 -61 203 -29
wagui 0.0028 76 52 148 132
wagui 0.0022 109 -96 148 24
wagui 0.0020 120 136 214 271
wagui 0.0020 -76 0 89 158
wagui 0.0018 55 153 279 254
wagui 0.0018 82 -156 259 43
wagui 0.0017 119 186 208 228
wagui 0.0016 87 -87 178 -29
wagui 0.0015 90 171 174 221
wagui 0.0014 139 -93 212 22
wagui 0.0012 3 40 25 132
wagui 0.0011 -1 32 18 117
wagui 0.0011 105 80 207 304
wagui 0.0010 44 -70 222 -2
