Kongrou 0.0056 48 11 209 181
Kongrou 0.0037 19 2 239 120
Kongrou 0.0020 87 171 161 217
Kongrou 0.0014 80 -104 257 56
Kongrou 0.0010 95 -15 128 17
Kongrou 0.0010 -102 -94 123 91
Rouzaofun 0.0572 20 44 239 188
Rouzaofun 0.0193 73 61 196 183
Rouzaofun 0.0116 56 1 199 155
Rouzaofun 0.0017 87 171 161 217
Rouzaofun 0.0015 95 -15 128 17
Rouzaofun 0.0012 80 -104 257 56
Rouzaofun 0.0011 153 -35 190 5
Rouzaofun 0.0010 130 -53 212 24
Rouzaofun 0.0010 64 -30 159 30
Rice_with_Shredded_Chicken 0.0598 23 9 234 187
Rice_with_Shredded_Chicken 0.0040 49 61 238 162
Rice_with_Shredded_Chicken 0.0016 95 -15 128 17
Rice_with_Shredded_Chicken 0.0015 80 -104 257 56
Rice_with_Shredded_Chicken 0.0013 12 -46 114 13
Rice_with_Shredded_Chicken 0.0010 153 -35 190 5
migao 0.0292 48 11 209 181
migao 0.0018 19 2 239 120
migao 0.0018 95 -15 128 17
migao 0.0016 87 171 161 217
migao 0.0013 64 70 243 174
migao 0.0013 85 -89 254 42
migao 0.0011 113 175 190 231
migao 0.0011 153 -35 190 5
migao 0.0010 116 -43 206 11
wagui 0.8648 23 9 234 187
wagui 0.0089 80 50 208 175
wagui 0.0038 75 -3 194 109
wagui 0.0018 87 171 161 217
wagui 0.0016 95 -15 128 17
wagui 0.0014 69 -132 272 84
wagui 0.0013 12 -46 114 13
wagui 0.0013 2 180 126 242
wagui 0.0010 153 -35 190 5
