Kongrou 0.1211 211 105 585 584
Kongrou 0.0614 66 168 726 525
Kongrou 0.0569 654 112 903 447
Kongrou 0.0334 417 22 707 203
Kongrou 0.0088 314 103 618 454
Kongrou 0.0087 610 192 964 379
Kongrou 0.0078 546 94 1009 463
Kongrou 0.0030 21 -50 880 642
Kongrou 0.0028 694 180 879 358
Kongrou 0.0018 153 13 383 111
Kongrou 0.0016 209 -419 816 167
Kongrou 0.0015 501 48 694 180
Kongrou 0.0013 52 -537 999 277
Kongrou 0.0013 268 187 544 489
Kongrou 0.0011 -1 21 157 273
Kongrou 0.0011 3 57 115 236
Kongrou 0.0011 336 -152 833 328
Kongrou 0.0010 409 40 645 152
Rouzaofun 0.0562 417 22 707 203
Rouzaofun 0.0366 668 131 906 406
Rouzaofun 0.0189 66 168 726 525
Rouzaofun 0.0173 219 162 578 592
Rouzaofun 0.0116 76 57 376 360
Rouzaofun 0.0112 606 178 967 359
Rouzaofun 0.0049 3 57 115 236
Rouzaofun 0.0049 -1 21 157 273
Rouzaofun 0.0037 153 13 383 111
Rouzaofun 0.0036 546 94 1009 463
Rouzaofun 0.0032 501 48 694 180
Rouzaofun 0.0020 722 197 886 376
Rouzaofun 0.0016 661 173 878 330
Rouzaofun 0.0015 209 -419 816 167
Rouzaofun 0.0014 52 -537 999 277
Rouzaofun 0.0014 21 -50 880 642
Rouzaofun 0.0013 121 -23 416 147
Rouzaofun 0.0012 409 40 645 152
Rouzaofun 0.0011 190 234 622 441
Rouzaofun 0.0011 -53 26 501 392
Rice_with_Shredded_Chicken 0.0418 417 22 707 203
Rice_with_Shredded_Chicken 0.0387 66 168 726 525
Rice_with_Shredded_Chicken 0.0357 211 105 585 584
Rice_with_Shredded_Chicken 0.0238 669 138 905 433
Rice_with_Shredded_Chicken 0.0101 610 192 964 379
Rice_with_Shredded_Chicken 0.0071 76 57 376 360
Rice_with_Shredded_Chicken 0.0050 3 57 115 236
Rice_with_Shredded_Chicken 0.0039 -1 21 157 273
Rice_with_Shredded_Chicken 0.0027 153 13 383 111
Rice_with_Shredded_Chicken 0.0022 546 94 1009 463
Rice_with_Shredded_Chicken 0.0020 21 -50 880 642
Rice_with_Shredded_Chicken 0.0019 191 -376 849 128
Rice_with_Shredded_Chicken 0.0019 52 -537 999 277
Rice_with_Shredded_Chicken 0.0016 694 180 879 358
Rice_with_Shredded_Chicken 0.0011 121 -23 416 147
Rice_with_Shredded_Chicken 0.0010 -53 26 501 392
Rice_with_Shredded_Chicken 0.0010 501 48 694 180
migao 0.0686 417 22 707 203
migao 0.0562 66 168 726 525
migao 0.0517 211 105 585 584
migao 0.0501 668 131 906 406
migao 0.0133 584 191 955 380
migao 0.0079 546 94 1009 463
migao 0.0059 3 57 115 236
migao 0.0039 153 13 383 111
migao 0.0032 -1 21 157 273
migao 0.0031 76 57 376 360
migao 0.0020 501 48 694 180
migao 0.0020 191 -376 849 128
migao 0.0020 21 -50 880 642
migao 0.0019 314 103 618 454
migao 0.0015 52 -537 999 277
migao 0.0011 190 234 622 441
migao 0.0011 661 173 878 330
migao 0.0011 409 40 645 152
migao 0.0011 722 197 886 376
migao 0.0010 412 587 640 743
wagui 0.0611 417 22 707 203
wagui 0.0387 668 131 906 406
wagui 0.0119 584 191 955 380
wagui 0.0099 3 57 115 236
wagui 0.0095 66 168 726 525
wagui 0.0085 140 15 361 108
wagui 0.0059 211 105 585 584
wagui 0.0050 -19 16 141 278
wagui 0.0043 546 94 1009 463
wagui 0.0023 121 -23 416 147
wagui 0.0022 52 -537 999 277
wagui 0.0020 501 48 694 180
wagui 0.0016 409 40 645 152
wagui 0.0015 191 -376 849 128
wagui 0.0011 661 173 878 330
wagui 0.0010 722 197 886 376
wagui 0.0010 -12 37 133 154
