Kongrou 0.0207 42 51 355 517
Kongrou 0.0069 439 218 700 597
Kongrou 0.0056 651 69 809 359
Kongrou 0.0033 403 602 566 720
Kongrou 0.0033 -78 84 476 424
Kongrou 0.0027 419 -42 655 305
Kongrou 0.0024 344 527 535 786
Kongrou 0.0015 -55 170 456 581
Kongrou 0.0015 205 509 687 797
Kongrou 0.0013 464 23 689 252
Kongrou 0.0013 601 542 905 769
Kongrou 0.0012 401 551 628 772
Kongrou 0.0010 325 33 734 211
Rouzaofun 0.1373 419 -42 655 305
Rouzaofun 0.1102 439 218 700 597
Rouzaofun 0.0496 -51 97 452 532
Rouzaofun 0.0256 651 69 809 359
Rouzaofun 0.0163 36 120 307 569
Rouzaofun 0.0101 357 210 840 542
Rouzaofun 0.0074 455 348 745 648
Rouzaofun 0.0060 463 42 690 264
Rouzaofun 0.0056 318 -7 757 327
Rouzaofun 0.0043 403 602 566 720
Rouzaofun 0.0037 325 33 734 211
Rouzaofun 0.0035 619 99 871 299
Rouzaofun 0.0029 363 550 605 773
Rouzaofun 0.0027 125 151 394 541
Rouzaofun 0.0023 677 118 814 281
Rouzaofun 0.0023 443 76 617 200
Rouzaofun 0.0020 191 234 407 472
Rouzaofun 0.0015 339 460 557 847
Rouzaofun 0.0014 205 509 687 797
Rouzaofun 0.0013 373 47 626 259
Rouzaofun 0.0012 358 347 838 714
Rouzaofun 0.0011 -109 439 300 900
Rouzaofun 0.0010 457 581 603 711
Rice_with_Shredded_Chicken 0.0231 -51 97 452 532
Rice_with_Shredded_Chicken 0.0197 419 -42 655 305
Rice_with_Shredded_Chicken 0.0118 651 69 809 359
Rice_with_Shredded_Chicken 0.0102 344 250 793 563
Rice_with_Shredded_Chicken 0.0040 403 602 566 720
Rice_with_Shredded_Chicken 0.0025 363 550 605 773
Rice_with_Shredded_Chicken 0.0022 464 23 689 252
Rice_with_Shredded_Chicken 0.0020 318 -7 757 327
Rice_with_Shredded_Chicken 0.0020 325 33 734 211
Rice_with_Shredded_Chicken 0.0019 619 99 871 299
Rice_with_Shredded_Chicken 0.0017 464 295 732 638
Rice_with_Shredded_Chicken 0.0017 36 120 307 569
Rice_with_Shredded_Chicken 0.0016 339 460 557 847
Rice_with_Shredded_Chicken 0.0016 205 509 687 797
Rice_with_Shredded_Chicken 0.0010 443 76 617 200
Rice_with_Shredded_Chicken 0.0010 401 627 505 726
migao 0.0492 -51 97 452 532
migao 0.0419 419 -42 655 305
migao 0.0265 439 218 700 597
migao 0.0179 651 69 809 359
migao 0.0060 36 120 307 569
migao 0.0042 357 210 840 542
migao 0.0040 403 602 566 720
migao 0.0029 463 42 690 264
migao 0.0029 344 527 535 786
migao 0.0025 318 -7 757 327
migao 0.0024 619 99 871 299
migao 0.0024 325 33 734 211
migao 0.0018 443 76 617 200
migao 0.0016 677 118 814 281
migao 0.0016 205 509 687 797
migao 0.0015 455 348 745 648
migao 0.0013 401 551 628 772
migao 0.0012 -109 439 300 900
migao 0.0011 601 542 905 769
migao 0.0010 191 234 407 472
migao 0.0010 457 581 603 711
wagui 0.0090 651 69 809 359
wagui 0.0042 -51 97 452 532
wagui 0.0040 422 601 577 721
wagui 0.0026 427 24 664 251
wagui 0.0023 363 550 605 773
wagui 0.0021 344 250 793 563
wagui 0.0014 619 99 871 299
wagui 0.0014 339 460 557 847
wagui 0.0013 327 -31 746 291
wagui 0.0013 408 625 529 727
