Kongrou 0.0509 0 -5 684 606
Kongrou 0.0017 590 537 916 771
Kongrou 0.0016 288 -113 746 706
Rouzaofun 0.1640 85 7 707 581
Rouzaofun 0.0035 288 -113 746 706
Rouzaofun 0.0014 590 537 916 771
Rice_with_Shredded_Chicken 0.2566 -10 6 814 577
Rice_with_Shredded_Chicken 0.0028 288 -113 746 706
Rice_with_Shredded_Chicken 0.0026 63 -51 487 643
Rice_with_Shredded_Chicken 0.0012 590 537 916 771
Rice_with_Shredded_Chicken 0.0012 109 -129 678 479
migao 0.1379 85 7 707 581
migao 0.0023 288 -113 746 706
migao 0.0013 590 537 916 771
wagui 0.5528 -4 -2 804 605
wagui 0.0036 288 -113 746 706
wagui 0.0025 63 -51 487 643
wagui 0.0015 109 -129 678 479
wagui 0.0010 590 537 916 771
