Kongrou 0.0117 144 24 225 101
Kongrou 0.0073 43 60 139 142
Kongrou 0.0041 94 0 164 25
Kongrou 0.0030 104 161 212 227
Kongrou 0.0028 125 -60 210 -13
Kongrou 0.0027 127 -106 216 28
Kongrou 0.0022 79 167 172 222
Kongrou 0.0021 122 138 220 268
Kongrou 0.0020 157 34 212 80
Kongrou 0.0020 104 82 217 301
Kongrou 0.0019 116 41 253 95
Kongrou 0.0017 70 149 270 255
Kongrou 0.0017 74 -86 268 7
Kongrou 0.0014 52 77 129 125
Kongrou 0.0013 97 -128 278 40
Kongrou 0.0012 -61 -140 131 49
Kongrou 0.0011 11 67 170 124
Kongrou 0.0010 33 26 132 182
Rouzaofun 0.0228 149 10 237 130
Rouzaofun 0.0186 141 24 216 101
Rouzaofun 0.0125 43 60 139 142
Rouzaofun 0.0104 94 0 164 25
Rouzaofun 0.0098 33 26 132 182
Rouzaofun 0.0041 116 41 253 95
Rouzaofun 0.0041 -8 54 175 155
Rouzaofun 0.0031 119 178 216 232
Rouzaofun 0.0030 125 -60 210 -13
Rouzaofun 0.0028 157 34 212 80
Rouzaofun 0.0024 11 67 170 124
Rouzaofun 0.0022 52 77 129 125
Rouzaofun 0.0022 127 -106 216 28
Rouzaofun 0.0020 70 149 270 255
Rouzaofun 0.0017 174 32 251 116
Rouzaofun 0.0016 104 82 217 301
Rouzaofun 0.0016 122 138 220 268
Rouzaofun 0.0016 74 -86 268 7
Rouzaofun 0.0015 -61 -140 131 49
Rouzaofun 0.0014 109 19 277 124
Rouzaofun 0.0010 87 -14 172 41
Rice_with_Shredded_Chicken 0.0227 33 26 132 182
Rice_with_Shredded_Chicken 0.0169 149 10 237 130
Rice_with_Shredded_Chicken 0.0145 94 0 164 25
Rice_with_Shredded_Chicken 0.0132 141 24 216 101
Rice_with_Shredded_Chicken 0.0076 43 60 139 142
Rice_with_Shredded_Chicken 0.0056 -8 54 175 155
Rice_with_Shredded_Chicken 0.0033 116 41 253 95
Rice_with_Shredded_Chicken 0.0031 119 178 216 232
Rice_with_Shredded_Chicken 0.0030 125 -60 210 -13
Rice_with_Shredded_Chicken 0.0021 127 -106 216 28
Rice_with_Shredded_Chicken 0.0019 104 82 217 301
Rice_with_Shredded_Chicken 0.0018 -61 -140 131 49
Rice_with_Shredded_Chicken 0.0018 11 67 170 124
Rice_with_Shredded_Chicken 0.0017 70 149 270 255
Rice_with_Shredded_Chicken 0.0017 157 34 212 80
Rice_with_Shredded_Chicken 0.0016 74 -86 268 7
Rice_with_Shredded_Chicken 0.0014 122 138 220 268
Rice_with_Shredded_Chicken 0.0012 52 77 129 125
Rice_with_Shredded_Chicken 0.0012 109 19 277 124
Rice_with_Shredded_Chicken 0.0012 4 -190 332 93
Rice_with_Shredded_Chicken 0.0011 87 -14 172 41
Rice_with_Shredded_Chicken 0.0011 97 -128 278 40
Rice_with_Shredded_Chicken 0.0010 -7 4 12 33
Rice_with_Shredded_Chicken 0.0010 -115 -103 225 53
migao 0.0333 149 10 237 130
migao 0.0233 33 26 132 182
migao 0.0199 141 24 216 101
migao 0.0196 94 0 164 25
migao 0.0111 43 60 139 142
migao 0.0085 -8 54 175 155
migao 0.0041 116 41 253 95
migao 0.0038 119 178 216 232
migao 0.0034 125 -60 210 -13
migao 0.0025 127 -106 216 28
migao 0.0025 157 34 212 80
migao 0.0023 11 67 170 124
migao 0.0021 70 149 270 255
migao 0.0021 104 82 217 301
migao 0.0021 122 138 220 268
migao 0.0018 74 -86 268 7
migao 0.0017 109 19 277 124
migao 0.0017 52 77 129 125
migao 0.0015 -61 -140 131 49
migao 0.0012 174 32 251 116
migao 0.0011 95 169 178 220
migao 0.0011 97 -128 278 40
migao 0.0011 -7 4 12 33
migao 0.0010 4 -190 332 93
wagui 0.4666 33 26 132 182
wagui 0.3805 149 10 237 130
wagui 0.0495 94 0 164 25
wagui 0.0470 -8 54 175 155
wagui 0.0253 141 24 216 101
wagui 0.0172 43 60 139 142
wagui 0.0082 109 19 277 124
wagui 0.0049 157 34 212 80
wagui 0.0038 116 41 253 95
wagui 0.0032 95 169 178 220
wagui 0.0028 52 77 129 125
wagui 0.0025 -7 4 12 33
wagui 0.0024 11 67 170 124
wagui 0.0021 127 -106 216 28
wagui 0.0020 125 -60 210 -13
wagui 0.0020 174 32 251 116
wagui 0.0020 104 82 217 301
wagui 0.0018 87 -14 172 41
wagui 0.0017 74 -86 268 7
wagui 0.0017 122 138 220 268
wagui 0.0016 186 50 237 98
wagui 0.0015 4 -190 332 93
wagui 0.0014 -61 -140 131 49
wagui 0.0013 70 149 270 255
wagui 0.0013 119 178 216 232
wagui 0.0010 -115 -103 225 53
