Kongrou 0.0041 229 8 270 53
Kongrou 0.0028 0 50 88 127
Kongrou 0.0025 82 -125 275 53
Kongrou 0.0018 230 -3 270 97
Kongrou 0.0016 104 -69 217 -7
Kongrou 0.0015 128 -94 200 34
Kongrou 0.0015 123 -42 196 -10
Kongrou 0.0014 122 182 198 227
Kongrou 0.0013 121 140 205 264
Kongrou 0.0012 54 -60 144 -15
Kongrou 0.0010 47 -70 278 11
Kongrou 0.0010 95 -13 263 195
Rouzaofun 0.0096 229 8 270 53
Rouzaofun 0.0060 71 8 285 180
Rouzaofun 0.0055 0 50 88 127
Rouzaofun 0.0032 222 -2 267 75
Rouzaofun 0.0021 82 -125 275 53
Rouzaofun 0.0018 -42 -15 147 121
Rouzaofun 0.0016 54 -60 144 -15
Rouzaofun 0.0015 122 182 198 227
Rouzaofun 0.0012 130 33 259 159
Rouzaofun 0.0011 -15 38 105 108
Rouzaofun 0.0011 123 -42 196 -10
Rouzaofun 0.0011 128 -94 200 34
Rouzaofun 0.0010 11 68 78 110
Rouzaofun 0.0010 121 140 205 264
Rouzaofun 0.0010 104 -69 217 -7
Rouzaofun 0.0010 76 154 250 248
Rouzaofun 0.0010 214 13 286 80
Rouzaofun 0.0010 102 -66 133 29
Rouzaofun 0.0010 219 138 270 177
Rice_with_Shredded_Chicken 0.0140 71 8 285 180
Rice_with_Shredded_Chicken 0.0082 229 8 270 53
Rice_with_Shredded_Chicken 0.0036 0 50 88 127
Rice_with_Shredded_Chicken 0.0027 82 -125 275 53
Rice_with_Shredded_Chicken 0.0024 -36 -6 143 142
Rice_with_Shredded_Chicken 0.0022 222 -2 267 75
Rice_with_Shredded_Chicken 0.0014 122 182 198 227
Rice_with_Shredded_Chicken 0.0012 128 -94 200 34
Rice_with_Shredded_Chicken 0.0010 104 -69 217 -7
Rice_with_Shredded_Chicken 0.0010 123 -42 196 -10
migao 0.0118 229 8 270 53
migao 0.0074 71 8 285 180
migao 0.0040 0 50 88 127
migao 0.0031 230 -3 270 97
migao 0.0020 87 -106 271 35
migao 0.0019 122 182 198 227
migao 0.0016 123 -42 196 -10
migao 0.0014 128 -94 200 34
migao 0.0014 104 -69 217 -7
migao 0.0013 102 -66 133 29
migao 0.0013 121 140 205 264
migao 0.0011 214 13 286 80
migao 0.0011 233 17 267 76
migao 0.0010 219 138 270 177
migao 0.0010 47 -70 278 11
migao 0.0010 76 154 250 248
wagui 0.1488 71 8 285 180
wagui 0.0241 229 8 270 53
wagui 0.0139 130 33 259 159
wagui 0.0094 133 2 235 127
wagui 0.0069 -42 -15 147 121
wagui 0.0057 0 50 88 127
wagui 0.0043 222 -2 267 75
wagui 0.0037 9 -19 107 108
wagui 0.0023 139 -27 342 124
wagui 0.0022 82 -125 275 53
wagui 0.0020 219 138 270 177
wagui 0.0019 92 28 214 163
wagui 0.0015 107 72 241 185
wagui 0.0013 214 13 286 80
wagui 0.0012 11 75 77 114
wagui 0.0011 121 140 205 264
wagui 0.0010 -3 66 280 203
wagui 0.0010 123 -42 196 -10
wagui 0.0010 -15 38 105 108
wagui 0.0010 122 182 198 227
