Kongrou 0.0170 4 4 80 84
Kongrou 0.0150 110 7 183 91
Kongrou 0.0139 202 6 261 92
Kongrou 0.0086 165 96 238 182
Kongrou 0.0040 141 102 261 165
Kongrou 0.0035 -15 18 99 70
Kongrou 0.0034 206 25 256 74
Kongrou 0.0029 12 17 72 61
Kongrou 0.0025 39 101 114 177
Kongrou 0.0023 81 21 201 77
Kongrou 0.0020 115 25 177 73
Kongrou 0.0018 173 22 279 77
Kongrou 0.0013 115 -44 209 11
Kongrou 0.0012 2 -12 254 205
Kongrou 0.0012 171 116 231 162
Kongrou 0.0011 114 -32 188 1
Kongrou 0.0010 86 -113 250 66
Kongrou 0.0010 143 194 190 233
Rouzaofun 0.0493 4 4 80 84
Rouzaofun 0.0454 110 7 183 91
Rouzaofun 0.0447 202 13 260 95
Rouzaofun 0.0234 165 96 238 182
Rouzaofun 0.0101 -15 18 99 70
Rouzaofun 0.0088 141 102 261 165
Rouzaofun 0.0070 29 56 120 207
Rouzaofun 0.0061 81 21 201 77
Rouzaofun 0.0055 12 17 72 61
Rouzaofun 0.0053 39 101 114 177
Rouzaofun 0.0052 200 27 252 71
Rouzaofun 0.0046 173 22 279 77
Rouzaofun 0.0041 115 25 177 73
Rouzaofun 0.0038 1 78 148 185
Rouzaofun 0.0038 2 -12 254 205
Rouzaofun 0.0030 94 -12 176 114
Rouzaofun 0.0022 171 116 231 162
Rouzaofun 0.0022 56 3 201 188
Rouzaofun 0.0014 212 35 260 84
Rouzaofun 0.0012 115 -44 209 11
Rouzaofun 0.0012 143 194 190 233
Rouzaofun 0.0011 -17 -7 106 92
Rice_with_Shredded_Chicken 0.0254 4 4 80 84
Rice_with_Shredded_Chicken 0.0246 110 7 183 91
Rice_with_Shredded_Chicken 0.0223 202 13 260 95
Rice_with_Shredded_Chicken 0.0108 165 96 238 182
Rice_with_Shredded_Chicken 0.0067 -15 18 99 70
Rice_with_Shredded_Chicken 0.0058 141 102 261 165
Rice_with_Shredded_Chicken 0.0042 79 0 209 104
Rice_with_Shredded_Chicken 0.0041 87 26 216 82
Rice_with_Shredded_Chicken 0.0033 1 78 148 185
Rice_with_Shredded_Chicken 0.0032 173 22 279 77
Rice_with_Shredded_Chicken 0.0029 2 -12 254 205
Rice_with_Shredded_Chicken 0.0028 39 101 114 177
Rice_with_Shredded_Chicken 0.0026 12 17 72 61
Rice_with_Shredded_Chicken 0.0026 200 27 252 71
Rice_with_Shredded_Chicken 0.0025 29 56 120 207
Rice_with_Shredded_Chicken 0.0019 115 25 177 73
Rice_with_Shredded_Chicken 0.0019 56 3 201 188
Rice_with_Shredded_Chicken 0.0013 115 -44 209 11
Rice_with_Shredded_Chicken 0.0010 86 -113 250 66
Rice_with_Shredded_Chicken 0.0010 143 194 190 233
Rice_with_Shredded_Chicken 0.0010 -17 -7 106 92
migao 0.0411 4 4 80 84
migao 0.0350 202 13 260 95
migao 0.0338 110 7 183 91
migao 0.0157 165 96 238 182
migao 0.0091 -15 18 99 70
migao 0.0079 141 102 261 165
migao 0.0054 81 21 201 77
migao 0.0054 29 56 120 207
migao 0.0041 173 22 279 77
migao 0.0041 1 78 148 185
migao 0.0040 200 27 252 71
migao 0.0039 39 101 114 177
migao 0.0038 12 17 72 61
migao 0.0026 115 25 177 73
migao 0.0019 2 -12 254 205
migao 0.0014 115 -44 209 11
migao 0.0014 171 116 231 162
migao 0.0013 56 3 201 188
migao 0.0011 143 194 190 233
migao 0.0011 114 -32 188 1
migao 0.0010 -17 -7 106 92
wagui 0.1351 103 -13 184 117
wagui 0.0706 29 56 120 207
wagui 0.0619 7 -14 82 99
wagui 0.0367 161 65 246 199
wagui 0.0264 202 6 261 92
wagui 0.0256 1 78 148 185
wagui 0.0073 92 20 200 78
wagui 0.0064 -15 18 99 70
wagui 0.0057 141 102 261 165
wagui 0.0053 206 25 256 74
wagui 0.0045 39 101 114 177
wagui 0.0042 2 -12 254 205
wagui 0.0037 12 17 72 61
wagui 0.0032 173 22 279 77
wagui 0.0019 115 25 177 73
wagui 0.0018 65 1 206 103
wagui 0.0015 56 3 201 188
wagui 0.0013 159 112 233 185
wagui 0.0012 143 194 190 233
