Kongrou 0.0194 1 -46 336 525
Kongrou 0.0149 159 181 1460 1121
Kongrou 0.0036 36 59 300 421
Kongrou 0.0031 1247 186 1613 661
Kongrou 0.0023 -127 38 402 441
Kongrou 0.0016 633 203 1275 1042
Kongrou 0.0011 1271 296 1589 554
Kongrou 0.0010 6 177 270 486
Kongrou 0.0010 -74 143 412 584
Rouzaofun 0.1614 236 201 1364 1066
Rouzaofun 0.0520 546 -54 1110 309
Rouzaofun 0.0415 1 -46 336 525
Rouzaofun 0.0130 1247 186 1613 661
Rouzaofun 0.0064 36 59 300 421
Rouzaofun 0.0045 -88 45 488 433
Rouzaofun 0.0033 1271 296 1589 554
Rouzaofun 0.0031 739 230 1293 1015
Rouzaofun 0.0020 -74 143 412 584
Rouzaofun 0.0017 347 -185 1304 455
Rouzaofun 0.0016 6 177 270 486
Rouzaofun 0.0014 1091 217 1706 572
Rice_with_Shredded_Chicken 0.0794 236 201 1364 1066
Rice_with_Shredded_Chicken 0.0503 546 -54 1110 309
Rice_with_Shredded_Chicken 0.0250 1 -46 336 525
Rice_with_Shredded_Chicken 0.0052 1247 186 1613 661
Rice_with_Shredded_Chicken 0.0033 36 59 300 421
Rice_with_Shredded_Chicken 0.0031 -88 45 488 433
Rice_with_Shredded_Chicken 0.0017 347 -185 1304 455
Rice_with_Shredded_Chicken 0.0014 1271 296 1589 554
Rice_with_Shredded_Chicken 0.0014 -74 143 412 584
migao 0.1459 236 201 1364 1066
migao 0.0449 1 -46 336 525
migao 0.0087 546 -54 1110 309
migao 0.0065 1247 186 1613 661
migao 0.0045 36 59 300 421
migao 0.0044 -127 38 402 441
migao 0.0025 1271 296 1589 554
migao 0.0020 -74 143 412 584
migao 0.0012 6 177 270 486
wagui 0.0322 1 -46 336 525
wagui 0.0153 236 201 1364 1066
wagui 0.0066 486 -59 1052 313
wagui 0.0045 36 59 300 421
wagui 0.0036 -88 45 488 433
wagui 0.0034 1247 186 1613 661
wagui 0.0017 -74 143 412 584
wagui 0.0012 6 177 270 486
wagui 0.0011 1271 296 1589 554
