Kongrou 0.0139 35 13 309 165
Kongrou 0.0079 133 -68 216 -23
Kongrou 0.0065 133 -119 224 22
Kongrou 0.0052 76 15 211 185
Kongrou 0.0044 72 -93 284 -2
Kongrou 0.0041 124 16 255 184
Kongrou 0.0038 113 183 213 230
Kongrou 0.0028 116 137 217 270
Kongrou 0.0025 99 -144 293 38
Kongrou 0.0024 52 147 281 260
Kongrou 0.0024 86 169 177 222
Kongrou 0.0016 -75 -176 145 110
Kongrou 0.0013 10 -202 340 87
Kongrou 0.0010 149 -88 202 19
Rouzaofun 0.0121 23 7 283 167
Rouzaofun 0.0062 133 -68 216 -23
Rouzaofun 0.0051 133 -119 224 22
Rouzaofun 0.0035 72 -93 284 -2
Rouzaofun 0.0033 113 183 213 230
Rouzaofun 0.0025 52 147 281 260
Rouzaofun 0.0021 116 137 217 270
Rouzaofun 0.0018 93 -168 297 55
Rouzaofun 0.0016 10 -202 340 87
Rouzaofun 0.0014 -75 -176 145 110
Rouzaofun 0.0014 76 15 211 185
Rouzaofun 0.0011 149 -88 202 19
Rouzaofun 0.0010 124 16 255 184
Rice_with_Shredded_Chicken 0.0098 19 26 286 178
Rice_with_Shredded_Chicken 0.0061 133 -68 216 -23
Rice_with_Shredded_Chicken 0.0051 133 -119 224 22
Rice_with_Shredded_Chicken 0.0038 72 -93 284 -2
Rice_with_Shredded_Chicken 0.0029 113 183 213 230
Rice_with_Shredded_Chicken 0.0022 88 -164 300 53
Rice_with_Shredded_Chicken 0.0021 10 -202 340 87
Rice_with_Shredded_Chicken 0.0021 52 147 281 260
Rice_with_Shredded_Chicken 0.0019 116 137 217 270
Rice_with_Shredded_Chicken 0.0015 -75 -176 145 110
Rice_with_Shredded_Chicken 0.0014 149 -88 202 19
Rice_with_Shredded_Chicken 0.0010 76 15 211 185
migao 0.0385 38 24 304 181
migao 0.0078 133 -68 216 -23
migao 0.0059 133 -119 224 22
migao 0.0045 113 183 213 230
migao 0.0040 72 -93 284 -2
migao 0.0027 76 15 211 185
migao 0.0026 52 147 281 260
migao 0.0026 116 137 217 270
migao 0.0023 99 -144 293 38
migao 0.0018 10 -202 340 87
migao 0.0018 149 -88 202 19
migao 0.0013 124 16 255 184
migao 0.0011 -75 -176 145 110
wagui 0.4293 38 24 304 181
wagui 0.0312 76 15 211 185
wagui 0.0163 124 16 255 184
wagui 0.0048 133 -68 216 -23
wagui 0.0045 133 -119 224 22
wagui 0.0038 72 -93 284 -2
wagui 0.0027 10 -202 340 87
wagui 0.0021 88 -164 300 53
wagui 0.0020 113 183 213 230
wagui 0.0019 52 147 281 260
wagui 0.0018 116 137 217 270
wagui 0.0016 85 -84 179 -30
wagui 0.0015 86 169 177 222
wagui 0.0014 -30 -151 236 41
wagui 0.0012 -75 -176 145 110
wagui 0.0011 149 -88 202 19
