Kongrou 0.1132 93 -1 538 425
Kongrou 0.0048 114 -17 403 327
Kongrou 0.0038 269 -129 481 0
Kongrou 0.0032 266 -230 499 93
Kongrou 0.0028 148 -145 367 -30
Kongrou 0.0025 120 -191 642 53
Kongrou 0.0021 270 -93 428 -28
Kongrou 0.0016 261 320 454 624
Kongrou 0.0014 260 428 440 529
Kongrou 0.0011 119 357 594 587
Kongrou 0.0011 517 334 651 551
Kongrou 0.0010 217 86 496 420
Kongrou 0.0010 236 -139 314 57
Rouzaofun 0.0125 93 -1 538 425
Rouzaofun 0.0042 269 -129 481 0
Rouzaofun 0.0028 120 -191 642 53
Rouzaofun 0.0026 266 -230 499 93
Rouzaofun 0.0021 148 -145 367 -30
Rouzaofun 0.0018 236 -139 314 57
Rouzaofun 0.0016 260 428 440 529
Rouzaofun 0.0013 270 -93 428 -28
Rouzaofun 0.0012 517 334 651 551
Rouzaofun 0.0012 119 357 594 587
Rouzaofun 0.0012 261 320 454 624
Rouzaofun 0.0010 78 -113 492 29
Rice_with_Shredded_Chicken 0.1508 93 -1 538 425
Rice_with_Shredded_Chicken 0.0038 269 -129 481 0
Rice_with_Shredded_Chicken 0.0025 266 -230 499 93
Rice_with_Shredded_Chicken 0.0023 120 -191 642 53
Rice_with_Shredded_Chicken 0.0012 260 428 440 529
Rice_with_Shredded_Chicken 0.0012 50 -363 697 191
Rice_with_Shredded_Chicken 0.0011 37 -144 276 13
Rice_with_Shredded_Chicken 0.0011 261 320 454 624
Rice_with_Shredded_Chicken 0.0011 270 -93 428 -28
Rice_with_Shredded_Chicken 0.0010 119 357 594 587
Rice_with_Shredded_Chicken 0.0010 35 28 432 331
migao 0.1601 93 -1 538 425
migao 0.0047 269 -129 481 0
migao 0.0031 266 -230 499 93
migao 0.0029 120 -191 642 53
migao 0.0022 236 -139 314 57
migao 0.0021 270 -93 428 -28
migao 0.0020 260 428 440 529
migao 0.0015 261 320 454 624
migao 0.0013 35 28 432 331
migao 0.0013 518 353 650 557
migao 0.0011 119 357 594 587
migao 0.0010 50 -363 697 191
wagui 0.0260 93 -1 538 425
wagui 0.0027 148 -145 367 -30
wagui 0.0026 266 -230 499 93
wagui 0.0022 120 -191 642 53
wagui 0.0022 269 -129 481 0
wagui 0.0018 270 -93 428 -28
wagui 0.0014 50 -363 697 191
wagui 0.0011 261 320 454 624
wagui 0.0011 517 334 651 551
wagui 0.0010 236 -139 314 57
