Kongrou 0.0182 147 23 264 129
Kongrou 0.0160 90 29 195 165
Kongrou 0.0080 60 25 300 163
Kongrou 0.0015 58 53 226 182
Kongrou 0.0014 79 -131 278 57
Kongrou 0.0012 125 -94 204 34
Kongrou 0.0012 120 -48 201 -7
Kongrou 0.0010 120 10 249 100
Rouzaofun 0.0034 69 35 290 191
Rouzaofun 0.0017 88 24 300 127
Rouzaofun 0.0014 201 -10 279 60
Rouzaofun 0.0013 53 45 231 149
Rouzaofun 0.0012 120 -48 201 -7
Rouzaofun 0.0011 144 203 177 238
Rouzaofun 0.0010 125 -94 204 34
Rouzaofun 0.0010 79 -131 278 57
Rice_with_Shredded_Chicken 0.0193 69 35 290 191
Rice_with_Shredded_Chicken 0.0041 132 23 259 129
Rice_with_Shredded_Chicken 0.0027 90 29 195 165
Rice_with_Shredded_Chicken 0.0013 144 203 177 238
Rice_with_Shredded_Chicken 0.0013 53 -109 264 37
Rice_with_Shredded_Chicken 0.0012 120 -48 201 -7
Rice_with_Shredded_Chicken 0.0012 0 -174 322 96
migao 0.0057 69 35 290 191
migao 0.0033 147 23 264 129
migao 0.0030 90 29 195 165
migao 0.0015 120 -48 201 -7
migao 0.0013 53 -109 264 37
migao 0.0011 125 -94 204 34
migao 0.0011 93 16 296 114
migao 0.0011 144 203 177 238
migao 0.0010 201 -10 279 60
wagui 0.0690 69 35 290 191
wagui 0.0303 90 29 195 165
wagui 0.0279 132 23 259 129
wagui 0.0019 201 -10 279 60
wagui 0.0015 91 88 195 190
wagui 0.0015 0 -174 322 96
wagui 0.0014 144 203 177 238
wagui 0.0012 113 9 235 101
wagui 0.0012 39 39 236 149
wagui 0.0011 120 -48 201 -7
wagui 0.0011 79 -131 278 57
wagui 0.0010 213 5 267 45
