Kongrou 0.6733 11 -30 370 200
Kongrou 0.0096 54 18 321 266
Kongrou 0.0043 168 -72 275 -28
Kongrou 0.0035 172 -145 283 35
Kongrou 0.0025 80 -111 373 3
Kongrou 0.0020 171 -94 303 -10
Kongrou 0.0015 107 -99 228 -32
Kongrou 0.0015 177 4 334 207
Kongrou 0.0014 127 -203 366 77
Kongrou 0.0010 163 106 507 354
Kongrou 0.0010 44 -40 203 166
Rouzaofun 0.1181 16 -9 360 238
Rouzaofun 0.0031 46 -42 327 158
Rouzaofun 0.0030 168 -72 275 -28
Rouzaofun 0.0026 172 -145 283 35
Rouzaofun 0.0023 171 -94 303 -10
Rouzaofun 0.0019 80 -111 373 3
Rouzaofun 0.0014 44 78 333 268
Rouzaofun 0.0013 140 -98 187 22
Rouzaofun 0.0010 104 25 378 188
Rouzaofun 0.0010 127 -203 366 77
Rice_with_Shredded_Chicken 0.0256 55 -5 317 234
Rice_with_Shredded_Chicken 0.0028 168 -72 275 -28
Rice_with_Shredded_Chicken 0.0027 172 -145 283 35
Rice_with_Shredded_Chicken 0.0025 171 -94 303 -10
Rice_with_Shredded_Chicken 0.0019 80 -111 373 3
Rice_with_Shredded_Chicken 0.0014 127 -203 366 77
Rice_with_Shredded_Chicken 0.0013 -39 -210 302 85
migao 0.3569 16 -9 360 238
migao 0.0047 46 -42 327 158
migao 0.0042 168 -72 275 -28
migao 0.0031 172 -145 283 35
migao 0.0023 171 -94 303 -10
migao 0.0022 80 -111 373 3
migao 0.0016 140 -98 187 22
migao 0.0010 127 -203 366 77
wagui 0.0811 16 -9 360 238
wagui 0.0027 168 -72 275 -28
wagui 0.0024 107 -99 228 -32
wagui 0.0020 80 -111 373 3
wagui 0.0020 172 -145 283 35
wagui 0.0019 46 -42 327 158
wagui 0.0015 -39 -210 302 85
wagui 0.0011 127 -203 366 77
wagui 0.0011 171 -94 303 -10
