Kongrou 0.0706 129 53 452 514
Kongrou 0.0068 50 26 624 470
Kongrou 0.0027 -8 183 531 508
Kongrou 0.0019 147 164 389 450
Kongrou 0.0017 597 109 934 729
Kongrou 0.0016 196 -150 445 -5
Kongrou 0.0014 459 140 848 351
Kongrou 0.0013 25 357 310 642
Kongrou 0.0012 65 216 472 429
Kongrou 0.0011 315 -115 560 18
Kongrou 0.0010 187 -338 729 191
Kongrou 0.0010 304 -236 591 127
Kongrou 0.0010 126 -76 457 156
Kongrou 0.0010 206 17 495 366
Rouzaofun 0.0188 32 79 549 488
Rouzaofun 0.0028 459 140 848 351
Rouzaofun 0.0028 147 164 389 450
Rouzaofun 0.0022 501 69 763 492
Rouzaofun 0.0018 65 216 472 429
Rouzaofun 0.0017 597 109 934 729
Rouzaofun 0.0017 126 -76 457 156
Rouzaofun 0.0011 315 -115 560 18
Rouzaofun 0.0010 25 357 310 642
Rice_with_Shredded_Chicken 0.0223 32 79 549 488
Rice_with_Shredded_Chicken 0.0105 501 69 763 492
Rice_with_Shredded_Chicken 0.0029 141 139 439 551
Rice_with_Shredded_Chicken 0.0020 459 140 848 351
Rice_with_Shredded_Chicken 0.0019 25 357 310 642
Rice_with_Shredded_Chicken 0.0018 597 109 934 729
Rice_with_Shredded_Chicken 0.0016 74 202 463 412
Rice_with_Shredded_Chicken 0.0014 126 -76 457 156
Rice_with_Shredded_Chicken 0.0011 181 -273 742 129
Rice_with_Shredded_Chicken 0.0010 315 -115 560 18
migao 0.0696 32 79 549 488
migao 0.0054 141 139 439 551
migao 0.0024 74 202 463 412
migao 0.0021 459 140 848 351
migao 0.0017 507 79 1030 763
migao 0.0016 172 4 470 442
migao 0.0013 501 69 763 492
migao 0.0012 315 -115 560 18
migao 0.0012 25 357 310 642
migao 0.0010 126 -76 457 156
migao 0.0010 181 -273 742 129
migao 0.0010 304 -236 591 127
migao 0.0010 136 -15 654 619
wagui 0.0161 32 79 549 488
wagui 0.0083 504 49 760 458
wagui 0.0034 141 139 439 551
wagui 0.0017 459 140 848 351
wagui 0.0017 79 187 458 396
wagui 0.0016 597 109 934 729
wagui 0.0015 25 357 310 642
