Kongrou 0.0264 256 62 577 502
Kongrou 0.0191 155 103 735 463
Kongrou 0.0031 273 530 497 666
Kongrou 0.0030 71 22 724 692
Kongrou 0.0016 115 448 656 738
Kongrou 0.0016 239 286 534 895
Kongrou 0.0012 354 443 542 866
Kongrou 0.0012 280 506 604 687
Rouzaofun 0.0319 153 104 676 463
Rouzaofun 0.0027 71 22 724 692
Rouzaofun 0.0020 273 530 497 666
Rouzaofun 0.0016 256 29 572 420
Rouzaofun 0.0014 115 448 656 738
Rouzaofun 0.0013 239 286 534 895
Rouzaofun 0.0012 404 629 503 725
Rouzaofun 0.0011 388 602 549 721
Rouzaofun 0.0011 -156 452 347 886
Rouzaofun 0.0010 354 443 542 866
Rice_with_Shredded_Chicken 0.0180 153 104 676 463
Rice_with_Shredded_Chicken 0.0025 71 22 724 692
Rice_with_Shredded_Chicken 0.0015 239 286 534 895
Rice_with_Shredded_Chicken 0.0013 404 629 503 725
Rice_with_Shredded_Chicken 0.0011 363 526 513 789
Rice_with_Shredded_Chicken 0.0011 388 602 549 721
Rice_with_Shredded_Chicken 0.0010 354 443 542 866
Rice_with_Shredded_Chicken 0.0010 273 530 497 666
Rice_with_Shredded_Chicken 0.0010 115 448 656 738
Rice_with_Shredded_Chicken 0.0010 -156 452 347 886
migao 0.0489 153 104 676 463
migao 0.0033 71 22 724 692
migao 0.0021 273 530 497 666
migao 0.0017 239 286 534 895
migao 0.0015 115 448 656 738
migao 0.0014 363 526 513 789
migao 0.0013 -156 452 347 886
migao 0.0012 404 629 503 725
migao 0.0012 354 443 542 866
migao 0.0011 388 602 549 721
wagui 0.0041 153 104 676 463
wagui 0.0033 273 530 497 666
wagui 0.0017 115 448 656 738
wagui 0.0014 -1 286 683 670
wagui 0.0013 239 286 534 895
wagui 0.0011 404 629 503 725
wagui 0.0010 354 443 542 866
