Kongrou 0.0179 326 35 519 240
Kongrou 0.0038 27 -49 764 527
Kongrou 0.0030 140 285 367 482
Kongrou 0.0016 160 310 345 428
Kongrou 0.0015 602 195 735 327
Kongrou 0.0014 -9 170 240 382
Kongrou 0.0013 542 359 834 640
Kongrou 0.0013 342 305 945 895
Kongrou 0.0010 572 175 765 377
Kongrou 0.0010 584 543 919 768
Rouzaofun 0.0223 326 35 519 240
Rouzaofun 0.0088 85 9 706 580
Rouzaofun 0.0083 140 285 367 482
Rouzaofun 0.0041 160 310 345 428
Rouzaofun 0.0030 602 195 735 327
Rouzaofun 0.0025 -9 170 240 382
Rouzaofun 0.0020 572 175 765 377
Rouzaofun 0.0013 31 212 198 342
Rouzaofun 0.0011 542 359 834 640
Rouzaofun 0.0011 -172 413 369 919
Rouzaofun 0.0010 342 305 945 895
Rice_with_Shredded_Chicken 0.0225 85 9 706 580
Rice_with_Shredded_Chicken 0.0156 326 35 519 240
Rice_with_Shredded_Chicken 0.0080 140 285 367 482
Rice_with_Shredded_Chicken 0.0037 160 310 345 428
Rice_with_Shredded_Chicken 0.0019 602 195 735 327
Rice_with_Shredded_Chicken 0.0018 -9 170 240 382
Rice_with_Shredded_Chicken 0.0017 516 352 799 648
Rice_with_Shredded_Chicken 0.0013 572 175 765 377
Rice_with_Shredded_Chicken 0.0012 342 305 945 895
Rice_with_Shredded_Chicken 0.0011 -172 413 369 919
migao 0.0300 326 35 519 240
migao 0.0065 140 285 367 482
migao 0.0054 85 9 706 580
migao 0.0038 160 310 345 428
migao 0.0031 602 195 735 327
migao 0.0019 -9 170 240 382
migao 0.0017 572 175 765 377
migao 0.0012 516 352 799 648
migao 0.0012 342 305 945 895
migao 0.0011 -233 422 291 913
migao 0.0011 31 212 198 342
wagui 0.0159 326 35 519 240
wagui 0.0146 85 9 706 580
wagui 0.0136 140 285 367 482
wagui 0.0097 160 310 345 428
wagui 0.0072 602 195 735 327
wagui 0.0047 -9 170 240 382
wagui 0.0030 31 212 198 342
wagui 0.0021 572 175 765 377
wagui 0.0011 -233 422 291 913
wagui 0.0010 342 305 945 895
