Kongrou 0.2393 77 1 722 602
Kongrou 0.0023 184 78 645 492
Kongrou 0.0021 311 452 699 615
Kongrou 0.0018 462 152 1074 702
Kongrou 0.0017 482 470 779 652
Kongrou 0.0015 584 -46 924 493
Kongrou 0.0010 239 387 771 736
Rouzaofun 0.1376 77 1 722 602
Rouzaofun 0.0018 482 470 779 652
Rouzaofun 0.0016 521 143 1014 692
Rouzaofun 0.0016 584 -46 924 493
Rouzaofun 0.0012 184 78 645 492
Rouzaofun 0.0010 662 4 907 378
Rouzaofun 0.0010 334 352 682 778
Rice_with_Shredded_Chicken 0.3178 68 51 725 555
Rice_with_Shredded_Chicken 0.0038 329 487 684 636
Rice_with_Shredded_Chicken 0.0029 482 470 779 652
Rice_with_Shredded_Chicken 0.0025 462 152 1074 702
Rice_with_Shredded_Chicken 0.0016 584 -46 924 493
Rice_with_Shredded_Chicken 0.0013 239 387 771 736
migao 0.2974 68 51 725 555
migao 0.0016 584 -46 924 493
migao 0.0015 462 152 1074 702
migao 0.0014 482 470 779 652
migao 0.0010 329 487 684 636
wagui 0.0489 106 63 696 536
wagui 0.0066 329 487 684 636
wagui 0.0025 482 470 779 652
wagui 0.0020 462 152 1074 702
wagui 0.0019 584 -46 924 493
wagui 0.0015 334 374 737 628
wagui 0.0011 662 4 907 378
wagui 0.0010 -228 421 288 916
