Kongrou 0.0850 90 42 194 131
Kongrou 0.0070 109 181 192 226
Kongrou 0.0067 43 35 241 138
Kongrou 0.0065 108 142 199 261
Kongrou 0.0050 57 152 248 250
Kongrou 0.0035 127 118 318 236
Kongrou 0.0028 81 64 361 284
Kongrou 0.0024 121 -46 200 -9
Kongrou 0.0022 124 -97 204 35
Kongrou 0.0022 85 -129 273 56
Kongrou 0.0015 63 -75 265 14
Kongrou 0.0012 2 129 135 211
Kongrou 0.0011 73 59 175 118
Kongrou 0.0010 78 -63 164 -14
Rouzaofun 0.0072 83 57 185 119
Rouzaofun 0.0067 109 181 192 226
Rouzaofun 0.0053 57 152 248 250
Rouzaofun 0.0052 108 142 199 261
Rouzaofun 0.0040 127 118 318 236
Rouzaofun 0.0038 99 40 206 133
Rouzaofun 0.0031 95 83 348 268
Rouzaofun 0.0029 59 37 257 183
Rouzaofun 0.0018 48 65 220 111
Rouzaofun 0.0018 121 -46 200 -9
Rouzaofun 0.0017 124 -97 204 35
Rouzaofun 0.0014 85 -129 273 56
Rouzaofun 0.0014 8 18 106 133
Rouzaofun 0.0013 87 56 200 177
Rouzaofun 0.0013 63 -75 265 14
Rouzaofun 0.0011 2 129 135 211
Rouzaofun 0.0010 100 -62 136 26
Rice_with_Shredded_Chicken 0.0162 8 18 106 133
Rice_with_Shredded_Chicken 0.0081 97 44 208 148
Rice_with_Shredded_Chicken 0.0063 109 181 192 226
Rice_with_Shredded_Chicken 0.0048 108 142 199 261
Rice_with_Shredded_Chicken 0.0047 83 57 185 119
Rice_with_Shredded_Chicken 0.0046 59 37 257 183
Rice_with_Shredded_Chicken 0.0045 57 152 248 250
Rice_with_Shredded_Chicken 0.0026 81 64 361 284
Rice_with_Shredded_Chicken 0.0019 127 118 318 236
Rice_with_Shredded_Chicken 0.0018 121 -46 200 -9
Rice_with_Shredded_Chicken 0.0018 85 -129 273 56
Rice_with_Shredded_Chicken 0.0017 124 -97 204 35
Rice_with_Shredded_Chicken 0.0014 48 65 220 111
Rice_with_Shredded_Chicken 0.0013 63 -75 265 14
Rice_with_Shredded_Chicken 0.0012 16 -177 306 100
migao 0.0319 90 42 194 131
migao 0.0088 109 181 192 226
migao 0.0065 43 35 241 138
migao 0.0064 108 142 199 261
migao 0.0055 57 152 248 250
migao 0.0033 95 83 348 268
migao 0.0029 127 118 318 236
migao 0.0025 121 -46 200 -9
migao 0.0022 8 18 106 133
migao 0.0020 124 -97 204 35
migao 0.0018 87 -113 273 42
migao 0.0017 48 65 220 111
migao 0.0013 100 -62 136 26
migao 0.0010 2 129 135 211
migao 0.0010 16 -177 306 100
wagui 0.1490 90 42 194 131
wagui 0.0368 8 18 106 133
wagui 0.0108 43 35 241 138
wagui 0.0091 95 51 212 182
wagui 0.0047 108 142 199 261
wagui 0.0045 109 181 192 226
wagui 0.0043 57 152 248 250
wagui 0.0028 95 83 348 268
wagui 0.0024 127 118 318 236
wagui 0.0018 78 -63 164 -14
wagui 0.0017 121 -46 200 -9
wagui 0.0016 45 65 260 170
wagui 0.0016 85 -129 273 56
wagui 0.0016 16 -177 306 100
wagui 0.0015 124 -97 204 35
wagui 0.0013 48 65 220 111
wagui 0.0013 63 -75 265 14
wagui 0.0010 -29 12 144 118
