Kongrou 0.0311 208 -14 453 198
Kongrou 0.0192 46 139 275 352
Kongrou 0.0038 222 38 408 176
Kongrou 0.0038 52 176 240 285
Kongrou 0.0024 293 14 428 170
Kongrou 0.0019 121 354 294 568
Kongrou 0.0015 -59 154 351 307
Kongrou 0.0015 443 603 587 719
Kongrou 0.0012 209 0 419 122
Kongrou 0.0010 412 89 846 601
Kongrou 0.0010 511 111 749 573
Rouzaofun 0.0975 208 -14 453 198
Rouzaofun 0.0208 46 139 275 352
Rouzaofun 0.0090 222 38 408 176
Rouzaofun 0.0077 293 14 428 170
Rouzaofun 0.0047 52 176 240 285
Rouzaofun 0.0028 -59 154 351 307
Rouzaofun 0.0022 121 354 294 568
Rouzaofun 0.0021 209 0 419 122
Rouzaofun 0.0017 443 603 587 719
Rouzaofun 0.0015 412 89 846 601
Rouzaofun 0.0012 400 551 629 772
Rouzaofun 0.0012 511 111 749 573
Rouzaofun 0.0010 89 196 264 327
Rice_with_Shredded_Chicken 0.0635 208 -14 453 198
Rice_with_Shredded_Chicken 0.0156 46 139 275 352
Rice_with_Shredded_Chicken 0.0043 222 38 408 176
Rice_with_Shredded_Chicken 0.0027 293 14 428 170
Rice_with_Shredded_Chicken 0.0024 52 176 240 285
Rice_with_Shredded_Chicken 0.0023 -59 154 351 307
Rice_with_Shredded_Chicken 0.0017 121 354 294 568
Rice_with_Shredded_Chicken 0.0016 443 603 587 719
Rice_with_Shredded_Chicken 0.0013 412 89 846 601
Rice_with_Shredded_Chicken 0.0013 511 111 749 573
Rice_with_Shredded_Chicken 0.0013 209 0 419 122
Rice_with_Shredded_Chicken 0.0011 400 551 629 772
migao 0.1144 208 -14 453 198
migao 0.0236 46 139 275 352
migao 0.0081 222 38 408 176
migao 0.0054 293 14 428 170
migao 0.0037 52 176 240 285
migao 0.0029 -59 154 351 307
migao 0.0023 121 354 294 568
migao 0.0019 209 0 419 122
migao 0.0016 443 603 587 719
migao 0.0013 412 89 846 601
migao 0.0010 511 111 749 573
wagui 0.1051 208 -14 453 198
wagui 0.0215 46 139 275 352
wagui 0.0088 222 38 408 176
wagui 0.0060 293 14 428 170
wagui 0.0047 52 176 240 285
wagui 0.0038 209 0 419 122
wagui 0.0021 121 354 294 568
wagui 0.0020 -59 154 351 307
wagui 0.0019 443 603 587 719
wagui 0.0015 412 89 846 601
wagui 0.0014 511 111 749 573
wagui 0.0013 120 -75 526 277
wagui 0.0011 400 551 629 772
wagui 0.0010 -8 276 53 431
