Kongrou 0.0343 19 10 162 181
Kongrou 0.0047 214 68 258 179
Kongrou 0.0040 119 -42 204 10
Kongrou 0.0028 110 -76 219 40
Kongrou 0.0023 87 -114 250 67
Kongrou 0.0020 219 101 252 156
Kongrou 0.0019 203 83 269 155
Kongrou 0.0011 17 -137 283 88
Kongrou 0.0010 -58 -112 118 63
Rouzaofun 0.3453 2 15 209 183
Rouzaofun 0.0145 214 68 258 179
Rouzaofun 0.0045 -18 41 147 164
Rouzaofun 0.0044 219 101 252 156
Rouzaofun 0.0039 68 38 180 165
Rouzaofun 0.0037 119 -42 204 10
Rouzaofun 0.0037 203 83 269 155
Rouzaofun 0.0022 110 -76 219 40
Rouzaofun 0.0018 87 -114 250 67
Rouzaofun 0.0014 226 83 256 145
Rouzaofun 0.0013 -58 -112 118 63
Rouzaofun 0.0012 30 31 113 107
Rouzaofun 0.0012 231 103 261 154
Rouzaofun 0.0012 17 -137 283 88
Rouzaofun 0.0011 66 181 137 195
Rice_with_Shredded_Chicken 0.1714 2 15 209 183
Rice_with_Shredded_Chicken 0.0102 214 68 258 179
Rice_with_Shredded_Chicken 0.0035 119 -42 204 10
Rice_with_Shredded_Chicken 0.0030 219 101 252 156
Rice_with_Shredded_Chicken 0.0028 203 83 269 155
Rice_with_Shredded_Chicken 0.0022 87 -114 250 67
Rice_with_Shredded_Chicken 0.0022 -18 41 147 164
Rice_with_Shredded_Chicken 0.0022 110 -76 219 40
Rice_with_Shredded_Chicken 0.0015 17 -137 283 88
Rice_with_Shredded_Chicken 0.0014 -58 -112 118 63
Rice_with_Shredded_Chicken 0.0010 226 83 256 145
migao 0.1206 19 10 162 181
migao 0.0123 214 68 258 179
migao 0.0046 119 -42 204 10
migao 0.0042 203 83 269 155
migao 0.0040 219 101 252 156
migao 0.0027 110 -76 219 40
migao 0.0021 44 -94 254 45
migao 0.0012 17 -137 283 88
migao 0.0012 66 181 137 195
migao 0.0011 226 83 256 145
migao 0.0010 -21 38 131 165
migao 0.0010 -58 -112 118 63
wagui 0.2120 -6 4 186 193
wagui 0.0162 214 68 258 179
wagui 0.0075 219 101 252 156
wagui 0.0041 203 83 269 155
wagui 0.0023 110 -76 219 40
wagui 0.0022 66 181 137 195
wagui 0.0022 119 -42 204 10
wagui 0.0020 17 -137 283 88
wagui 0.0020 44 -94 254 45
wagui 0.0019 226 83 256 145
wagui 0.0017 231 110 261 157
wagui 0.0015 -21 38 131 165
wagui 0.0013 88 180 155 197
wagui 0.0010 65 185 139 202
