Kongrou 0.2054 141 26 657 565
Kongrou 0.0251 242 114 584 513
Kongrou 0.0086 277 -27 611 410
Kongrou 0.0012 536 466 999 877
Kongrou 0.0012 -227 483 317 878
Rouzaofun 0.0296 145 78 684 488
Rouzaofun 0.0022 255 153 570 538
Rouzaofun 0.0021 284 -3 604 446
Rouzaofun 0.0016 -114 535 200 831
Rouzaofun 0.0015 -227 483 317 878
Rouzaofun 0.0012 150 542 427 764
Rouzaofun 0.0011 536 466 999 877
Rice_with_Shredded_Chicken 0.0355 145 78 684 488
Rice_with_Shredded_Chicken 0.0013 -114 535 200 831
Rice_with_Shredded_Chicken 0.0013 284 -3 604 446
Rice_with_Shredded_Chicken 0.0011 -227 483 317 878
Rice_with_Shredded_Chicken 0.0011 21 548 371 760
migao 0.1374 141 26 657 565
migao 0.0137 242 114 584 513
migao 0.0018 277 -27 611 410
migao 0.0015 536 466 999 877
migao 0.0013 -227 483 317 878
migao 0.0011 -114 535 200 831
migao 0.0010 -78 401 396 938
wagui 0.1195 141 26 657 565
wagui 0.0156 284 -3 604 446
wagui 0.0015 213 148 553 543
wagui 0.0011 -227 483 317 878
wagui 0.0010 536 466 999 877
wagui 0.0010 221 -142 483 -15
wagui 0.0010 -28 -478 970 316
