Kongrou 0.0177 43 55 141 122
Kongrou 0.0088 154 51 241 125
Kongrou 0.0029 116 -54 205 -2
Kongrou 0.0027 116 -99 212 38
Kongrou 0.0026 55 66 129 111
Kongrou 0.0022 115 62 270 115
Kongrou 0.0022 -4 -9 62 60
Kongrou 0.0019 72 -81 255 21
Kongrou 0.0017 155 65 230 102
Kongrou 0.0014 74 -152 284 77
Kongrou 0.0012 250 1 272 38
Rouzaofun 0.0251 43 55 141 122
Rouzaofun 0.0083 154 51 241 125
Rouzaofun 0.0043 55 66 129 111
Rouzaofun 0.0035 115 62 270 115
Rouzaofun 0.0033 116 -54 205 -2
Rouzaofun 0.0030 -4 -9 62 60
Rouzaofun 0.0027 250 1 272 38
Rouzaofun 0.0023 116 -99 212 38
Rouzaofun 0.0018 72 -81 255 21
Rouzaofun 0.0018 14 70 170 117
Rouzaofun 0.0016 108 44 283 149
Rouzaofun 0.0016 158 68 227 109
Rouzaofun 0.0014 13 -169 308 92
Rouzaofun 0.0011 140 28 230 144
Rice_with_Shredded_Chicken 0.0199 43 55 141 122
Rice_with_Shredded_Chicken 0.0054 147 51 238 126
Rice_with_Shredded_Chicken 0.0044 250 1 272 38
Rice_with_Shredded_Chicken 0.0031 116 -54 205 -2
Rice_with_Shredded_Chicken 0.0026 115 62 270 115
Rice_with_Shredded_Chicken 0.0026 -4 -9 62 60
Rice_with_Shredded_Chicken 0.0023 47 -108 270 35
Rice_with_Shredded_Chicken 0.0023 55 66 129 111
Rice_with_Shredded_Chicken 0.0021 116 -99 212 38
Rice_with_Shredded_Chicken 0.0020 13 -169 308 92
Rice_with_Shredded_Chicken 0.0014 14 70 170 117
Rice_with_Shredded_Chicken 0.0013 108 44 283 149
Rice_with_Shredded_Chicken 0.0012 4 16 271 167
Rice_with_Shredded_Chicken 0.0010 155 65 230 102
migao 0.0254 43 55 141 122
migao 0.0137 150 37 241 153
migao 0.0051 250 1 272 38
migao 0.0036 116 -54 205 -2
migao 0.0032 115 62 270 115
migao 0.0031 55 66 129 111
migao 0.0030 -4 -9 62 60
migao 0.0026 116 -99 212 38
migao 0.0023 47 -108 270 35
migao 0.0022 108 44 283 149
migao 0.0018 14 70 170 117
migao 0.0016 13 -169 308 92
migao 0.0014 155 65 230 102
wagui 0.1609 150 37 241 153
wagui 0.0323 43 55 141 122
wagui 0.0147 250 1 272 38
wagui 0.0108 108 44 283 149
wagui 0.0054 -4 -9 62 60
wagui 0.0036 55 66 129 111
wagui 0.0035 115 62 270 115
wagui 0.0027 4 16 271 167
wagui 0.0025 155 60 230 96
wagui 0.0024 13 -169 308 92
wagui 0.0023 116 -99 212 38
wagui 0.0023 116 -54 205 -2
wagui 0.0019 212 -22 306 67
wagui 0.0018 72 -81 255 21
wagui 0.0017 14 70 170 117
wagui 0.0013 10 -67 125 8
wagui 0.0013 148 -52 379 108
wagui 0.0012 1 1 46 48
wagui 0.0012 28 59 288 207
wagui 0.0010 -2 -3 60 33
wagui 0.0010 167 59 250 128
wagui 0.0010 245 3 266 47
wagui 0.0010 256 5 277 45
