Kongrou 0.0058 27 7 231 180
Kongrou 0.0023 88 171 160 215
Kongrou 0.0016 88 82 182 300
Kongrou 0.0014 119 -41 204 9
Kongrou 0.0013 51 148 218 235
Kongrou 0.0012 113 -74 215 39
Kongrou 0.0010 66 -64 261 28
Rouzaofun 0.0364 40 1 218 189
Rouzaofun 0.0029 88 171 160 215
Rouzaofun 0.0018 -5 -43 267 153
Rouzaofun 0.0016 2 62 256 210
Rouzaofun 0.0015 119 -41 204 9
Rouzaofun 0.0013 51 148 218 235
Rouzaofun 0.0012 88 82 182 300
Rouzaofun 0.0010 113 -74 215 39
Rice_with_Shredded_Chicken 0.0231 40 1 218 189
Rice_with_Shredded_Chicken 0.0015 88 82 182 300
Rice_with_Shredded_Chicken 0.0012 119 -41 204 9
Rice_with_Shredded_Chicken 0.0012 98 169 169 217
Rice_with_Shredded_Chicken 0.0010 113 -74 215 39
Rice_with_Shredded_Chicken 0.0010 51 148 218 235
migao 0.0218 40 1 218 189
migao 0.0021 88 171 160 215
migao 0.0016 88 82 182 300
migao 0.0016 119 -41 204 9
migao 0.0014 51 148 218 235
migao 0.0011 113 -74 215 39
migao 0.0010 144 -39 179 9
migao 0.0010 66 -64 261 28
wagui 0.5687 18 -1 242 193
wagui 0.0091 42 27 176 200
wagui 0.0030 88 171 160 215
wagui 0.0025 200 26 287 158
wagui 0.0013 88 82 182 300
wagui 0.0013 73 24 215 158
wagui 0.0013 51 148 218 235
wagui 0.0013 162 24 325 180
wagui 0.0010 113 -74 215 39
