Kongrou 0.0681 186 14 730 581
Kongrou 0.0082 427 585 572 707
Kongrou 0.0059 388 529 610 762
Kongrou 0.0046 213 78 557 491
Kongrou 0.0022 228 480 727 823
Kongrou 0.0020 -68 427 383 918
Kongrou 0.0018 -137 -339 438 192
Kongrou 0.0014 341 111 674 518
Kongrou 0.0011 343 463 553 847
Rouzaofun 0.0090 427 585 572 707
Rouzaofun 0.0070 388 529 610 762
Rouzaofun 0.0069 133 38 675 554
Rouzaofun 0.0023 228 480 727 823
Rouzaofun 0.0019 -137 -339 438 192
Rouzaofun 0.0016 -68 427 383 918
Rouzaofun 0.0011 419 626 548 726
Rice_with_Shredded_Chicken 0.0329 186 14 730 581
Rice_with_Shredded_Chicken 0.0078 427 585 572 707
Rice_with_Shredded_Chicken 0.0061 388 529 610 762
Rice_with_Shredded_Chicken 0.0021 228 480 727 823
Rice_with_Shredded_Chicken 0.0021 -137 -339 438 192
Rice_with_Shredded_Chicken 0.0020 -68 427 383 918
Rice_with_Shredded_Chicken 0.0017 213 78 557 491
Rice_with_Shredded_Chicken 0.0011 419 626 548 726
Rice_with_Shredded_Chicken 0.0011 -71 -225 514 92
migao 0.0520 186 14 730 581
migao 0.0092 427 585 572 707
migao 0.0057 388 529 610 762
migao 0.0021 228 480 727 823
migao 0.0021 -68 427 383 918
migao 0.0016 -102 -239 424 106
migao 0.0015 213 78 557 491
migao 0.0013 359 512 519 798
migao 0.0011 419 626 548 726
migao 0.0010 -179 -353 359 203
wagui 0.0104 427 585 572 707
wagui 0.0063 388 529 610 762
wagui 0.0049 203 12 727 587
wagui 0.0018 228 480 727 823
wagui 0.0017 -68 427 383 918
wagui 0.0016 -102 -239 424 106
wagui 0.0014 419 626 548 726
wagui 0.0010 480 604 611 717
