Kongrou 0.0365 371 -41 702 429
Kongrou 0.0035 263 -4 810 329
Kongrou 0.0026 501 -23 713 207
Kongrou 0.0015 155 249 351 549
Kongrou 0.0012 398 413 894 924
Kongrou 0.0011 521 138 893 698
Kongrou 0.0010 -45 170 442 585
Kongrou 0.0010 61 259 415 478
Rouzaofun 0.0170 271 20 802 422
Rouzaofun 0.0042 55 158 343 596
Rouzaofun 0.0023 384 79 690 487
Rouzaofun 0.0020 155 249 351 549
Rouzaofun 0.0019 502 -17 712 231
Rouzaofun 0.0017 61 259 415 478
Rouzaofun 0.0012 -146 420 345 911
Rouzaofun 0.0011 521 138 893 698
Rouzaofun 0.0010 61 47 736 554
Rice_with_Shredded_Chicken 0.0497 271 20 802 422
Rice_with_Shredded_Chicken 0.0126 55 158 343 596
Rice_with_Shredded_Chicken 0.0019 384 79 690 487
Rice_with_Shredded_Chicken 0.0015 -60 98 474 633
Rice_with_Shredded_Chicken 0.0014 501 -23 713 207
Rice_with_Shredded_Chicken 0.0011 61 259 415 478
Rice_with_Shredded_Chicken 0.0011 -146 420 345 911
Rice_with_Shredded_Chicken 0.0011 398 413 894 924
Rice_with_Shredded_Chicken 0.0010 155 249 351 549
migao 0.0307 271 20 802 422
migao 0.0046 55 158 343 596
migao 0.0025 501 -23 713 207
migao 0.0020 380 -77 694 402
migao 0.0015 61 259 415 478
migao 0.0014 155 249 351 549
migao 0.0012 398 413 894 924
migao 0.0010 -146 420 345 911
wagui 0.0613 55 158 343 596
wagui 0.0082 271 20 802 422
wagui 0.0027 501 -23 713 207
wagui 0.0026 -101 212 439 606
wagui 0.0015 380 -77 694 402
wagui 0.0012 61 259 415 478
wagui 0.0012 155 249 351 549
wagui 0.0010 -146 420 345 911
