Kongrou 0.0603 282 177 672 635
Kongrou 0.0112 196 215 818 537
Kongrou 0.0025 -52 41 326 528
Kongrou 0.0022 503 455 813 668
Kongrou 0.0021 324 529 554 784
Kongrou 0.0016 370 -122 628 24
Kongrou 0.0014 358 -229 660 119
Kongrou 0.0014 197 481 695 819
Kongrou 0.0013 230 -347 812 201
Kongrou 0.0010 401 343 916 781
Rouzaofun 0.0272 144 239 750 574
Rouzaofun 0.0057 256 224 579 649
Rouzaofun 0.0023 324 529 554 784
Rouzaofun 0.0020 503 455 813 668
Rouzaofun 0.0020 -52 41 326 528
Rouzaofun 0.0016 370 -122 628 24
Rouzaofun 0.0015 197 481 695 819
Rouzaofun 0.0013 355 179 722 632
Rouzaofun 0.0012 511 293 815 830
Rouzaofun 0.0012 199 547 441 760
Rouzaofun 0.0012 358 -229 660 119
Rouzaofun 0.0011 230 -347 812 201
Rouzaofun 0.0010 384 629 491 725
Rice_with_Shredded_Chicken 0.0251 166 240 787 573
Rice_with_Shredded_Chicken 0.0057 297 221 658 649
Rice_with_Shredded_Chicken 0.0025 -52 41 326 528
Rice_with_Shredded_Chicken 0.0023 324 529 554 784
Rice_with_Shredded_Chicken 0.0023 503 455 813 668
Rice_with_Shredded_Chicken 0.0015 370 -122 628 24
Rice_with_Shredded_Chicken 0.0014 197 481 695 819
Rice_with_Shredded_Chicken 0.0013 230 -347 812 201
Rice_with_Shredded_Chicken 0.0012 401 343 916 781
Rice_with_Shredded_Chicken 0.0012 358 -229 660 119
Rice_with_Shredded_Chicken 0.0011 31 -203 362 36
Rice_with_Shredded_Chicken 0.0010 125 540 456 767
Rice_with_Shredded_Chicken 0.0010 384 629 491 725
migao 0.0791 171 201 768 623
migao 0.0037 256 224 579 649
migao 0.0026 324 529 554 784
migao 0.0025 -52 41 326 528
migao 0.0020 503 455 813 668
migao 0.0019 370 -122 628 24
migao 0.0013 358 -229 660 119
migao 0.0013 197 481 695 819
migao 0.0012 511 293 815 830
migao 0.0011 235 -287 811 145
wagui 0.0771 171 201 768 623
wagui 0.0049 256 224 579 649
wagui 0.0023 -52 41 326 528
wagui 0.0016 503 455 813 668
wagui 0.0014 318 454 577 853
wagui 0.0012 511 293 815 830
wagui 0.0011 164 -389 888 237
wagui 0.0011 358 -229 660 119
wagui 0.0011 370 -122 628 24
