Kongrou 0.4042 17 69 476 428
Kongrou 0.0131 306 79 484 363
Kongrou 0.0115 127 19 355 269
Kongrou 0.0069 101 155 380 405
Kongrou 0.0057 218 122 568 320
Kongrou 0.0029 37 -52 465 321
Kongrou 0.0017 49 155 278 442
Kongrou 0.0016 3 120 140 312
Kongrou 0.0013 307 161 528 290
Kongrou 0.0012 -18 404 220 528
Kongrou 0.0011 191 3 532 420
Kongrou 0.0010 359 132 495 319
Kongrou 0.0010 317 319 640 641
Rouzaofun 0.0168 17 69 476 428
Rouzaofun 0.0019 -32 150 176 282
Rouzaofun 0.0018 218 122 568 320
Rouzaofun 0.0016 307 161 528 290
Rouzaofun 0.0014 -18 404 220 528
Rouzaofun 0.0013 57 41 421 248
Rouzaofun 0.0012 16 116 146 315
Rouzaofun 0.0012 348 130 487 320
Rouzaofun 0.0012 76 169 417 484
Rouzaofun 0.0011 79 427 142 506
Rouzaofun 0.0010 -9 198 375 399
Rice_with_Shredded_Chicken 0.0255 17 69 476 428
Rice_with_Shredded_Chicken 0.0015 65 45 451 244
Rice_with_Shredded_Chicken 0.0014 -32 150 176 282
Rice_with_Shredded_Chicken 0.0012 -18 404 220 528
Rice_with_Shredded_Chicken 0.0011 218 122 568 320
Rice_with_Shredded_Chicken 0.0011 307 161 528 290
Rice_with_Shredded_Chicken 0.0011 45 181 433 377
migao 0.1384 17 69 476 428
migao 0.0039 76 169 417 484
migao 0.0030 218 122 568 320
migao 0.0029 340 95 487 347
migao 0.0024 57 41 421 248
migao 0.0020 -32 150 176 282
migao 0.0016 307 161 528 290
migao 0.0014 -9 198 375 399
migao 0.0012 -18 404 220 528
migao 0.0010 37 -52 465 321
migao 0.0010 79 427 142 506
migao 0.0010 16 116 146 315
wagui 0.0258 17 69 476 428
wagui 0.0028 306 79 484 363
wagui 0.0023 218 122 568 320
wagui 0.0022 142 18 378 270
wagui 0.0017 -32 150 176 282
wagui 0.0013 307 161 528 290
wagui 0.0011 -18 404 220 528
wagui 0.0010 79 427 142 506
wagui 0.0010 188 463 264 511
