Kongrou 0.1112 16 2 260 179
Kongrou 0.0059 118 -98 210 38
Kongrou 0.0058 118 -50 203 -5
Kongrou 0.0038 68 -75 259 15
Kongrou 0.0026 85 -127 272 53
Kongrou 0.0025 94 174 169 214
Kongrou 0.0013 61 99 256 291
Kongrou 0.0012 7 -166 314 89
Kongrou 0.0011 93 8 276 143
Kongrou 0.0011 121 183 199 226
Kongrou 0.0011 126 141 203 262
Kongrou 0.0011 -18 -127 206 55
Rouzaofun 0.0584 28 12 241 168
Rouzaofun 0.0058 118 -50 203 -5
Rouzaofun 0.0047 118 -98 210 38
Rouzaofun 0.0034 68 -75 259 15
Rouzaofun 0.0024 2 62 276 201
Rouzaofun 0.0021 0 -17 275 123
Rouzaofun 0.0018 85 -127 272 53
Rouzaofun 0.0014 7 -166 314 89
Rouzaofun 0.0011 133 -64 188 29
Rouzaofun 0.0011 94 174 169 214
Rouzaofun 0.0010 -18 -127 206 55
Rice_with_Shredded_Chicken 0.0502 28 12 241 168
Rice_with_Shredded_Chicken 0.0054 118 -50 203 -5
Rice_with_Shredded_Chicken 0.0048 118 -98 210 38
Rice_with_Shredded_Chicken 0.0034 68 -75 259 15
Rice_with_Shredded_Chicken 0.0026 2 62 276 201
Rice_with_Shredded_Chicken 0.0026 -18 -127 206 55
Rice_with_Shredded_Chicken 0.0023 85 -127 272 53
Rice_with_Shredded_Chicken 0.0019 7 -166 314 89
Rice_with_Shredded_Chicken 0.0012 61 99 256 291
Rice_with_Shredded_Chicken 0.0011 133 -64 188 29
migao 0.1553 28 12 241 168
migao 0.0070 118 -50 203 -5
migao 0.0056 118 -98 210 38
migao 0.0039 68 -75 259 15
migao 0.0020 85 -127 272 53
migao 0.0019 -4 -32 282 131
migao 0.0019 2 62 276 201
migao 0.0016 7 -166 314 89
migao 0.0014 133 -64 188 29
migao 0.0013 -18 -127 206 55
migao 0.0013 121 183 199 226
migao 0.0012 94 174 169 214
migao 0.0012 61 99 256 291
migao 0.0010 126 141 203 262
wagui 0.8671 -3 12 281 173
wagui 0.0051 118 -50 203 -5
wagui 0.0045 118 -98 210 38
wagui 0.0043 27 53 247 217
wagui 0.0038 68 -75 259 15
wagui 0.0027 45 12 198 158
wagui 0.0026 94 174 169 214
wagui 0.0024 7 -166 314 89
wagui 0.0021 85 -127 272 53
wagui 0.0020 32 -29 238 128
wagui 0.0018 -18 -127 206 55
wagui 0.0014 102 6 247 144
wagui 0.0012 133 -64 188 29
wagui 0.0011 61 99 256 291
