Kongrou 0.0385 10 -1 532 598
Kongrou 0.0024 187 288 522 836
Kongrou 0.0016 39 -168 415 62
Kongrou 0.0012 102 109 480 521
Rouzaofun 0.0963 10 -1 532 598
Rouzaofun 0.0117 102 109 480 521
Rouzaofun 0.0026 142 354 564 766
Rouzaofun 0.0025 39 -168 415 62
Rouzaofun 0.0012 -138 449 330 887
Rouzaofun 0.0010 -4 -322 530 280
Rouzaofun 0.0010 -104 -218 562 104
Rice_with_Shredded_Chicken 0.0621 10 -1 532 598
Rice_with_Shredded_Chicken 0.0026 187 288 522 836
Rice_with_Shredded_Chicken 0.0024 39 -168 415 62
Rice_with_Shredded_Chicken 0.0024 102 109 480 521
Rice_with_Shredded_Chicken 0.0012 525 355 795 642
Rice_with_Shredded_Chicken 0.0010 -78 473 393 869
migao 0.1030 10 -1 532 598
migao 0.0030 102 109 480 521
migao 0.0025 187 288 522 836
migao 0.0013 39 -168 415 62
migao 0.0011 -138 449 330 887
wagui 0.0106 10 -1 532 598
wagui 0.0027 187 288 522 836
wagui 0.0017 39 -168 415 62
wagui 0.0012 -4 -322 530 280
wagui 0.0010 -138 449 330 887
