Kongrou 0.0290 70 10 193 162
Kongrou 0.0031 1 8 232 175
Kongrou 0.0028 -2 15 102 77
Kongrou 0.0020 103 53 176 145
Kongrou 0.0015 65 -134 249 61
Kongrou 0.0012 99 -2 149 21
Kongrou 0.0010 10 26 90 66
Rouzaofun 0.0539 70 10 193 162
Rouzaofun 0.0047 -2 15 102 77
Rouzaofun 0.0040 103 53 176 145
Rouzaofun 0.0032 37 38 237 180
Rouzaofun 0.0016 10 26 90 66
Rouzaofun 0.0015 99 -2 149 21
Rouzaofun 0.0014 65 -134 249 61
Rice_with_Shredded_Chicken 0.0110 39 24 232 163
Rice_with_Shredded_Chicken 0.0067 13 -2 101 91
Rice_with_Shredded_Chicken 0.0017 103 53 176 145
Rice_with_Shredded_Chicken 0.0016 65 -134 249 61
Rice_with_Shredded_Chicken 0.0014 99 -2 149 21
migao 0.1025 39 24 232 163
migao 0.0048 73 1 189 151
migao 0.0033 -2 15 102 77
migao 0.0030 103 53 176 145
migao 0.0020 99 -2 149 21
migao 0.0015 55 -109 261 35
migao 0.0014 10 26 90 66
migao 0.0012 17 -144 302 68
wagui 0.1660 39 24 232 163
wagui 0.0204 4 -1 90 90
wagui 0.0030 99 -2 149 21
wagui 0.0018 103 53 176 145
wagui 0.0017 10 26 90 66
wagui 0.0016 17 -144 302 68
wagui 0.0015 152 -15 260 81
wagui 0.0012 55 -109 261 35
