Kongrou 0.0404 202 10 278 92
Kongrou 0.0334 36 26 164 165
Kongrou 0.0073 0 1 236 183
Kongrou 0.0048 173 24 296 78
Kongrou 0.0046 219 23 271 80
Kongrou 0.0018 70 -129 243 56
Rouzaofun 0.1477 45 26 177 165
Rouzaofun 0.0528 202 10 278 92
Rouzaofun 0.0307 0 1 236 183
Rouzaofun 0.0079 219 23 271 80
Rouzaofun 0.0077 179 17 301 75
Rouzaofun 0.0017 70 -129 243 56
Rouzaofun 0.0011 -2 109 180 170
Rice_with_Shredded_Chicken 0.0365 202 10 278 92
Rice_with_Shredded_Chicken 0.0260 8 29 221 158
Rice_with_Shredded_Chicken 0.0061 179 17 301 75
Rice_with_Shredded_Chicken 0.0033 219 23 271 80
Rice_with_Shredded_Chicken 0.0019 60 -104 256 31
Rice_with_Shredded_Chicken 0.0017 24 -149 296 74
Rice_with_Shredded_Chicken 0.0014 10 107 189 172
migao 0.0794 45 26 177 165
migao 0.0712 202 10 278 92
migao 0.0205 0 1 236 183
migao 0.0087 173 24 296 78
migao 0.0049 219 23 271 80
migao 0.0020 60 -104 256 31
migao 0.0014 24 -149 296 74
wagui 0.1433 8 29 221 158
wagui 0.0682 202 10 278 92
wagui 0.0084 173 24 296 78
wagui 0.0069 10 107 189 172
wagui 0.0052 219 23 271 80
wagui 0.0045 24 19 135 173
wagui 0.0020 24 -149 296 74
wagui 0.0020 69 -13 173 38
wagui 0.0016 71 0 167 19
wagui 0.0016 60 -104 256 31
