Kongrou 0.1154 -3 3 301 172
Kongrou 0.0264 34 5 160 174
Kongrou 0.0205 156 10 270 169
Kongrou 0.0096 130 -72 220 -21
Kongrou 0.0061 88 167 176 225
Kongrou 0.0061 131 -121 227 24
Kongrou 0.0046 81 -98 276 0
Kongrou 0.0029 118 190 209 225
Kongrou 0.0027 126 125 209 281
Kongrou 0.0025 83 17 261 197
Kongrou 0.0020 41 155 293 254
Kongrou 0.0018 101 160 228 230
Kongrou 0.0014 97 -160 293 48
Kongrou 0.0011 86 -87 179 -28
Kongrou 0.0011 71 99 275 297
Kongrou 0.0010 -20 -27 321 106
Kongrou 0.0010 0 -197 351 82
Rouzaofun 0.0398 1 0 297 170
Rouzaofun 0.0072 130 -72 220 -21
Rouzaofun 0.0067 -10 38 182 165
Rouzaofun 0.0049 131 -121 227 24
Rouzaofun 0.0044 117 20 308 160
Rouzaofun 0.0039 81 -98 276 0
Rouzaofun 0.0023 88 167 176 225
Rouzaofun 0.0021 118 190 209 225
Rouzaofun 0.0020 126 125 209 281
Rouzaofun 0.0018 41 155 293 254
Rouzaofun 0.0013 116 170 236 242
Rouzaofun 0.0012 0 -197 351 82
Rouzaofun 0.0011 109 -92 149 19
Rouzaofun 0.0010 52 -136 294 25
Rice_with_Shredded_Chicken 0.1321 -3 3 301 172
Rice_with_Shredded_Chicken 0.0083 -10 38 182 165
Rice_with_Shredded_Chicken 0.0073 130 -72 220 -21
Rice_with_Shredded_Chicken 0.0056 117 20 308 160
Rice_with_Shredded_Chicken 0.0048 131 -121 227 24
Rice_with_Shredded_Chicken 0.0037 81 -98 276 0
Rice_with_Shredded_Chicken 0.0019 126 125 209 281
Rice_with_Shredded_Chicken 0.0018 52 -136 294 25
Rice_with_Shredded_Chicken 0.0017 0 -197 351 82
Rice_with_Shredded_Chicken 0.0016 41 155 293 254
Rice_with_Shredded_Chicken 0.0015 118 190 209 225
Rice_with_Shredded_Chicken 0.0012 101 160 228 230
Rice_with_Shredded_Chicken 0.0010 46 99 301 295
migao 0.0724 1 0 297 170
migao 0.0093 130 -72 220 -21
migao 0.0089 -10 38 182 165
migao 0.0081 117 20 308 160
migao 0.0054 131 -121 227 24
migao 0.0044 81 -98 276 0
migao 0.0031 118 190 209 225
migao 0.0026 126 125 209 281
migao 0.0020 88 167 176 225
migao 0.0020 52 -136 294 25
migao 0.0020 41 155 293 254
migao 0.0016 101 160 228 230
migao 0.0015 109 -92 149 19
migao 0.0013 0 -197 351 82
migao 0.0011 71 99 275 297
migao 0.0010 92 88 197 296
wagui 0.0346 -3 3 301 172
wagui 0.0057 -10 38 182 165
wagui 0.0055 130 -72 220 -21
wagui 0.0050 88 167 176 225
wagui 0.0047 117 20 308 160
wagui 0.0046 131 -121 227 24
wagui 0.0040 81 -98 276 0
wagui 0.0021 0 -197 351 82
wagui 0.0018 118 190 209 225
wagui 0.0017 86 -87 179 -28
wagui 0.0016 41 155 293 254
wagui 0.0016 126 125 209 281
wagui 0.0014 52 -136 294 25
wagui 0.0011 101 160 228 230
wagui 0.0011 109 -92 149 19
