Kongrou 0.0158 83 210 177 280
Kongrou 0.0137 517 230 665 355
Kongrou 0.0074 174 22 302 161
Kongrou 0.0033 20 133 244 356
Kongrou 0.0022 613 67 787 270
Kongrou 0.0020 342 326 674 615
Kongrou 0.0012 351 77 618 260
Kongrou 0.0010 189 468 318 547
Kongrou 0.0010 597 543 909 766
Rouzaofun 0.0556 521 244 662 370
Rouzaofun 0.0213 174 22 302 161
Rouzaofun 0.0204 83 210 177 280
Rouzaofun 0.0063 20 133 244 356
Rouzaofun 0.0034 351 77 618 260
Rouzaofun 0.0033 336 0 540 91
Rouzaofun 0.0031 613 67 787 270
Rouzaofun 0.0023 525 -10 689 104
Rouzaofun 0.0019 274 290 735 647
Rouzaofun 0.0014 379 111 588 227
Rouzaofun 0.0013 53 399 453 616
Rouzaofun 0.0011 189 468 318 547
Rice_with_Shredded_Chicken 0.0514 521 244 662 370
Rice_with_Shredded_Chicken 0.0231 83 210 177 280
Rice_with_Shredded_Chicken 0.0147 174 22 302 161
Rice_with_Shredded_Chicken 0.0069 355 41 597 285
Rice_with_Shredded_Chicken 0.0046 20 133 244 356
Rice_with_Shredded_Chicken 0.0030 613 67 787 270
Rice_with_Shredded_Chicken 0.0029 336 0 540 91
Rice_with_Shredded_Chicken 0.0020 342 326 674 615
Rice_with_Shredded_Chicken 0.0017 525 -10 689 104
Rice_with_Shredded_Chicken 0.0017 272 -22 893 624
Rice_with_Shredded_Chicken 0.0011 -72 355 170 644
Rice_with_Shredded_Chicken 0.0010 521 340 797 658
migao 0.0727 521 244 662 370
migao 0.0267 83 210 177 280
migao 0.0235 174 22 302 161
migao 0.0040 20 133 244 356
migao 0.0036 336 0 540 91
migao 0.0030 613 67 787 270
migao 0.0025 525 -10 689 104
migao 0.0017 351 77 618 260
migao 0.0013 274 290 735 647
migao 0.0012 189 468 318 547
migao 0.0011 379 111 588 227
migao 0.0010 -72 355 170 644
migao 0.0010 272 -22 893 624
wagui 0.0737 517 230 665 355
wagui 0.0630 95 192 196 268
wagui 0.0189 174 22 302 161
wagui 0.0069 17 79 261 363
wagui 0.0059 336 0 540 91
wagui 0.0048 613 67 787 270
wagui 0.0022 -18 160 309 330
wagui 0.0020 63 205 167 285
wagui 0.0020 513 269 641 375
wagui 0.0020 525 -10 689 104
wagui 0.0016 189 468 318 547
wagui 0.0014 713 365 810 435
wagui 0.0014 351 77 618 260
wagui 0.0013 -72 355 170 644
wagui 0.0012 -87 38 360 406
wagui 0.0010 624 89 744 218
