Kongrou 0.0278 93 39 192 154
Kongrou 0.0052 25 17 251 207
Kongrou 0.0037 21 112 117 206
Kongrou 0.0030 87 -130 271 56
Kongrou 0.0028 54 45 251 148
Kongrou 0.0015 118 -54 204 -2
Kongrou 0.0015 118 -96 211 36
Kongrou 0.0013 -20 101 158 197
Kongrou 0.0010 68 -80 259 20
Rouzaofun 0.0211 93 39 192 154
Rouzaofun 0.0146 21 112 117 206
Rouzaofun 0.0043 16 33 255 188
Rouzaofun 0.0028 -20 101 158 197
Rouzaofun 0.0022 87 -130 271 56
Rouzaofun 0.0019 118 -54 204 -2
Rouzaofun 0.0016 169 -24 263 91
Rouzaofun 0.0014 118 -96 211 36
Rouzaofun 0.0011 0 -174 322 97
Rouzaofun 0.0010 68 -80 259 20
Rouzaofun 0.0010 166 -8 262 48
Rice_with_Shredded_Chicken 0.0089 93 39 192 154
Rice_with_Shredded_Chicken 0.0069 21 97 116 201
Rice_with_Shredded_Chicken 0.0058 16 33 255 188
Rice_with_Shredded_Chicken 0.0027 -18 109 157 211
Rice_with_Shredded_Chicken 0.0024 87 -130 271 56
Rice_with_Shredded_Chicken 0.0018 118 -54 204 -2
Rice_with_Shredded_Chicken 0.0015 0 -174 322 97
Rice_with_Shredded_Chicken 0.0012 118 -96 211 36
Rice_with_Shredded_Chicken 0.0012 -15 -130 204 56
migao 0.0471 93 39 192 154
migao 0.0122 21 112 117 206
migao 0.0070 16 33 255 188
migao 0.0026 169 -24 263 91
migao 0.0025 -20 101 158 197
migao 0.0023 87 -130 271 56
migao 0.0020 118 -54 204 -2
migao 0.0014 118 -96 211 36
migao 0.0013 0 -174 322 97
migao 0.0011 68 -80 259 20
wagui 0.2669 93 39 192 154
wagui 0.0767 21 112 117 206
wagui 0.0484 16 33 255 188
wagui 0.0158 169 -24 263 91
wagui 0.0096 -20 101 158 197
wagui 0.0024 87 -130 271 56
wagui 0.0020 0 -174 322 97
wagui 0.0017 170 2 258 37
wagui 0.0013 118 -54 204 -2
wagui 0.0013 118 -96 211 36
wagui 0.0010 200 155 270 180
wagui 0.0010 68 -80 259 20
wagui 0.0010 128 -14 306 102
