Kongrou 0.0135 49 16 160 167
Kongrou 0.0051 -5 38 174 146
Kongrou 0.0014 142 -17 244 83
Kongrou 0.0013 111 170 172 255
Rouzaofun 0.0061 5 37 183 147
Rouzaofun 0.0027 142 -17 244 83
Rouzaofun 0.0013 111 170 172 255
Rice_with_Shredded_Chicken 0.0223 144 -22 243 107
Rice_with_Shredded_Chicken 0.0121 0 30 180 160
Rice_with_Shredded_Chicken 0.0036 23 -9 125 54
Rice_with_Shredded_Chicken 0.0021 102 -9 285 95
Rice_with_Shredded_Chicken 0.0012 111 170 172 255
migao 0.0188 34 16 154 168
migao 0.0041 142 -17 244 83
migao 0.0020 111 170 172 255
migao 0.0011 102 -9 285 95
migao 0.0010 23 -9 125 54
wagui 0.2956 34 16 154 168
wagui 0.0775 142 -17 244 83
wagui 0.0180 23 -9 125 54
wagui 0.0061 102 -9 285 95
wagui 0.0028 -14 35 196 193
wagui 0.0010 106 144 183 279
