Kongrou 0.0269 170 125 655 505
Kongrou 0.0085 239 40 529 471
Kongrou 0.0014 326 -49 629 245
Kongrou 0.0012 382 607 525 716
Kongrou 0.0010 307 167 537 447
Rouzaofun 0.0060 126 132 642 498
Rouzaofun 0.0039 326 -49 629 245
Rouzaofun 0.0015 382 607 525 716
Rouzaofun 0.0012 265 80 562 547
Rouzaofun 0.0012 307 167 537 447
Rouzaofun 0.0011 212 204 602 410
Rouzaofun 0.0011 330 548 576 775
Rice_with_Shredded_Chicken 0.0372 326 -49 629 245
Rice_with_Shredded_Chicken 0.0135 170 125 655 505
Rice_with_Shredded_Chicken 0.0018 172 -58 778 264
Rice_with_Shredded_Chicken 0.0013 382 607 525 716
Rice_with_Shredded_Chicken 0.0013 239 40 529 471
Rice_with_Shredded_Chicken 0.0010 -39 459 478 884
migao 0.0217 170 125 655 505
migao 0.0058 326 -49 629 245
migao 0.0018 239 40 529 471
migao 0.0014 382 607 525 716
migao 0.0011 320 517 496 796
migao 0.0011 212 204 602 410
wagui 0.0646 326 -49 629 245
wagui 0.0027 170 125 655 505
wagui 0.0027 172 -58 778 264
wagui 0.0015 382 607 525 716
