Kongrou 0.0127 97 30 177 98
Kongrou 0.0080 117 99 208 165
Kongrou 0.0061 28 75 111 137
Kongrou 0.0057 106 44 167 85
Kongrou 0.0045 157 -19 247 92
Kongrou 0.0036 76 -115 273 51
Kongrou 0.0028 135 -50 269 126
Kongrou 0.0023 63 -59 153 -9
Kongrou 0.0022 126 111 199 152
Kongrou 0.0021 126 -87 215 36
Kongrou 0.0021 105 -64 210 -4
Kongrou 0.0018 45 84 104 128
Kongrou 0.0018 185 8 264 90
Kongrou 0.0017 199 -10 250 119
Kongrou 0.0013 -36 -108 88 119
Kongrou 0.0012 -29 -37 79 48
Kongrou 0.0011 99 -57 132 28
Kongrou 0.0010 110 -60 141 31
Rouzaofun 0.0919 120 79 200 181
Rouzaofun 0.0245 28 75 111 137
Rouzaofun 0.0205 97 30 177 98
Rouzaofun 0.0109 106 44 167 85
Rouzaofun 0.0071 45 84 104 128
Rouzaofun 0.0064 126 111 199 152
Rouzaofun 0.0052 126 -23 276 96
Rouzaofun 0.0042 96 107 229 156
Rouzaofun 0.0040 16 60 97 156
Rouzaofun 0.0028 76 -115 273 51
Rouzaofun 0.0025 185 8 264 90
Rouzaofun 0.0025 200 -20 249 119
Rouzaofun 0.0025 127 -49 208 1
Rouzaofun 0.0023 63 -59 153 -9
Rouzaofun 0.0022 99 -57 132 28
Rouzaofun 0.0021 85 87 234 192
Rouzaofun 0.0017 110 -60 141 31
Rouzaofun 0.0016 126 -87 215 36
Rouzaofun 0.0015 209 -2 297 136
Rouzaofun 0.0014 21 83 86 128
Rouzaofun 0.0014 -36 -108 88 119
Rouzaofun 0.0013 94 -60 296 122
Rouzaofun 0.0012 30 -46 210 17
Rouzaofun 0.0012 -10 13 278 172
Rouzaofun 0.0011 -29 -37 79 48
Rouzaofun 0.0010 9 21 104 116
Rice_with_Shredded_Chicken 0.0496 120 79 200 181
Rice_with_Shredded_Chicken 0.0182 97 30 177 98
Rice_with_Shredded_Chicken 0.0127 28 75 111 137
Rice_with_Shredded_Chicken 0.0079 106 44 167 85
Rice_with_Shredded_Chicken 0.0034 76 -115 273 51
Rice_with_Shredded_Chicken 0.0032 135 -50 269 126
Rice_with_Shredded_Chicken 0.0032 126 111 199 152
Rice_with_Shredded_Chicken 0.0029 157 -19 247 92
Rice_with_Shredded_Chicken 0.0026 96 107 229 156
Rice_with_Shredded_Chicken 0.0026 45 84 104 128
Rice_with_Shredded_Chicken 0.0022 127 -49 208 1
Rice_with_Shredded_Chicken 0.0018 185 8 264 90
Rice_with_Shredded_Chicken 0.0018 85 87 234 192
Rice_with_Shredded_Chicken 0.0016 126 -87 215 36
Rice_with_Shredded_Chicken 0.0016 199 -10 250 119
Rice_with_Shredded_Chicken 0.0015 16 60 97 156
Rice_with_Shredded_Chicken 0.0014 -36 -108 88 119
Rice_with_Shredded_Chicken 0.0011 -5 -7 42 12
Rice_with_Shredded_Chicken 0.0011 9 21 104 116
Rice_with_Shredded_Chicken 0.0011 99 -57 132 28
Rice_with_Shredded_Chicken 0.0011 -29 -37 79 48
Rice_with_Shredded_Chicken 0.0010 110 -60 141 31
migao 0.0356 120 79 200 181
migao 0.0214 97 30 177 98
migao 0.0192 28 75 111 137
migao 0.0100 106 44 167 85
migao 0.0057 157 -19 247 92
migao 0.0055 45 84 104 128
migao 0.0048 126 111 199 152
migao 0.0035 16 60 97 156
migao 0.0034 81 -106 271 45
migao 0.0034 135 -50 269 126
migao 0.0031 96 107 229 156
migao 0.0030 185 8 264 90
migao 0.0029 99 -57 132 28
migao 0.0025 199 -10 250 119
migao 0.0025 127 -49 208 1
migao 0.0023 110 -60 141 31
migao 0.0020 126 -87 215 36
migao 0.0014 178 -5 306 140
migao 0.0013 21 83 86 128
migao 0.0012 -5 -7 42 12
migao 0.0012 30 -46 210 17
migao 0.0012 -36 -108 88 119
migao 0.0012 175 -9 223 77
migao 0.0011 85 87 234 192
migao 0.0010 63 -59 153 -9
migao 0.0010 -29 -37 79 48
wagui 0.1729 120 79 200 181
wagui 0.0568 27 61 106 157
wagui 0.0421 97 30 177 98
wagui 0.0201 106 44 167 85
wagui 0.0079 157 -19 247 92
wagui 0.0066 34 83 104 129
wagui 0.0036 126 111 199 152
wagui 0.0034 67 -151 287 85
wagui 0.0032 85 87 234 192
wagui 0.0032 135 -50 269 126
wagui 0.0026 185 8 264 90
wagui 0.0025 77 -58 160 -9
wagui 0.0023 -1 52 135 167
wagui 0.0022 199 -10 250 119
wagui 0.0022 -5 -7 42 12
wagui 0.0020 96 107 229 156
wagui 0.0019 209 -2 297 136
wagui 0.0017 126 -87 215 36
wagui 0.0015 127 -49 208 1
wagui 0.0015 -36 -108 88 119
wagui 0.0014 175 -9 223 77
wagui 0.0013 76 -73 264 22
wagui 0.0013 1 86 127 136
wagui 0.0012 0 -21 269 209
wagui 0.0011 -29 -37 79 48
wagui 0.0010 99 -57 132 28
wagui 0.0010 9 21 104 116
