Kongrou 0.0170 627 141 801 410
Kongrou 0.0092 406 188 623 425
Kongrou 0.0075 189 421 410 623
Kongrou 0.0037 303 -79 585 282
Kongrou 0.0021 340 223 688 390
Kongrou 0.0019 38 192 130 298
Kongrou 0.0018 171 -348 755 204
Kongrou 0.0018 -17 175 93 439
Kongrou 0.0018 177 -23 714 284
Kongrou 0.0016 559 190 839 362
Kongrou 0.0014 220 482 411 596
Kongrou 0.0013 -109 205 185 410
Kongrou 0.0011 642 181 787 342
Kongrou 0.0011 586 533 917 776
Rouzaofun 0.0367 627 141 801 410
Rouzaofun 0.0267 298 -70 593 329
Rouzaofun 0.0253 406 188 623 425
Rouzaofun 0.0171 177 -23 714 284
Rouzaofun 0.0098 189 421 410 623
Rouzaofun 0.0062 340 223 688 390
Rouzaofun 0.0059 38 192 130 298
Rouzaofun 0.0032 559 190 839 362
Rouzaofun 0.0024 220 482 411 596
Rouzaofun 0.0020 642 181 787 342
Rouzaofun 0.0017 -17 175 93 439
Rouzaofun 0.0016 -109 205 185 410
Rouzaofun 0.0015 586 533 917 776
Rouzaofun 0.0014 171 -348 755 204
Rouzaofun 0.0013 296 32 517 275
Rouzaofun 0.0013 54 460 146 524
Rouzaofun 0.0010 477 442 1027 857
Rice_with_Shredded_Chicken 0.0260 627 141 801 410
Rice_with_Shredded_Chicken 0.0109 406 188 623 425
Rice_with_Shredded_Chicken 0.0073 177 -23 714 284
Rice_with_Shredded_Chicken 0.0054 298 -70 593 329
Rice_with_Shredded_Chicken 0.0053 189 421 410 623
Rice_with_Shredded_Chicken 0.0050 38 192 130 298
Rice_with_Shredded_Chicken 0.0035 340 223 688 390
Rice_with_Shredded_Chicken 0.0021 559 190 839 362
Rice_with_Shredded_Chicken 0.0019 155 -270 770 123
Rice_with_Shredded_Chicken 0.0017 54 460 146 524
Rice_with_Shredded_Chicken 0.0014 -109 205 185 410
Rice_with_Shredded_Chicken 0.0013 -17 175 93 439
Rice_with_Shredded_Chicken 0.0011 642 181 787 342
Rice_with_Shredded_Chicken 0.0011 586 533 917 776
Rice_with_Shredded_Chicken 0.0010 -23 -383 822 235
migao 0.0339 627 141 801 410
migao 0.0181 406 188 623 425
migao 0.0123 298 -70 593 329
migao 0.0109 177 -23 714 284
migao 0.0092 189 421 410 623
migao 0.0088 38 192 130 298
migao 0.0050 340 223 688 390
migao 0.0029 559 190 839 362
migao 0.0022 54 460 146 524
migao 0.0017 155 -270 770 123
migao 0.0016 -17 175 93 439
migao 0.0016 220 482 411 596
migao 0.0014 -109 205 185 410
migao 0.0013 642 181 787 342
migao 0.0013 74 325 157 381
migao 0.0011 586 533 917 776
migao 0.0010 27 424 142 529
migao 0.0010 10 339 512 662
wagui 0.0224 627 141 801 410
wagui 0.0128 38 192 130 298
wagui 0.0081 406 188 623 425
wagui 0.0072 54 460 146 524
wagui 0.0051 189 421 410 623
wagui 0.0038 74 325 157 381
wagui 0.0031 27 424 142 529
wagui 0.0023 340 223 688 390
wagui 0.0021 559 190 839 362
wagui 0.0016 171 -348 755 204
wagui 0.0015 177 -23 714 284
wagui 0.0015 -17 175 93 439
wagui 0.0012 -109 205 185 410
wagui 0.0012 642 181 787 342
