Kongrou 0.2064 171 48 736 565
Kongrou 0.0049 190 94 518 536
Kongrou 0.0026 93 -17 705 382
Kongrou 0.0026 -16 55 92 404
Kongrou 0.0012 -52 452 369 890
Kongrou 0.0011 242 17 587 432
Kongrou 0.0011 349 122 666 571
Rouzaofun 0.0259 143 36 776 573
Rouzaofun 0.0056 -7 54 114 405
Rouzaofun 0.0019 -6 113 83 346
Rouzaofun 0.0016 -73 119 149 342
Rouzaofun 0.0010 -52 452 369 890
Rouzaofun 0.0010 89 96 618 476
Rice_with_Shredded_Chicken 0.2309 171 48 736 565
Rice_with_Shredded_Chicken 0.0043 -7 54 114 405
Rice_with_Shredded_Chicken 0.0015 30 446 530 891
Rice_with_Shredded_Chicken 0.0014 -6 113 83 346
Rice_with_Shredded_Chicken 0.0014 -229 -72 283 550
Rice_with_Shredded_Chicken 0.0013 -73 119 149 342
Rice_with_Shredded_Chicken 0.0012 93 -17 705 382
migao 0.2059 171 48 736 565
migao 0.0042 -7 54 114 405
migao 0.0017 -73 119 149 342
migao 0.0015 -6 113 83 346
migao 0.0012 361 523 514 790
migao 0.0012 190 94 518 536
migao 0.0011 -176 381 479 946
migao 0.0011 -52 452 369 890
wagui 0.0130 171 48 736 565
wagui 0.0050 -7 54 114 405
wagui 0.0020 -6 113 83 346
wagui 0.0016 -73 119 149 342
wagui 0.0014 -229 -72 283 550
wagui 0.0013 -16 165 31 327
wagui 0.0010 30 446 530 891
