Kongrou 0.0280 14 18 114 147
Kongrou 0.0119 -20 42 150 142
Kongrou 0.0055 145 19 242 165
Kongrou 0.0046 120 -41 202 9
Kongrou 0.0034 109 38 277 146
Kongrou 0.0033 120 -78 209 43
Kongrou 0.0025 -8 63 123 125
Kongrou 0.0024 156 52 226 146
Kongrou 0.0023 82 -63 246 27
Kongrou 0.0014 85 -46 163 -4
Kongrou 0.0013 131 66 251 132
Kongrou 0.0012 141 -97 358 130
Kongrou 0.0010 11 42 102 116
Kongrou 0.0010 132 -8 171 38
Rouzaofun 0.0081 -20 42 150 142
Rouzaofun 0.0057 16 28 113 172
Rouzaofun 0.0053 19 48 95 140
Rouzaofun 0.0049 120 -41 202 9
Rouzaofun 0.0041 -8 63 123 125
Rouzaofun 0.0038 144 30 243 172
Rouzaofun 0.0036 109 38 277 146
Rouzaofun 0.0034 156 52 226 146
Rouzaofun 0.0027 120 -78 209 43
Rouzaofun 0.0024 82 -63 246 27
Rouzaofun 0.0022 131 66 251 132
Rouzaofun 0.0015 141 -97 358 130
Rouzaofun 0.0015 132 -8 171 38
Rouzaofun 0.0014 41 51 122 147
Rouzaofun 0.0010 118 -26 185 56
Rice_with_Shredded_Chicken 0.0108 144 30 243 172
Rice_with_Shredded_Chicken 0.0091 -20 42 150 142
Rice_with_Shredded_Chicken 0.0081 15 17 115 166
Rice_with_Shredded_Chicken 0.0061 109 38 277 146
Rice_with_Shredded_Chicken 0.0049 120 -41 202 9
Rice_with_Shredded_Chicken 0.0031 -8 63 123 125
Rice_with_Shredded_Chicken 0.0029 19 48 95 140
Rice_with_Shredded_Chicken 0.0026 120 -78 209 43
Rice_with_Shredded_Chicken 0.0021 82 -63 246 27
Rice_with_Shredded_Chicken 0.0018 156 52 226 146
Rice_with_Shredded_Chicken 0.0016 131 66 251 132
Rice_with_Shredded_Chicken 0.0013 132 -8 171 38
Rice_with_Shredded_Chicken 0.0010 141 -97 358 130
migao 0.0329 -20 42 150 142
migao 0.0296 15 17 115 166
migao 0.0101 144 30 243 172
migao 0.0090 109 38 277 146
migao 0.0059 120 -41 202 9
migao 0.0040 19 48 95 140
migao 0.0039 -8 63 123 125
migao 0.0032 120 -78 209 43
migao 0.0027 82 -63 246 27
migao 0.0025 156 52 226 146
migao 0.0022 131 66 251 132
migao 0.0015 132 -8 171 38
migao 0.0010 141 -97 358 130
wagui 0.3268 15 17 115 166
wagui 0.1324 -20 42 150 142
wagui 0.1081 144 30 243 172
wagui 0.0289 109 38 277 146
wagui 0.0049 19 48 95 140
wagui 0.0042 -8 63 123 125
wagui 0.0038 120 -41 202 9
wagui 0.0028 156 52 226 146
wagui 0.0027 120 -78 209 43
wagui 0.0023 82 -63 246 27
wagui 0.0021 131 66 251 132
wagui 0.0018 141 -97 358 130
wagui 0.0017 85 -46 163 -4
wagui 0.0015 132 -8 171 38
wagui 0.0010 141 -13 172 23
wagui 0.0010 153 -33 341 70
