Kongrou 0.0483 412 189 724 621
Kongrou 0.0231 35 143 286 409
Kongrou 0.0201 467 281 715 517
Kongrou 0.0122 -49 199 371 383
Kongrou 0.0045 262 238 816 572
Kongrou 0.0039 61 65 333 503
Kongrou 0.0032 391 317 791 481
Kongrou 0.0022 68 209 253 344
Kongrou 0.0018 343 55 626 222
Kongrou 0.0015 -47 127 446 439
Kongrou 0.0015 58 30 748 563
Kongrou 0.0011 601 545 904 763
Kongrou 0.0010 497 308 686 461
Rouzaofun 0.0882 39 66 297 502
Rouzaofun 0.0362 310 -7 580 265
Rouzaofun 0.0269 467 281 715 517
Rouzaofun 0.0261 -58 126 397 441
Rouzaofun 0.0189 412 189 724 621
Rouzaofun 0.0067 343 55 626 222
Rouzaofun 0.0062 391 317 791 481
Rouzaofun 0.0062 0 156 260 427
Rouzaofun 0.0047 262 238 816 572
Rouzaofun 0.0045 -74 183 335 368
Rouzaofun 0.0040 88 170 326 444
Rouzaofun 0.0030 68 209 253 344
Rouzaofun 0.0015 58 30 748 563
Rouzaofun 0.0012 384 631 523 722
Rouzaofun 0.0012 197 -27 695 287
Rouzaofun 0.0012 497 308 686 461
Rice_with_Shredded_Chicken 0.0192 35 143 286 409
Rice_with_Shredded_Chicken 0.0187 412 189 724 621
Rice_with_Shredded_Chicken 0.0165 -49 199 371 383
Rice_with_Shredded_Chicken 0.0159 467 281 715 517
Rice_with_Shredded_Chicken 0.0053 262 238 816 572
Rice_with_Shredded_Chicken 0.0051 310 -7 580 265
Rice_with_Shredded_Chicken 0.0047 391 317 791 481
Rice_with_Shredded_Chicken 0.0030 -47 127 446 439
Rice_with_Shredded_Chicken 0.0027 343 55 626 222
Rice_with_Shredded_Chicken 0.0024 61 65 333 503
Rice_with_Shredded_Chicken 0.0015 68 209 253 344
Rice_with_Shredded_Chicken 0.0014 58 30 748 563
Rice_with_Shredded_Chicken 0.0011 384 631 523 722
migao 0.1212 39 66 297 502
migao 0.0647 412 189 724 621
migao 0.0477 -58 126 397 441
migao 0.0292 467 281 715 517
migao 0.0176 310 -7 580 265
migao 0.0075 262 238 816 572
migao 0.0066 391 317 791 481
migao 0.0041 0 156 260 427
migao 0.0041 343 55 626 222
migao 0.0040 -74 183 335 368
migao 0.0028 88 170 326 444
migao 0.0019 68 209 253 344
migao 0.0011 384 631 523 722
migao 0.0011 58 30 748 563
migao 0.0011 601 545 904 763
migao 0.0010 197 -27 695 287
wagui 0.1223 412 189 724 621
wagui 0.0239 310 -7 580 265
wagui 0.0222 467 281 715 517
wagui 0.0212 36 157 286 426
wagui 0.0161 -49 199 371 383
wagui 0.0132 262 238 816 572
wagui 0.0051 391 317 791 481
wagui 0.0035 61 65 333 503
wagui 0.0029 343 55 626 222
wagui 0.0029 -47 127 446 439
wagui 0.0017 58 30 748 563
wagui 0.0016 68 209 253 344
wagui 0.0014 197 -27 695 287
wagui 0.0013 384 631 523 722
