Kongrou 0.0307 164 8 640 585
Kongrou 0.0026 354 -97 581 3
Kongrou 0.0024 350 -144 651 43
Kongrou 0.0023 362 -244 594 131
Kongrou 0.0018 154 -185 799 77
Kongrou 0.0016 125 90 459 539
Kongrou 0.0012 240 -375 802 230
Kongrou 0.0010 17 -162 314 57
Rouzaofun 0.8010 83 51 718 551
Rouzaofun 0.0056 142 99 503 531
Rouzaofun 0.0029 350 -144 651 43
Rouzaofun 0.0017 354 -97 581 3
Rouzaofun 0.0017 362 -244 594 131
Rouzaofun 0.0017 222 -208 790 95
Rouzaofun 0.0015 216 32 552 413
Rouzaofun 0.0014 369 210 709 545
Rouzaofun 0.0013 17 -162 314 57
Rice_with_Shredded_Chicken 0.0936 164 8 640 585
Rice_with_Shredded_Chicken 0.0027 350 -144 651 43
Rice_with_Shredded_Chicken 0.0019 362 -244 594 131
Rice_with_Shredded_Chicken 0.0015 354 -97 581 3
Rice_with_Shredded_Chicken 0.0014 222 -208 790 95
Rice_with_Shredded_Chicken 0.0013 17 -162 314 57
Rice_with_Shredded_Chicken 0.0012 240 -375 802 230
Rice_with_Shredded_Chicken 0.0012 61 164 583 526
migao 0.3338 83 51 718 551
migao 0.0031 350 -144 651 43
migao 0.0026 354 -97 581 3
migao 0.0021 142 99 503 531
migao 0.0021 362 -244 594 131
migao 0.0017 222 -208 790 95
migao 0.0010 17 -162 314 57
migao 0.0010 393 -140 545 102
wagui 0.0446 164 8 640 585
wagui 0.0019 354 -97 581 3
wagui 0.0016 328 -244 689 133
wagui 0.0015 154 -185 799 77
wagui 0.0015 350 -144 651 43
wagui 0.0011 27 -429 903 275
wagui 0.0011 17 -162 314 57
