Kongrou 0.0081 28 40 105 127
Kongrou 0.0071 118 -39 205 7
Kongrou 0.0045 115 -75 214 39
Kongrou 0.0038 5 56 128 112
Kongrou 0.0033 121 -16 205 80
Kongrou 0.0027 106 -59 223 124
Kongrou 0.0024 78 -24 250 87
Kongrou 0.0020 145 -4 187 35
Kongrou 0.0012 134 -31 199 51
Kongrou 0.0011 138 -10 175 20
Kongrou 0.0010 -4 41 134 142
Kongrou 0.0010 37 61 96 107
Rouzaofun 0.1429 23 24 106 158
Rouzaofun 0.0229 -4 41 134 142
Rouzaofun 0.0098 5 56 128 112
Rouzaofun 0.0065 38 53 115 135
Rouzaofun 0.0064 118 -39 205 7
Rouzaofun 0.0038 121 -16 205 80
Rouzaofun 0.0036 115 -75 214 39
Rouzaofun 0.0027 106 -59 223 124
Rouzaofun 0.0024 145 -4 187 35
Rouzaofun 0.0023 78 -24 250 87
Rouzaofun 0.0018 38 67 95 112
Rouzaofun 0.0013 112 -7 151 18
Rouzaofun 0.0013 138 -10 175 20
Rouzaofun 0.0012 134 -31 199 51
Rouzaofun 0.0011 128 44 220 177
Rouzaofun 0.0010 -14 20 273 174
Rice_with_Shredded_Chicken 0.0456 23 24 106 158
Rice_with_Shredded_Chicken 0.0155 -4 41 134 142
Rice_with_Shredded_Chicken 0.0063 128 44 220 177
Rice_with_Shredded_Chicken 0.0061 5 56 128 112
Rice_with_Shredded_Chicken 0.0059 118 -39 205 7
Rice_with_Shredded_Chicken 0.0045 121 -16 205 80
Rice_with_Shredded_Chicken 0.0036 115 -75 214 39
Rice_with_Shredded_Chicken 0.0026 78 -24 250 87
Rice_with_Shredded_Chicken 0.0026 106 -59 223 124
Rice_with_Shredded_Chicken 0.0024 38 53 115 135
Rice_with_Shredded_Chicken 0.0019 145 -4 187 35
Rice_with_Shredded_Chicken 0.0011 134 -31 199 51
Rice_with_Shredded_Chicken 0.0011 138 -10 175 20
Rice_with_Shredded_Chicken 0.0011 112 -7 151 18
migao 0.0397 23 24 106 158
migao 0.0114 -4 41 134 142
migao 0.0080 118 -39 205 7
migao 0.0076 5 56 128 112
migao 0.0042 115 -75 214 39
migao 0.0037 121 -16 205 80
migao 0.0034 38 53 115 135
migao 0.0031 106 -59 223 124
migao 0.0029 128 44 220 177
migao 0.0021 78 -24 250 87
migao 0.0020 145 -4 187 35
migao 0.0012 112 -7 151 18
migao 0.0012 134 -31 199 51
migao 0.0011 138 -10 175 20
migao 0.0011 38 67 95 112
wagui 0.0600 128 44 220 177
wagui 0.0141 23 24 106 158
wagui 0.0067 -4 41 134 142
wagui 0.0053 5 56 128 112
wagui 0.0042 118 -39 205 7
wagui 0.0036 121 -16 205 80
wagui 0.0034 115 -75 214 39
wagui 0.0029 106 -59 223 124
wagui 0.0026 89 64 259 178
wagui 0.0023 78 -24 250 87
wagui 0.0023 38 53 115 135
wagui 0.0022 145 -4 187 35
wagui 0.0015 -14 20 273 174
wagui 0.0014 107 -7 147 17
wagui 0.0013 138 -10 175 20
wagui 0.0011 134 -31 199 51
wagui 0.0010 134 -1 169 31
