Kongrou 0.0367 48 16 610 430
Kongrou 0.0053 49 85 284 435
Kongrou 0.0046 284 26 681 415
Kongrou 0.0030 100 149 270 382
Kongrou 0.0029 218 117 408 285
Kongrou 0.0025 32 175 313 331
Kongrou 0.0023 402 144 607 336
Kongrou 0.0012 511 303 736 523
Rouzaofun 0.0131 48 16 610 430
Rouzaofun 0.0042 81 147 263 384
Rouzaofun 0.0036 32 175 313 331
Rouzaofun 0.0024 -7 15 96 234
Rouzaofun 0.0023 218 117 408 285
Rouzaofun 0.0020 402 144 607 336
Rouzaofun 0.0012 511 303 736 523
Rouzaofun 0.0012 -2 28 91 145
Rouzaofun 0.0010 284 26 681 415
Rouzaofun 0.0010 13 101 365 420
Rice_with_Shredded_Chicken 0.0631 48 16 610 430
Rice_with_Shredded_Chicken 0.0026 30 186 315 345
Rice_with_Shredded_Chicken 0.0023 81 147 263 384
Rice_with_Shredded_Chicken 0.0023 362 -29 635 90
Rice_with_Shredded_Chicken 0.0013 218 117 408 285
Rice_with_Shredded_Chicken 0.0012 511 276 737 500
Rice_with_Shredded_Chicken 0.0012 205 189 487 434
Rice_with_Shredded_Chicken 0.0011 402 144 607 336
Rice_with_Shredded_Chicken 0.0011 231 -169 740 203
Rice_with_Shredded_Chicken 0.0010 350 491 428 578
Rice_with_Shredded_Chicken 0.0010 -6 43 95 156
migao 0.0386 48 16 610 430
migao 0.0042 81 147 263 384
migao 0.0040 30 186 315 345
migao 0.0025 218 117 408 285
migao 0.0021 -6 43 95 156
migao 0.0018 402 144 607 336
migao 0.0018 284 26 681 415
migao 0.0013 -8 100 336 422
migao 0.0012 511 276 737 500
wagui 0.0058 48 16 610 430
wagui 0.0034 81 147 263 384
wagui 0.0031 30 186 315 345
wagui 0.0014 218 117 408 285
wagui 0.0013 362 -29 635 90
wagui 0.0012 402 144 607 336
wagui 0.0011 350 491 428 578
wagui 0.0010 -6 43 95 156
