Kongrou 0.0214 24 16 234 176
Kongrou 0.0024 64 -1 184 146
Kongrou 0.0020 182 -5 240 76
Kongrou 0.0015 90 173 159 215
Kongrou 0.0013 116 171 187 254
Kongrou 0.0012 135 203 167 235
Kongrou 0.0012 120 -39 202 8
Kongrou 0.0011 116 -74 213 38
Rouzaofun 0.0715 31 13 227 180
Rouzaofun 0.0021 182 -5 240 76
Rouzaofun 0.0018 90 173 159 215
Rouzaofun 0.0017 135 203 167 235
Rouzaofun 0.0013 116 171 187 254
Rouzaofun 0.0012 120 -39 202 8
Rouzaofun 0.0012 140 197 182 231
Rice_with_Shredded_Chicken 0.0660 31 13 227 180
Rice_with_Shredded_Chicken 0.0019 135 203 167 235
Rice_with_Shredded_Chicken 0.0017 182 -5 240 76
Rice_with_Shredded_Chicken 0.0014 116 171 187 254
Rice_with_Shredded_Chicken 0.0012 140 197 182 231
Rice_with_Shredded_Chicken 0.0011 120 -39 202 8
migao 0.0717 31 13 227 180
migao 0.0022 182 -5 240 76
migao 0.0020 116 171 187 254
migao 0.0017 135 203 167 235
migao 0.0016 90 173 159 215
migao 0.0014 120 -39 202 8
migao 0.0012 140 197 182 231
migao 0.0010 116 -74 213 38
wagui 0.8710 27 11 230 184
wagui 0.0024 64 -1 184 146
wagui 0.0023 90 173 159 215
wagui 0.0019 135 203 167 235
wagui 0.0016 182 -5 240 76
wagui 0.0014 140 197 182 231
