Kongrou 0.0332 14 -16 664 601
Kongrou 0.0102 -23 111 544 462
Kongrou 0.0018 350 -108 587 11
Kongrou 0.0016 230 -351 814 205
Kongrou 0.0015 355 -234 601 122
Kongrou 0.0013 143 -198 811 90
Kongrou 0.0011 232 243 491 494
Kongrou 0.0011 -184 -373 371 223
Rouzaofun 0.0114 14 -16 664 601
Rouzaofun 0.0057 -23 111 544 462
Rouzaofun 0.0014 350 -108 587 11
Rouzaofun 0.0012 -184 -373 371 223
Rouzaofun 0.0012 355 -234 601 122
Rouzaofun 0.0011 230 -351 814 205
Rouzaofun 0.0011 148 277 574 461
Rouzaofun 0.0010 135 56 905 539
Rice_with_Shredded_Chicken 0.0133 19 1 783 591
Rice_with_Shredded_Chicken 0.0030 -23 111 544 462
Rice_with_Shredded_Chicken 0.0015 -184 -373 371 223
Rice_with_Shredded_Chicken 0.0014 230 -351 814 205
Rice_with_Shredded_Chicken 0.0013 355 -234 601 122
Rice_with_Shredded_Chicken 0.0011 350 -108 587 11
migao 0.0234 14 -16 664 601
migao 0.0104 -23 111 544 462
migao 0.0020 350 -108 587 11
migao 0.0015 355 -234 601 122
migao 0.0013 152 -288 772 134
migao 0.0012 -184 -373 371 223
migao 0.0010 148 277 574 461
wagui 0.0941 19 1 783 591
wagui 0.0266 -23 111 544 462
wagui 0.0013 230 -351 814 205
wagui 0.0013 18 182 319 572
wagui 0.0013 350 -108 587 11
wagui 0.0012 -184 -373 371 223
wagui 0.0012 224 -3 546 445
wagui 0.0011 143 -198 811 90
wagui 0.0011 399 85 856 488
wagui 0.0010 355 -234 601 122
wagui 0.0010 509 359 1026 964
