Kongrou 0.0757 129 -36 452 418
Kongrou 0.0468 18 20 562 364
Kongrou 0.0211 109 325 351 611
Kongrou 0.0196 426 220 714 602
Kongrou 0.0037 135 63 371 335
Kongrou 0.0032 348 291 850 590
Kongrou 0.0030 350 348 771 512
Kongrou 0.0027 409 292 651 538
Kongrou 0.0026 61 358 292 564
Kongrou 0.0021 151 -9 386 254
Kongrou 0.0017 11 287 447 590
Kongrou 0.0016 58 107 449 292
Kongrou 0.0015 -8 383 392 539
Kongrou 0.0012 246 -375 801 224
Kongrou 0.0011 22 -146 772 741
Kongrou 0.0010 170 366 398 556
Kongrou 0.0010 -132 15 313 581
Rouzaofun 0.0166 18 20 562 364
Rouzaofun 0.0086 68 366 316 556
Rouzaofun 0.0082 129 -36 452 418
Rouzaofun 0.0062 437 308 685 553
Rouzaofun 0.0061 325 284 813 597
Rouzaofun 0.0043 350 348 771 512
Rouzaofun 0.0039 132 48 374 319
Rouzaofun 0.0025 58 107 449 292
Rouzaofun 0.0024 107 288 351 593
Rouzaofun 0.0019 11 312 447 626
Rouzaofun 0.0013 68 43 438 232
Rouzaofun 0.0011 22 -146 772 741
Rouzaofun 0.0010 -9 368 455 523
Rouzaofun 0.0010 134 52 663 551
Rice_with_Shredded_Chicken 0.0275 18 20 562 364
Rice_with_Shredded_Chicken 0.0180 129 -36 452 418
Rice_with_Shredded_Chicken 0.0157 425 246 716 631
Rice_with_Shredded_Chicken 0.0113 109 325 351 611
Rice_with_Shredded_Chicken 0.0033 350 348 771 512
Rice_with_Shredded_Chicken 0.0026 348 291 850 590
Rice_with_Shredded_Chicken 0.0020 135 63 371 335
Rice_with_Shredded_Chicken 0.0019 -8 383 392 539
Rice_with_Shredded_Chicken 0.0018 58 107 449 292
Rice_with_Shredded_Chicken 0.0017 409 292 651 538
Rice_with_Shredded_Chicken 0.0016 22 -146 772 741
Rice_with_Shredded_Chicken 0.0015 11 287 447 590
Rice_with_Shredded_Chicken 0.0014 61 358 292 564
Rice_with_Shredded_Chicken 0.0013 144 -287 785 132
Rice_with_Shredded_Chicken 0.0011 92 44 445 232
Rice_with_Shredded_Chicken 0.0011 134 52 663 551
migao 0.0571 18 20 562 364
migao 0.0467 129 -36 452 418
migao 0.0203 109 325 351 611
migao 0.0136 425 246 716 631
migao 0.0044 348 291 850 590
migao 0.0043 350 348 771 512
migao 0.0031 135 63 371 335
migao 0.0023 409 292 651 538
migao 0.0023 -8 383 392 539
migao 0.0023 58 107 449 292
migao 0.0023 61 358 292 564
migao 0.0018 11 287 447 590
migao 0.0017 92 44 445 232
migao 0.0011 144 -287 785 132
migao 0.0010 22 -146 772 741
wagui 0.1807 425 246 716 631
wagui 0.0791 109 325 351 611
wagui 0.0179 348 291 850 590
wagui 0.0097 18 20 562 364
wagui 0.0063 129 -36 452 418
wagui 0.0044 350 348 771 512
wagui 0.0035 11 287 447 590
wagui 0.0033 409 292 651 538
wagui 0.0032 61 358 292 564
wagui 0.0023 135 63 371 335
wagui 0.0022 -8 383 392 539
wagui 0.0017 58 107 449 292
wagui 0.0014 22 -146 772 741
wagui 0.0012 92 44 445 232
wagui 0.0010 246 -375 801 224
