Kongrou 0.0968 63 29 736 573
Kongrou 0.0011 14 539 320 769
Kongrou 0.0010 379 448 579 861
Kongrou 0.0010 -215 467 304 893
Rouzaofun 0.5015 63 13 735 577
Rouzaofun 0.0020 222 93 669 475
Rouzaofun 0.0013 -215 467 304 893
Rouzaofun 0.0013 -119 523 202 782
Rouzaofun 0.0011 440 -114 559 21
Rouzaofun 0.0010 377 526 561 787
Rice_with_Shredded_Chicken 0.0689 148 -23 644 620
Rice_with_Shredded_Chicken 0.0011 14 539 320 769
Rice_with_Shredded_Chicken 0.0011 -119 523 202 782
Rice_with_Shredded_Chicken 0.0010 440 -114 559 21
Rice_with_Shredded_Chicken 0.0010 377 526 561 787
migao 0.3738 63 29 736 573
migao 0.0014 377 526 561 787
migao 0.0011 440 -114 559 21
migao 0.0011 -215 467 304 893
wagui 0.0382 148 -23 644 620
wagui 0.0011 440 -114 559 21
wagui 0.0010 -215 467 304 893
