Kongrou 0.0470 323 7 567 438
Kongrou 0.0209 120 70 684 535
Kongrou 0.0151 3 -40 793 642
Kongrou 0.0061 353 103 584 357
Kongrou 0.0061 209 33 500 534
Kongrou 0.0058 240 135 635 325
Kongrou 0.0023 320 -102 553 7
Kongrou 0.0016 328 -247 567 134
Kongrou 0.0016 399 628 508 725
Kongrou 0.0015 184 -342 736 199
Kongrou 0.0014 356 145 520 286
Kongrou 0.0012 240 216 482 490
Kongrou 0.0011 144 252 547 454
Rouzaofun 0.0141 358 83 579 346
Rouzaofun 0.0087 240 135 635 325
Rouzaofun 0.0052 3 -40 793 642
Rouzaofun 0.0045 120 70 684 535
Rouzaofun 0.0022 399 628 508 725
Rouzaofun 0.0018 308 122 537 400
Rouzaofun 0.0018 267 17 560 487
Rouzaofun 0.0017 389 138 548 293
Rouzaofun 0.0016 320 -102 553 7
Rouzaofun 0.0016 144 252 547 454
Rouzaofun 0.0013 328 -247 567 134
Rouzaofun 0.0013 184 -342 736 199
Rouzaofun 0.0012 240 216 482 490
Rouzaofun 0.0012 409 604 559 718
Rouzaofun 0.0011 338 553 570 802
Rice_with_Shredded_Chicken 0.0087 332 84 574 345
Rice_with_Shredded_Chicken 0.0069 120 70 684 535
Rice_with_Shredded_Chicken 0.0065 240 135 635 325
Rice_with_Shredded_Chicken 0.0036 3 -40 793 642
Rice_with_Shredded_Chicken 0.0024 399 628 508 725
Rice_with_Shredded_Chicken 0.0014 184 -342 736 199
Rice_with_Shredded_Chicken 0.0014 328 -247 567 134
Rice_with_Shredded_Chicken 0.0013 320 -102 553 7
Rice_with_Shredded_Chicken 0.0013 267 17 560 487
Rice_with_Shredded_Chicken 0.0011 409 604 559 718
Rice_with_Shredded_Chicken 0.0011 338 553 570 802
Rice_with_Shredded_Chicken 0.0010 144 252 547 454
migao 0.0202 120 70 684 535
migao 0.0157 323 7 567 438
migao 0.0116 3 -40 793 642
migao 0.0093 240 135 635 325
migao 0.0073 353 103 584 357
migao 0.0023 320 -102 553 7
migao 0.0022 399 628 508 725
migao 0.0020 209 33 500 534
migao 0.0015 328 -247 567 134
migao 0.0015 144 252 547 454
migao 0.0014 149 -276 772 129
migao 0.0011 409 604 559 718
migao 0.0010 240 216 482 490
migao 0.0010 338 553 570 802
wagui 0.0438 120 70 684 535
wagui 0.0227 323 7 567 438
wagui 0.0165 3 -40 793 642
wagui 0.0073 240 135 635 325
wagui 0.0060 353 103 584 357
wagui 0.0024 399 628 508 725
wagui 0.0019 209 33 500 534
wagui 0.0015 320 -102 553 7
wagui 0.0013 66 -392 863 240
wagui 0.0013 409 604 559 718
wagui 0.0012 144 252 547 454
wagui 0.0011 139 -203 754 94
wagui 0.0011 356 145 520 286
wagui 0.0011 338 553 570 802
wagui 0.0010 328 -247 567 134
