Kongrou 0.0647 67 37 273 197
Kongrou 0.0543 7 -25 102 110
Kongrou 0.0085 -29 -5 138 90
Kongrou 0.0020 138 193 185 234
Kongrou 0.0012 123 176 199 251
Rouzaofun 0.2108 60 45 273 195
Rouzaofun 0.0133 7 -25 102 110
Rouzaofun 0.0072 -28 0 138 105
Rouzaofun 0.0045 -12 18 126 80
Rouzaofun 0.0027 138 193 185 234
Rouzaofun 0.0018 123 176 199 251
Rouzaofun 0.0014 132 203 161 234
Rice_with_Shredded_Chicken 0.0220 62 55 273 208
Rice_with_Shredded_Chicken 0.0130 6 -21 103 125
Rice_with_Shredded_Chicken 0.0086 -28 0 138 105
Rice_with_Shredded_Chicken 0.0033 -12 18 126 80
Rice_with_Shredded_Chicken 0.0026 138 193 185 234
Rice_with_Shredded_Chicken 0.0016 132 203 161 234
Rice_with_Shredded_Chicken 0.0015 123 176 199 251
migao 0.2962 60 45 273 195
migao 0.0383 7 -25 102 110
migao 0.0149 -28 0 138 105
migao 0.0045 -12 18 126 80
migao 0.0026 138 193 185 234
migao 0.0015 132 203 161 234
migao 0.0014 123 176 199 251
wagui 0.2465 6 -21 103 125
wagui 0.0892 62 55 273 208
wagui 0.0574 -28 0 138 105
wagui 0.0040 -12 18 126 80
wagui 0.0026 138 193 185 234
wagui 0.0019 236 3 256 45
wagui 0.0016 132 203 161 234
wagui 0.0014 123 176 199 251
wagui 0.0010 2 180 125 241
wagui 0.0010 27 -65 273 97
