Kongrou 0.0217 271 36 512 300
Kongrou 0.0096 195 78 587 258
Kongrou 0.0062 505 217 740 458
Kongrou 0.0050 143 277 364 521
Kongrou 0.0023 439 255 805 421
Kongrou 0.0016 315 92 499 246
Kongrou 0.0016 527 280 718 396
Kongrou 0.0015 351 336 525 586
Kongrou 0.0014 -210 -233 516 328
Kongrou 0.0011 146 329 330 439
Kongrou 0.0010 62 314 414 485
Kongrou 0.0010 481 405 777 655
Rouzaofun 0.0386 271 36 512 300
Rouzaofun 0.0290 517 162 744 530
Rouzaofun 0.0175 195 78 587 258
Rouzaofun 0.0089 143 277 364 521
Rouzaofun 0.0075 434 265 810 441
Rouzaofun 0.0038 351 336 525 586
Rouzaofun 0.0034 527 280 718 396
Rouzaofun 0.0026 315 92 499 246
Rouzaofun 0.0024 62 314 414 485
Rouzaofun 0.0023 495 277 720 491
Rouzaofun 0.0018 160 337 346 462
Rouzaofun 0.0015 -210 -233 516 328
Rouzaofun 0.0014 481 405 777 655
Rouzaofun 0.0014 418 217 840 537
Rouzaofun 0.0013 380 379 494 543
Rouzaofun 0.0011 517 332 697 436
Rouzaofun 0.0011 508 213 769 401
Rouzaofun 0.0010 354 71 490 206
Rouzaofun 0.0010 13 49 784 547
Rice_with_Shredded_Chicken 0.0285 517 162 744 530
Rice_with_Shredded_Chicken 0.0211 274 20 509 285
Rice_with_Shredded_Chicken 0.0126 195 78 587 258
Rice_with_Shredded_Chicken 0.0058 143 277 364 521
Rice_with_Shredded_Chicken 0.0048 434 265 810 441
Rice_with_Shredded_Chicken 0.0025 351 336 525 586
Rice_with_Shredded_Chicken 0.0019 481 405 777 655
Rice_with_Shredded_Chicken 0.0019 62 314 414 485
Rice_with_Shredded_Chicken 0.0017 527 280 718 396
Rice_with_Shredded_Chicken 0.0017 -84 -253 396 362
Rice_with_Shredded_Chicken 0.0014 418 217 840 537
Rice_with_Shredded_Chicken 0.0012 13 49 784 547
Rice_with_Shredded_Chicken 0.0011 303 76 480 231
Rice_with_Shredded_Chicken 0.0010 161 323 346 445
Rice_with_Shredded_Chicken 0.0010 495 277 720 491
Rice_with_Shredded_Chicken 0.0010 380 379 494 543
migao 0.0335 271 36 512 300
migao 0.0184 195 78 587 258
migao 0.0106 505 217 740 458
migao 0.0055 143 277 364 521
migao 0.0051 439 255 805 421
migao 0.0031 351 336 525 586
migao 0.0025 527 280 718 396
migao 0.0021 62 314 414 485
migao 0.0015 315 92 499 246
migao 0.0014 -210 -233 516 328
migao 0.0013 481 405 777 655
migao 0.0013 160 337 346 462
migao 0.0011 380 379 494 543
wagui 0.0214 271 36 512 300
wagui 0.0123 195 78 587 258
wagui 0.0072 501 236 745 469
wagui 0.0045 143 277 364 521
wagui 0.0033 351 336 525 586
wagui 0.0019 410 476 497 538
wagui 0.0016 380 379 494 543
wagui 0.0015 527 280 718 396
wagui 0.0013 62 314 414 485
wagui 0.0013 -84 -253 396 362
wagui 0.0010 481 405 777 655
wagui 0.0010 315 92 499 246
wagui 0.0010 424 191 833 503
wagui 0.0010 146 329 330 439
