Kongrou 0.0055 121 -44 199 -10
Kongrou 0.0044 125 -95 204 33
Kongrou 0.0031 59 -71 268 11
Kongrou 0.0022 65 53 264 162
Kongrou 0.0021 115 186 185 223
Kongrou 0.0019 116 135 190 268
Kongrou 0.0017 115 172 207 235
Kongrou 0.0016 88 -139 268 66
Kongrou 0.0015 197 105 297 237
Kongrou 0.0014 103 -71 220 -6
Kongrou 0.0014 50 156 256 247
Kongrou 0.0013 144 95 351 244
Kongrou 0.0011 44 83 272 309
Kongrou 0.0011 131 170 179 230
Rouzaofun 0.0061 71 51 277 163
Rouzaofun 0.0038 121 -44 199 -10
Rouzaofun 0.0033 125 -95 204 33
Rouzaofun 0.0024 59 -71 268 11
Rouzaofun 0.0018 115 172 207 235
Rouzaofun 0.0018 78 149 247 253
Rouzaofun 0.0016 197 105 297 237
Rouzaofun 0.0014 131 170 179 230
Rouzaofun 0.0014 116 135 190 268
Rouzaofun 0.0014 115 186 185 223
Rouzaofun 0.0013 144 95 351 244
Rouzaofun 0.0013 88 -139 268 66
Rouzaofun 0.0010 101 -60 135 23
Rouzaofun 0.0010 -34 3 229 181
Rice_with_Shredded_Chicken 0.0077 107 32 242 178
Rice_with_Shredded_Chicken 0.0039 121 -44 199 -10
Rice_with_Shredded_Chicken 0.0034 125 -95 204 33
Rice_with_Shredded_Chicken 0.0025 59 -71 268 11
Rice_with_Shredded_Chicken 0.0020 115 172 207 235
Rice_with_Shredded_Chicken 0.0017 11 -11 105 119
Rice_with_Shredded_Chicken 0.0017 88 -139 268 66
Rice_with_Shredded_Chicken 0.0014 116 135 190 268
Rice_with_Shredded_Chicken 0.0013 78 149 247 253
Rice_with_Shredded_Chicken 0.0012 131 170 179 230
Rice_with_Shredded_Chicken 0.0012 115 186 185 223
Rice_with_Shredded_Chicken 0.0011 197 105 297 237
Rice_with_Shredded_Chicken 0.0010 103 -71 220 -6
Rice_with_Shredded_Chicken 0.0010 -42 -14 147 114
Rice_with_Shredded_Chicken 0.0010 144 95 351 244
migao 0.0070 71 51 277 163
migao 0.0052 121 -44 199 -10
migao 0.0039 125 -95 204 33
migao 0.0028 59 -71 268 11
migao 0.0023 115 186 185 223
migao 0.0022 115 172 207 235
migao 0.0018 116 135 190 268
migao 0.0016 78 149 247 253
migao 0.0014 131 170 179 230
migao 0.0014 144 95 351 244
migao 0.0012 88 -139 268 66
migao 0.0012 103 -71 220 -6
migao 0.0012 101 -60 135 23
migao 0.0011 44 83 272 309
migao 0.0010 197 105 297 237
migao 0.0010 114 -65 143 28
wagui 0.1213 107 32 242 178
wagui 0.0115 11 -11 105 119
wagui 0.0037 121 -44 199 -10
wagui 0.0027 125 -95 204 33
wagui 0.0025 59 -71 268 11
wagui 0.0024 -42 -14 147 114
wagui 0.0024 -6 13 286 169
wagui 0.0023 162 -3 290 112
wagui 0.0018 144 95 351 244
wagui 0.0017 197 105 297 237
wagui 0.0016 115 186 185 223
wagui 0.0015 88 -139 268 66
wagui 0.0014 77 -62 165 -15
wagui 0.0014 131 170 179 230
wagui 0.0013 78 149 247 253
wagui 0.0012 116 135 190 268
wagui 0.0010 115 172 207 235
wagui 0.0010 44 83 272 309
