Kongrou 0.0056 -8 17 284 166
Kongrou 0.0024 138 5 231 104
Kongrou 0.0023 123 -49 199 -6
Kongrou 0.0022 123 -96 205 35
Kongrou 0.0017 116 136 191 267
Kongrou 0.0017 111 186 188 222
Kongrou 0.0013 59 -78 268 17
Kongrou 0.0012 50 158 256 245
Kongrou 0.0011 134 176 176 225
Kongrou 0.0010 194 -13 265 63
Rouzaofun 0.0770 -8 17 284 166
Rouzaofun 0.0026 123 -49 199 -6
Rouzaofun 0.0021 123 53 247 161
Rouzaofun 0.0018 123 -96 205 35
Rouzaofun 0.0017 96 161 216 238
Rouzaofun 0.0014 111 186 188 222
Rouzaofun 0.0014 194 -13 265 63
Rouzaofun 0.0014 134 176 176 225
Rouzaofun 0.0013 116 136 191 267
Rouzaofun 0.0012 59 -78 268 17
Rouzaofun 0.0011 49 53 224 211
Rice_with_Shredded_Chicken 0.0076 46 2 230 178
Rice_with_Shredded_Chicken 0.0027 123 -49 199 -6
Rice_with_Shredded_Chicken 0.0018 123 -96 205 35
Rice_with_Shredded_Chicken 0.0013 96 161 216 238
Rice_with_Shredded_Chicken 0.0013 59 -78 268 17
Rice_with_Shredded_Chicken 0.0012 116 136 191 267
Rice_with_Shredded_Chicken 0.0012 111 186 188 222
Rice_with_Shredded_Chicken 0.0011 194 -13 265 63
Rice_with_Shredded_Chicken 0.0011 134 176 176 225
Rice_with_Shredded_Chicken 0.0011 -1 65 280 199
Rice_with_Shredded_Chicken 0.0010 -11 -134 202 63
migao 0.0386 -8 17 284 166
migao 0.0029 123 -49 199 -6
migao 0.0020 111 186 188 222
migao 0.0020 123 -96 205 35
migao 0.0016 116 136 191 267
migao 0.0014 59 -78 268 17
migao 0.0013 134 176 176 225
migao 0.0012 194 -13 265 63
migao 0.0012 96 161 216 238
migao 0.0010 138 5 231 104
wagui 0.5562 -8 17 284 166
wagui 0.0037 99 51 249 163
wagui 0.0027 13 -12 104 99
wagui 0.0026 22 63 296 200
wagui 0.0024 194 -13 265 63
wagui 0.0019 123 -49 199 -6
wagui 0.0018 138 5 231 104
wagui 0.0017 33 19 126 151
wagui 0.0017 123 -96 205 35
wagui 0.0013 59 -78 268 17
wagui 0.0012 134 176 176 225
wagui 0.0012 96 161 216 238
wagui 0.0011 111 186 188 222
wagui 0.0011 116 136 191 267
