Kongrou 0.2666 167 -27 752 495
Kongrou 0.0079 287 -73 664 398
Kongrou 0.0045 31 439 291 606
Kongrou 0.0013 26 -152 778 261
Rouzaofun 0.0160 167 -27 752 495
Rouzaofun 0.0109 31 439 291 606
Rice_with_Shredded_Chicken 0.0424 167 -27 752 495
Rice_with_Shredded_Chicken 0.0089 31 439 291 606
Rice_with_Shredded_Chicken 0.0011 287 -73 664 398
migao 0.2126 167 -27 752 495
migao 0.0078 31 439 291 606
migao 0.0021 287 -73 664 398
wagui 0.0112 167 -27 752 495
wagui 0.0105 31 439 291 606
wagui 0.0012 494 340 766 603
