Kongrou 0.6092 55 -25 457 314
Kongrou 0.0098 224 -118 373 -38
Kongrou 0.0069 226 -199 383 34
Kongrou 0.0054 132 -164 476 -1
Kongrou 0.0047 115 43 375 304
Kongrou 0.0039 151 287 300 381
Kongrou 0.0033 337 136 476 297
Kongrou 0.0032 99 0 273 267
Kongrou 0.0020 173 -235 497 53
Kongrou 0.0017 183 -2 424 269
Kongrou 0.0015 8 -339 589 144
Kongrou 0.0014 146 -145 304 -51
Kongrou 0.0012 207 326 348 383
Kongrou 0.0011 286 162 527 271
Kongrou 0.0011 219 218 351 476
Kongrou 0.0011 195 296 403 407
Kongrou 0.0010 -6 -51 516 186
Rouzaofun 0.0869 29 -44 479 333
Rouzaofun 0.0077 224 -118 373 -38
Rouzaofun 0.0055 226 -199 383 34
Rouzaofun 0.0046 132 -164 476 -1
Rouzaofun 0.0032 337 136 476 297
Rouzaofun 0.0018 82 56 444 288
Rouzaofun 0.0018 187 -148 251 26
Rouzaofun 0.0017 8 -339 589 144
Rouzaofun 0.0016 286 162 527 271
Rouzaofun 0.0016 143 -255 436 63
Rouzaofun 0.0012 151 287 300 381
Rouzaofun 0.0012 195 296 403 407
Rouzaofun 0.0011 112 246 492 447
Rouzaofun 0.0010 58 -120 396 -2
Rice_with_Shredded_Chicken 0.0971 29 -44 479 333
Rice_with_Shredded_Chicken 0.0075 224 -118 373 -38
Rice_with_Shredded_Chicken 0.0053 226 -199 383 34
Rice_with_Shredded_Chicken 0.0046 132 -164 476 -1
Rice_with_Shredded_Chicken 0.0024 8 -339 589 144
Rice_with_Shredded_Chicken 0.0024 82 56 444 288
Rice_with_Shredded_Chicken 0.0019 337 136 476 297
Rice_with_Shredded_Chicken 0.0018 143 -255 436 63
Rice_with_Shredded_Chicken 0.0012 286 162 527 271
Rice_with_Shredded_Chicken 0.0012 195 296 403 407
migao 0.3455 55 -25 457 314
migao 0.0100 224 -118 373 -38
migao 0.0060 226 -199 383 34
migao 0.0052 132 -164 476 -1
migao 0.0029 337 136 476 297
migao 0.0022 187 -148 251 26
migao 0.0019 8 -339 589 144
migao 0.0018 173 -235 497 53
migao 0.0016 286 162 527 271
migao 0.0015 151 287 300 381
migao 0.0014 195 296 403 407
migao 0.0013 207 326 348 383
migao 0.0013 115 43 375 304
migao 0.0011 219 218 351 476
migao 0.0010 112 246 492 447
migao 0.0010 58 -120 396 -2
wagui 0.0974 66 -30 434 317
wagui 0.0051 224 -118 373 -38
wagui 0.0046 226 -199 383 34
wagui 0.0043 132 -164 476 -1
wagui 0.0042 151 287 300 381
wagui 0.0030 8 -339 589 144
wagui 0.0025 337 136 476 297
wagui 0.0020 146 -145 304 -51
wagui 0.0014 164 -278 501 88
wagui 0.0013 286 162 527 271
wagui 0.0011 187 -148 251 26
wagui 0.0011 102 -3 309 270
