Kongrou 0.0536 605 255 794 512
Kongrou 0.0508 462 71 689 358
Kongrou 0.0377 30 32 261 243
Kongrou 0.0247 243 71 449 357
Kongrou 0.0142 375 128 746 301
Kongrou 0.0093 17 202 121 289
Kongrou 0.0085 187 332 382 528
Kongrou 0.0076 363 316 575 543
Kongrou 0.0069 195 110 495 289
Kongrou 0.0063 44 69 215 207
Kongrou 0.0049 622 295 775 442
Kongrou 0.0049 266 132 425 266
Kongrou 0.0039 576 285 853 452
Kongrou 0.0038 490 143 662 288
Kongrou 0.0035 504 443 741 602
Kongrou 0.0033 106 83 246 224
Kongrou 0.0028 272 189 419 302
Kongrou 0.0025 21 -86 779 688
Kongrou 0.0024 71 6 250 85
Kongrou 0.0021 384 349 551 480
Kongrou 0.0018 447 213 552 340
Kongrou 0.0013 131 19 788 466
Kongrou 0.0012 320 119 433 219
Rouzaofun 0.1096 243 71 449 357
Rouzaofun 0.1039 28 48 263 257
Rouzaofun 0.0944 462 71 689 358
Rouzaofun 0.0895 605 255 794 512
Rouzaofun 0.0326 17 202 121 289
Rouzaofun 0.0274 394 129 757 300
Rouzaofun 0.0274 187 332 382 528
Rouzaofun 0.0210 195 110 495 289
Rouzaofun 0.0210 363 313 574 516
Rouzaofun 0.0164 44 81 215 224
Rouzaofun 0.0130 269 143 422 286
Rouzaofun 0.0128 508 453 737 622
Rouzaofun 0.0093 622 295 775 442
Rouzaofun 0.0092 576 285 853 452
Rouzaofun 0.0086 108 71 243 206
Rouzaofun 0.0080 69 19 253 102
Rouzaofun 0.0066 490 143 662 288
Rouzaofun 0.0051 381 344 555 455
Rouzaofun 0.0029 254 199 437 323
Rouzaofun 0.0028 447 213 552 340
Rouzaofun 0.0026 -10 151 150 341
Rouzaofun 0.0023 65 67 733 531
Rouzaofun 0.0022 547 509 698 597
Rouzaofun 0.0021 507 468 675 576
Rouzaofun 0.0020 237 376 361 515
Rouzaofun 0.0019 38 52 252 162
Rouzaofun 0.0017 425 93 603 368
Rouzaofun 0.0015 163 167 497 355
Rouzaofun 0.0015 189 344 348 455
Rouzaofun 0.0013 253 114 406 223
Rouzaofun 0.0013 320 119 433 219
Rouzaofun 0.0011 618 343 750 487
Rouzaofun 0.0011 52 -18 271 141
Rouzaofun 0.0011 467 125 623 244
Rouzaofun 0.0011 35 453 303 666
Rouzaofun 0.0011 462 182 628 310
Rice_with_Shredded_Chicken 0.0842 28 48 263 257
Rice_with_Shredded_Chicken 0.0806 605 255 794 512
Rice_with_Shredded_Chicken 0.0589 243 71 449 357
Rice_with_Shredded_Chicken 0.0586 17 202 121 289
Rice_with_Shredded_Chicken 0.0510 462 71 689 358
Rice_with_Shredded_Chicken 0.0286 187 332 382 528
Rice_with_Shredded_Chicken 0.0209 394 129 757 300
Rice_with_Shredded_Chicken 0.0155 363 313 574 516
Rice_with_Shredded_Chicken 0.0139 195 110 495 289
Rice_with_Shredded_Chicken 0.0091 59 98 232 238
Rice_with_Shredded_Chicken 0.0087 493 441 721 604
Rice_with_Shredded_Chicken 0.0074 576 285 853 452
Rice_with_Shredded_Chicken 0.0067 266 132 425 266
Rice_with_Shredded_Chicken 0.0054 622 295 775 442
Rice_with_Shredded_Chicken 0.0051 69 19 253 102
Rice_with_Shredded_Chicken 0.0039 381 344 555 455
Rice_with_Shredded_Chicken 0.0038 108 71 243 206
Rice_with_Shredded_Chicken 0.0036 272 189 419 302
Rice_with_Shredded_Chicken 0.0032 42 59 217 186
Rice_with_Shredded_Chicken 0.0028 490 143 662 288
Rice_with_Shredded_Chicken 0.0025 21 -86 779 688
Rice_with_Shredded_Chicken 0.0023 -10 151 150 341
Rice_with_Shredded_Chicken 0.0015 237 376 361 515
Rice_with_Shredded_Chicken 0.0014 447 213 552 340
Rice_with_Shredded_Chicken 0.0014 189 344 348 455
Rice_with_Shredded_Chicken 0.0014 129 60 671 545
Rice_with_Shredded_Chicken 0.0012 35 453 303 666
Rice_with_Shredded_Chicken 0.0011 547 509 698 597
Rice_with_Shredded_Chicken 0.0011 507 468 675 576
migao 0.1322 605 255 794 512
migao 0.1272 28 48 263 257
migao 0.0879 462 71 689 358
migao 0.0732 17 202 121 289
migao 0.0728 243 71 449 357
migao 0.0294 394 129 757 300
migao 0.0236 187 332 382 528
migao 0.0187 195 110 495 289
migao 0.0143 44 81 215 224
migao 0.0130 363 316 575 543
migao 0.0107 505 464 708 581
migao 0.0107 576 285 853 452
migao 0.0098 69 19 253 102
migao 0.0092 269 143 422 286
migao 0.0070 622 295 775 442
migao 0.0059 384 349 551 480
migao 0.0057 108 71 243 206
migao 0.0041 490 143 662 288
migao 0.0034 447 213 552 340
migao 0.0022 254 199 437 323
migao 0.0019 547 509 698 597
migao 0.0017 237 376 361 515
migao 0.0016 38 52 252 162
migao 0.0016 117 -31 797 629
migao 0.0013 518 445 758 630
migao 0.0013 189 344 348 455
migao 0.0013 -10 151 150 341
migao 0.0011 320 119 433 219
migao 0.0011 163 167 497 355
migao 0.0010 253 114 406 223
migao 0.0010 425 93 603 368
wagui 0.1594 17 202 121 289
wagui 0.1477 28 48 263 257
wagui 0.0750 605 255 794 512
wagui 0.0432 187 332 382 528
wagui 0.0383 243 71 449 357
wagui 0.0379 462 71 689 358
wagui 0.0198 69 19 253 102
wagui 0.0180 59 98 232 238
wagui 0.0177 394 129 757 300
wagui 0.0115 195 110 495 289
wagui 0.0113 363 316 575 543
wagui 0.0086 108 71 243 206
wagui 0.0072 576 285 853 452
wagui 0.0066 42 59 217 186
wagui 0.0053 266 132 425 266
wagui 0.0053 622 295 775 442
wagui 0.0050 493 441 721 604
wagui 0.0042 272 189 419 302
wagui 0.0038 381 344 555 455
wagui 0.0034 447 213 552 340
wagui 0.0033 189 344 348 455
wagui 0.0031 -10 151 150 341
wagui 0.0031 237 376 361 515
wagui 0.0019 490 143 662 288
wagui 0.0018 320 119 433 219
wagui 0.0017 -11 375 58 453
wagui 0.0016 12 173 125 256
wagui 0.0015 21 -86 779 688
wagui 0.0012 52 -18 271 141
wagui 0.0011 124 141 228 227
wagui 0.0010 507 468 675 576
wagui 0.0010 547 509 698 597
wagui 0.0010 152 23 262 129
