Kongrou 0.1294 -29 45 514 496
Kongrou 0.0194 -26 314 500 635
Kongrou 0.0040 -80 -17 561 270
Kongrou 0.0023 131 330 424 677
Rouzaofun 0.0294 -28 15 507 625
Rouzaofun 0.0028 -26 314 500 635
Rouzaofun 0.0010 5 -24 467 376
Rice_with_Shredded_Chicken 0.0194 -28 15 507 625
Rice_with_Shredded_Chicken 0.0037 -26 314 500 635
Rice_with_Shredded_Chicken 0.0025 131 330 424 677
Rice_with_Shredded_Chicken 0.0010 5 -24 467 376
migao 0.0500 -28 15 507 625
migao 0.0037 34 252 435 681
migao 0.0021 5 -24 467 376
wagui 0.0568 -28 15 507 625
wagui 0.0180 -26 314 500 635
wagui 0.0110 131 330 424 677
wagui 0.0056 -94 -17 570 379
