Kongrou 0.2328 -29 -36 584 526
Kongrou 0.0055 238 -69 532 330
Kongrou 0.0024 76 -6 630 334
Kongrou 0.0016 524 348 792 649
Kongrou 0.0014 599 531 906 776
Kongrou 0.0013 519 453 1009 889
Rouzaofun 0.0174 -52 -58 605 535
Rouzaofun 0.0016 524 348 792 649
Rouzaofun 0.0014 620 55 779 190
Rouzaofun 0.0012 599 531 906 776
Rouzaofun 0.0011 -145 429 343 907
Rouzaofun 0.0010 519 453 1009 889
Rice_with_Shredded_Chicken 0.0282 -29 -36 584 526
Rice_with_Shredded_Chicken 0.0019 524 348 792 649
Rice_with_Shredded_Chicken 0.0010 491 383 1042 939
Rice_with_Shredded_Chicken 0.0010 599 531 906 776
Rice_with_Shredded_Chicken 0.0010 -113 453 427 895
migao 0.0880 -29 -36 584 526
migao 0.0018 524 348 792 649
migao 0.0014 519 453 1009 889
migao 0.0014 620 55 779 190
migao 0.0011 76 -6 630 334
migao 0.0011 -145 429 343 907
migao 0.0011 599 531 906 776
migao 0.0010 238 -69 532 330
wagui 0.0129 -29 -36 584 526
wagui 0.0026 238 -69 532 330
wagui 0.0022 620 55 779 190
wagui 0.0012 76 -6 630 334
wagui 0.0012 82 106 272 323
wagui 0.0011 491 383 1042 939
wagui 0.0011 524 348 792 649
