Kongrou 0.0579 25 210 235 434
Kongrou 0.0445 272 68 511 331
Kongrou 0.0132 206 101 576 266
Kongrou 0.0071 388 264 611 473
Kongrou 0.0058 208 341 423 549
Kongrou 0.0053 287 125 496 274
Kongrou 0.0030 122 -31 323 154
Kongrou 0.0028 -2 -34 796 631
Kongrou 0.0027 618 283 812 514
Kongrou 0.0023 97 247 225 429
Kongrou 0.0015 -62 244 292 400
Rouzaofun 0.1124 25 210 235 434
Rouzaofun 0.0839 272 68 511 331
Rouzaofun 0.0233 206 101 576 266
Rouzaofun 0.0123 208 341 423 549
Rouzaofun 0.0098 618 283 812 514
Rouzaofun 0.0091 391 277 608 490
Rouzaofun 0.0085 287 125 496 274
Rouzaofun 0.0047 97 247 225 429
Rouzaofun 0.0043 -2 -34 796 631
Rouzaofun 0.0034 144 -2 301 126
Rouzaofun 0.0033 -62 244 292 400
Rouzaofun 0.0028 644 324 785 475
Rouzaofun 0.0023 98 -30 316 154
Rouzaofun 0.0016 544 17 778 364
Rice_with_Shredded_Chicken 0.0953 25 210 235 434
Rice_with_Shredded_Chicken 0.0480 272 68 511 331
Rice_with_Shredded_Chicken 0.0187 206 101 576 266
Rice_with_Shredded_Chicken 0.0108 208 341 423 549
Rice_with_Shredded_Chicken 0.0090 544 17 778 364
Rice_with_Shredded_Chicken 0.0070 391 277 608 490
Rice_with_Shredded_Chicken 0.0066 618 283 812 514
Rice_with_Shredded_Chicken 0.0038 287 125 496 274
Rice_with_Shredded_Chicken 0.0030 144 -22 651 626
Rice_with_Shredded_Chicken 0.0025 -62 244 292 400
Rice_with_Shredded_Chicken 0.0021 122 -31 323 154
Rice_with_Shredded_Chicken 0.0019 97 247 225 429
Rice_with_Shredded_Chicken 0.0017 644 324 785 475
migao 0.1383 25 210 235 434
migao 0.0820 272 68 511 331
migao 0.0267 206 101 576 266
migao 0.0103 208 341 423 549
migao 0.0080 391 277 608 490
migao 0.0059 618 283 812 514
migao 0.0055 287 125 496 274
migao 0.0037 -2 -34 796 631
migao 0.0035 -62 244 292 400
migao 0.0031 126 2 288 120
migao 0.0030 97 247 225 429
migao 0.0022 544 17 778 364
migao 0.0022 644 324 785 475
migao 0.0020 98 -30 316 154
wagui 0.1318 25 210 235 434
wagui 0.0557 272 68 511 331
wagui 0.0224 208 341 423 549
wagui 0.0193 206 101 576 266
wagui 0.0099 388 264 611 473
wagui 0.0067 618 283 812 514
wagui 0.0055 -2 -34 796 631
wagui 0.0051 544 17 778 364
wagui 0.0047 126 2 288 120
wagui 0.0039 287 125 496 274
wagui 0.0031 97 247 225 429
wagui 0.0028 98 -30 316 154
wagui 0.0028 -62 244 292 400
wagui 0.0021 213 368 384 494
wagui 0.0020 644 324 785 475
wagui 0.0014 396 492 602 584
