Kongrou 0.0038 212 239 491 642
Kongrou 0.0035 422 56 669 312
Rouzaofun 0.1427 212 239 491 642
Rouzaofun 0.0138 77 282 630 592
Rouzaofun 0.0063 422 56 669 312
Rouzaofun 0.0018 70 -44 332 244
Rouzaofun 0.0015 324 25 812 362
Rouzaofun 0.0015 356 95 766 273
Rouzaofun 0.0014 296 0 487 91
Rouzaofun 0.0013 55 -176 740 286
Rouzaofun 0.0013 462 118 629 250
Rouzaofun 0.0013 495 420 765 635
Rouzaofun 0.0012 265 315 518 576
Rouzaofun 0.0011 493 -2 661 33
Rice_with_Shredded_Chicken 0.0131 440 -10 694 391
Rice_with_Shredded_Chicken 0.0061 212 239 491 642
Rice_with_Shredded_Chicken 0.0038 409 58 651 310
Rice_with_Shredded_Chicken 0.0038 77 282 630 592
Rice_with_Shredded_Chicken 0.0022 324 25 812 362
Rice_with_Shredded_Chicken 0.0015 296 0 487 91
Rice_with_Shredded_Chicken 0.0014 495 420 765 635
Rice_with_Shredded_Chicken 0.0011 493 -2 661 33
Rice_with_Shredded_Chicken 0.0010 356 95 766 273
Rice_with_Shredded_Chicken 0.0010 70 -44 332 244
Rice_with_Shredded_Chicken 0.0010 55 -176 740 286
migao 0.0787 212 239 491 642
migao 0.0131 77 282 630 592
migao 0.0070 440 -10 694 391
migao 0.0043 409 58 651 310
migao 0.0024 324 25 812 362
migao 0.0017 296 0 487 91
migao 0.0014 493 -2 661 33
migao 0.0014 356 95 766 273
migao 0.0011 119 51 264 163
migao 0.0010 70 -44 332 244
migao 0.0010 498 4 656 56
wagui 0.0887 440 -10 694 391
wagui 0.0456 212 239 491 642
wagui 0.0114 77 282 630 592
wagui 0.0102 324 25 812 362
wagui 0.0074 409 58 651 310
wagui 0.0043 493 -2 661 33
wagui 0.0042 70 -44 332 244
wagui 0.0041 296 0 487 91
wagui 0.0025 498 4 656 56
wagui 0.0025 119 51 264 163
wagui 0.0018 462 118 629 250
wagui 0.0017 55 -176 740 286
wagui 0.0014 356 95 766 273
wagui 0.0010 267 -21 518 143
wagui 0.0010 495 420 765 635
