Kongrou 0.0096 22 13 195 178
Kongrou 0.0011 72 -9 121 78
Kongrou 0.0011 82 35 185 167
Kongrou 0.0010 239 -2 264 22
Rouzaofun 0.0436 15 39 202 189
Rouzaofun 0.0014 72 -9 121 78
Rouzaofun 0.0013 235 1 256 57
Rouzaofun 0.0012 80 0 112 60
Rice_with_Shredded_Chicken 0.0954 15 39 202 189
Rice_with_Shredded_Chicken 0.0017 235 1 256 57
Rice_with_Shredded_Chicken 0.0013 72 -9 121 78
Rice_with_Shredded_Chicken 0.0011 80 0 112 60
migao 0.0308 15 39 202 189
migao 0.0020 235 1 256 57
migao 0.0013 239 -2 264 22
migao 0.0012 80 0 112 60
migao 0.0010 72 -9 121 78
migao 0.0010 65 18 182 164
wagui 0.6572 10 22 204 179
wagui 0.0056 82 35 185 167
wagui 0.0040 235 1 256 57
wagui 0.0026 15 47 133 175
wagui 0.0024 239 -2 264 22
wagui 0.0021 31 18 157 145
wagui 0.0019 41 -19 148 87
wagui 0.0013 80 0 112 60
wagui 0.0012 72 -9 121 78
