Kongrou 0.0679 5 14 253 139
Kongrou 0.0068 78 1 191 144
Kongrou 0.0010 74 174 155 213
Rouzaofun 0.0132 0 10 259 181
Rouzaofun 0.0013 63 11 186 152
Rouzaofun 0.0011 132 204 161 233
Rice_with_Shredded_Chicken 0.0273 0 10 259 181
Rice_with_Shredded_Chicken 0.0016 63 11 186 152
Rice_with_Shredded_Chicken 0.0014 132 204 161 233
migao 0.0344 5 14 253 139
migao 0.0025 63 11 186 152
migao 0.0013 132 204 161 233
migao 0.0010 37 32 219 203
migao 0.0010 82 182 161 206
wagui 0.2932 5 14 253 139
wagui 0.0176 63 11 186 152
wagui 0.0024 37 32 219 203
wagui 0.0014 74 174 155 213
wagui 0.0013 132 204 161 233
wagui 0.0012 29 13 139 150
wagui 0.0010 69 184 154 204
