Kongrou 0.0428 36 73 642 657
Kongrou 0.0238 193 140 510 616
Kongrou 0.0110 256 66 754 441
Kongrou 0.0019 342 451 553 856
Kongrou 0.0014 -112 444 430 896
Kongrou 0.0014 275 522 494 675
Kongrou 0.0013 240 509 655 795
Kongrou 0.0012 405 630 502 724
Rouzaofun 0.0111 93 204 612 550
Rouzaofun 0.0097 193 140 510 616
Rouzaofun 0.0037 69 25 723 574
Rouzaofun 0.0021 256 66 754 441
Rouzaofun 0.0021 346 528 530 785
Rouzaofun 0.0019 275 522 494 675
Rouzaofun 0.0017 405 630 502 724
Rouzaofun 0.0014 240 509 655 795
Rouzaofun 0.0013 285 562 469 606
Rouzaofun 0.0011 100 -218 414 50
Rouzaofun 0.0011 -112 444 430 896
Rouzaofun 0.0011 394 609 543 714
Rice_with_Shredded_Chicken 0.0066 94 226 611 589
Rice_with_Shredded_Chicken 0.0065 69 25 723 574
Rice_with_Shredded_Chicken 0.0028 256 66 754 441
Rice_with_Shredded_Chicken 0.0020 346 528 530 785
Rice_with_Shredded_Chicken 0.0018 405 630 502 724
Rice_with_Shredded_Chicken 0.0016 202 159 502 657
Rice_with_Shredded_Chicken 0.0015 240 509 655 795
Rice_with_Shredded_Chicken 0.0015 -112 444 430 896
Rice_with_Shredded_Chicken 0.0013 100 -218 414 50
Rice_with_Shredded_Chicken 0.0010 394 609 543 714
migao 0.0153 69 25 723 574
migao 0.0136 93 204 612 550
migao 0.0079 193 140 510 616
migao 0.0065 256 66 754 441
migao 0.0027 346 528 530 785
migao 0.0017 275 522 494 675
migao 0.0017 405 630 502 724
migao 0.0014 240 509 655 795
migao 0.0014 285 562 469 606
migao 0.0013 -112 444 430 896
migao 0.0010 394 609 543 714
migao 0.0010 469 462 1064 882
wagui 0.0025 111 24 679 587
wagui 0.0022 275 522 494 675
wagui 0.0017 285 562 469 606
wagui 0.0017 405 630 502 724
wagui 0.0015 342 451 553 856
wagui 0.0014 129 444 674 877
wagui 0.0013 -112 444 430 896
wagui 0.0011 63 207 583 547
wagui 0.0010 100 -218 414 50
