Kongrou 0.0151 63 67 624 527
Kongrou 0.0037 381 -96 615 2
Kongrou 0.0032 389 -245 629 132
Kongrou 0.0024 489 471 774 648
Kongrou 0.0024 189 -179 826 72
Kongrou 0.0014 374 -137 689 36
Rouzaofun 0.0333 79 91 588 513
Rouzaofun 0.0074 23 -44 769 641
Rouzaofun 0.0035 489 471 774 648
Rouzaofun 0.0025 381 -96 615 2
Rouzaofun 0.0023 389 -245 629 132
Rouzaofun 0.0017 189 -179 826 72
Rouzaofun 0.0016 374 -137 689 36
Rouzaofun 0.0011 9 -153 385 45
Rouzaofun 0.0010 -145 202 207 639
Rice_with_Shredded_Chicken 0.2990 79 91 588 513
Rice_with_Shredded_Chicken 0.0114 23 -44 769 641
Rice_with_Shredded_Chicken 0.0048 489 471 774 648
Rice_with_Shredded_Chicken 0.0026 389 -245 629 132
Rice_with_Shredded_Chicken 0.0021 381 -96 615 2
Rice_with_Shredded_Chicken 0.0017 189 -179 826 72
Rice_with_Shredded_Chicken 0.0014 374 -137 689 36
Rice_with_Shredded_Chicken 0.0012 9 -153 385 45
Rice_with_Shredded_Chicken 0.0011 -145 202 207 639
Rice_with_Shredded_Chicken 0.0010 354 357 900 767
migao 0.0665 79 91 588 513
migao 0.0038 23 -44 769 641
migao 0.0037 381 -96 615 2
migao 0.0029 389 -245 629 132
migao 0.0025 489 471 774 648
migao 0.0021 189 -179 826 72
migao 0.0017 374 -137 689 36
migao 0.0011 -145 202 207 639
wagui 0.0217 79 91 588 513
wagui 0.0039 489 471 774 648
wagui 0.0026 23 -44 769 641
wagui 0.0025 381 -96 615 2
wagui 0.0020 189 -179 826 72
wagui 0.0019 389 -245 629 132
wagui 0.0013 540 -72 967 516
wagui 0.0011 618 -196 881 90
