Kongrou 0.1230 78 10 725 595
Kongrou 0.0022 161 83 606 486
Kongrou 0.0020 -9 127 116 425
Kongrou 0.0011 432 604 567 718
Kongrou 0.0011 -94 464 411 877
Kongrou 0.0010 21 -78 778 312
Rouzaofun 0.1992 125 18 679 570
Rouzaofun 0.0068 -9 127 116 425
Rouzaofun 0.0035 231 7 596 439
Rouzaofun 0.0015 432 604 567 718
Rouzaofun 0.0011 -42 181 180 402
Rouzaofun 0.0011 3 203 134 379
Rouzaofun 0.0010 407 630 499 724
Rouzaofun 0.0010 382 547 616 776
Rice_with_Shredded_Chicken 0.0636 125 18 679 570
Rice_with_Shredded_Chicken 0.0037 -9 127 116 425
Rice_with_Shredded_Chicken 0.0013 432 604 567 718
Rice_with_Shredded_Chicken 0.0012 -94 464 411 877
Rice_with_Shredded_Chicken 0.0012 407 630 499 724
Rice_with_Shredded_Chicken 0.0011 13 556 382 752
migao 0.3574 125 18 679 570
migao 0.0043 -9 127 116 425
migao 0.0014 432 604 567 718
migao 0.0014 361 527 516 788
migao 0.0012 231 7 596 439
migao 0.0011 407 630 499 724
migao 0.0010 -94 464 411 877
wagui 0.0467 125 18 679 570
wagui 0.0028 -9 127 116 425
wagui 0.0015 432 604 567 718
wagui 0.0015 267 562 486 606
wagui 0.0011 407 630 499 724
