Kongrou 0.0524 108 52 197 132
Kongrou 0.0046 191 -8 276 55
Kongrou 0.0045 132 -121 227 23
Kongrou 0.0044 97 1 173 33
Kongrou 0.0044 134 -74 217 -18
Kongrou 0.0033 33 1 98 33
Kongrou 0.0032 209 2 269 44
Kongrou 0.0027 79 -98 277 0
Kongrou 0.0020 116 181 212 232
Kongrou 0.0019 118 140 217 267
Kongrou 0.0018 86 169 177 222
Kongrou 0.0018 -77 22 111 156
Kongrou 0.0016 50 148 284 259
Kongrou 0.0013 86 -11 184 46
Kongrou 0.0012 70 71 223 136
Kongrou 0.0012 75 -155 267 42
Kongrou 0.0011 -27 18 62 160
Rouzaofun 0.0771 110 52 195 144
Rouzaofun 0.0153 196 1 270 45
Rouzaofun 0.0132 33 1 98 33
Rouzaofun 0.0128 97 1 173 33
Rouzaofun 0.0064 93 69 223 126
Rouzaofun 0.0039 134 -74 217 -18
Rouzaofun 0.0038 103 62 190 111
Rouzaofun 0.0037 132 -121 227 23
Rouzaofun 0.0035 86 -11 184 46
Rouzaofun 0.0025 79 -98 277 0
Rouzaofun 0.0024 116 181 212 232
Rouzaofun 0.0022 -27 4 62 151
Rouzaofun 0.0019 50 148 284 259
Rouzaofun 0.0019 -78 7 112 149
Rouzaofun 0.0017 211 -11 279 58
Rouzaofun 0.0015 26 -11 106 46
Rouzaofun 0.0014 118 140 217 267
Rouzaofun 0.0013 109 -85 148 13
Rouzaofun 0.0013 86 169 177 222
Rouzaofun 0.0012 110 87 195 132
Rouzaofun 0.0011 75 -155 267 42
Rouzaofun 0.0010 17 -189 333 72
Rouzaofun 0.0010 170 -6 296 53
Rice_with_Shredded_Chicken 0.0508 110 52 195 144
Rice_with_Shredded_Chicken 0.0176 33 1 98 33
Rice_with_Shredded_Chicken 0.0122 97 1 173 33
Rice_with_Shredded_Chicken 0.0077 191 -8 276 55
Rice_with_Shredded_Chicken 0.0045 89 62 227 122
Rice_with_Shredded_Chicken 0.0042 134 -74 217 -18
Rice_with_Shredded_Chicken 0.0042 209 2 269 44
Rice_with_Shredded_Chicken 0.0036 132 -121 227 23
Rice_with_Shredded_Chicken 0.0030 86 -11 184 46
Rice_with_Shredded_Chicken 0.0024 79 -98 277 0
Rice_with_Shredded_Chicken 0.0019 -78 7 112 149
Rice_with_Shredded_Chicken 0.0017 56 -141 291 30
Rice_with_Shredded_Chicken 0.0017 26 -11 106 46
Rice_with_Shredded_Chicken 0.0017 116 181 212 232
Rice_with_Shredded_Chicken 0.0017 -27 4 62 151
Rice_with_Shredded_Chicken 0.0016 50 148 284 259
Rice_with_Shredded_Chicken 0.0015 17 -189 333 72
Rice_with_Shredded_Chicken 0.0014 108 67 185 117
Rice_with_Shredded_Chicken 0.0013 118 140 217 267
migao 0.1164 110 52 195 144
migao 0.0254 33 1 98 33
migao 0.0186 97 1 173 33
migao 0.0155 196 1 270 45
migao 0.0067 77 62 216 122
migao 0.0045 134 -74 217 -18
migao 0.0040 132 -121 227 23
migao 0.0028 116 181 212 232
migao 0.0025 79 -98 277 0
migao 0.0025 86 -11 184 46
migao 0.0023 108 67 185 117
migao 0.0020 118 140 217 267
migao 0.0019 50 148 284 259
migao 0.0018 -59 -10 94 167
migao 0.0018 56 -141 291 30
migao 0.0017 109 -85 148 13
migao 0.0015 -27 18 62 160
migao 0.0011 17 -189 333 72
migao 0.0010 26 -11 106 46
migao 0.0010 211 -11 279 58
wagui 0.0777 108 52 197 132
wagui 0.0735 33 1 98 33
wagui 0.0429 97 1 173 33
wagui 0.0147 196 1 270 45
wagui 0.0062 86 -11 184 46
wagui 0.0040 37 -3 94 15
wagui 0.0035 132 -121 227 23
wagui 0.0030 26 -11 106 46
wagui 0.0029 134 -74 217 -18
wagui 0.0026 79 -98 277 0
wagui 0.0023 -78 7 112 149
wagui 0.0020 -27 4 62 151
wagui 0.0019 70 71 223 136
wagui 0.0018 17 -189 333 72
wagui 0.0017 86 -86 178 -30
wagui 0.0014 56 -141 291 30
wagui 0.0014 118 140 217 267
wagui 0.0013 50 148 284 259
wagui 0.0012 48 -86 144 12
wagui 0.0011 109 -85 148 13
wagui 0.0010 118 86 198 133
