Kongrou 0.0575 11 23 220 167
Kongrou 0.0053 188 -14 267 123
Kongrou 0.0053 121 -12 227 80
Kongrou 0.0031 -6 -14 282 196
Kongrou 0.0028 115 -18 254 126
Kongrou 0.0020 90 19 194 173
Kongrou 0.0018 153 -2 301 112
Kongrou 0.0012 37 11 142 161
Rouzaofun 0.0508 11 23 220 167
Rouzaofun 0.0056 40 55 181 179
Rouzaofun 0.0027 191 1 268 90
Rouzaofun 0.0021 -6 -14 282 196
Rice_with_Shredded_Chicken 0.1691 18 32 215 183
Rice_with_Shredded_Chicken 0.0032 -6 -14 282 196
Rice_with_Shredded_Chicken 0.0027 86 -16 275 110
Rice_with_Shredded_Chicken 0.0016 191 1 268 90
Rice_with_Shredded_Chicken 0.0010 121 -12 227 80
migao 0.1585 11 23 220 167
migao 0.0032 -6 -14 282 196
migao 0.0028 191 1 268 90
migao 0.0015 70 0 299 109
migao 0.0011 121 -12 227 80
migao 0.0011 127 -21 263 130
migao 0.0011 40 55 181 179
wagui 0.0588 11 23 220 167
wagui 0.0018 191 1 268 90
wagui 0.0010 25 29 134 184
wagui 0.0010 -6 -14 282 196
