Kongrou 0.0076 82 24 181 84
Kongrou 0.0065 57 84 136 153
Kongrou 0.0048 164 78 258 140
Kongrou 0.0032 91 36 172 72
Kongrou 0.0018 67 94 126 134
Kongrou 0.0017 61 -1 241 191
Kongrou 0.0015 175 89 247 129
Rouzaofun 0.0614 53 70 134 172
Rouzaofun 0.0191 159 59 248 165
Rouzaofun 0.0176 82 24 181 84
Rouzaofun 0.0087 67 85 146 153
Rouzaofun 0.0066 91 36 172 72
Rouzaofun 0.0059 66 97 127 140
Rouzaofun 0.0050 168 78 264 140
Rouzaofun 0.0027 80 12 168 128
Rouzaofun 0.0027 175 89 247 129
Rouzaofun 0.0018 2 71 167 173
Rouzaofun 0.0013 61 -1 241 191
Rouzaofun 0.0011 125 71 283 172
Rouzaofun 0.0011 -63 -121 123 73
Rouzaofun 0.0011 103 -13 130 14
Rouzaofun 0.0010 125 196 168 232
Rice_with_Shredded_Chicken 0.0274 159 59 248 165
Rice_with_Shredded_Chicken 0.0265 38 66 131 176
Rice_with_Shredded_Chicken 0.0206 82 14 165 109
Rice_with_Shredded_Chicken 0.0180 57 84 136 153
Rice_with_Shredded_Chicken 0.0039 83 36 170 72
Rice_with_Shredded_Chicken 0.0028 67 94 126 134
Rice_with_Shredded_Chicken 0.0028 168 78 264 140
Rice_with_Shredded_Chicken 0.0020 125 71 283 172
Rice_with_Shredded_Chicken 0.0018 55 31 207 77
Rice_with_Shredded_Chicken 0.0015 30 95 153 142
Rice_with_Shredded_Chicken 0.0015 175 89 247 129
Rice_with_Shredded_Chicken 0.0012 45 -89 254 41
Rice_with_Shredded_Chicken 0.0012 11 -142 290 92
Rice_with_Shredded_Chicken 0.0012 103 -13 130 14
Rice_with_Shredded_Chicken 0.0011 -63 -121 123 73
Rice_with_Shredded_Chicken 0.0010 43 11 205 112
Rice_with_Shredded_Chicken 0.0010 125 196 168 232
Rice_with_Shredded_Chicken 0.0010 11 35 250 195
migao 0.0204 57 84 136 153
migao 0.0147 159 59 248 165
migao 0.0146 82 14 165 109
migao 0.0112 38 66 131 176
migao 0.0058 83 36 170 72
migao 0.0044 66 97 127 140
migao 0.0031 168 78 264 140
migao 0.0025 55 31 207 77
migao 0.0021 175 89 247 129
migao 0.0019 30 95 153 142
migao 0.0013 103 -13 130 14
migao 0.0012 45 -89 254 41
migao 0.0010 125 71 283 172
migao 0.0010 125 196 168 232
migao 0.0010 11 -142 290 92
wagui 0.1787 82 14 165 109
wagui 0.1367 159 59 248 165
wagui 0.0665 38 66 131 176
wagui 0.0139 57 84 136 153
wagui 0.0109 83 36 170 72
wagui 0.0041 125 71 283 172
wagui 0.0039 168 78 264 140
wagui 0.0035 43 11 205 112
wagui 0.0030 67 94 126 134
wagui 0.0026 175 89 247 129
wagui 0.0022 57 102 87 135
wagui 0.0020 55 31 207 77
wagui 0.0018 103 -13 130 14
wagui 0.0015 11 -142 290 92
wagui 0.0015 174 108 228 140
wagui 0.0011 30 95 153 142
wagui 0.0011 0 61 170 162
wagui 0.0010 -3 157 48 191
wagui 0.0010 125 196 168 232
wagui 0.0010 45 -89 254 41
