Kongrou 0.0121 158 -21 282 125
Kongrou 0.0065 138 -88 226 -19
Kongrou 0.0065 88 4 211 146
Kongrou 0.0060 132 -136 237 25
Kongrou 0.0039 82 -111 287 0
Kongrou 0.0036 127 -10 242 115
Kongrou 0.0029 130 48 285 150
Kongrou 0.0026 109 10 331 140
Kongrou 0.0025 75 -172 278 46
Kongrou 0.0018 131 -69 207 -35
Kongrou 0.0014 73 -22 282 187
Kongrou 0.0013 112 -97 155 12
Kongrou 0.0010 150 -97 213 13
Kongrou 0.0010 93 171 179 223
Kongrou 0.0010 80 26 175 106
Rouzaofun 0.0086 56 3 304 158
Rouzaofun 0.0063 138 -88 226 -19
Rouzaofun 0.0051 132 -136 237 25
Rouzaofun 0.0040 82 -111 287 0
Rouzaofun 0.0021 75 -172 278 46
Rouzaofun 0.0020 112 -97 155 12
Rouzaofun 0.0014 147 -9 271 135
Rouzaofun 0.0012 34 -77 241 -9
Rouzaofun 0.0012 150 -97 213 13
Rouzaofun 0.0011 153 5 233 103
Rouzaofun 0.0011 130 48 285 150
Rouzaofun 0.0010 126 175 237 241
Rouzaofun 0.0010 115 170 187 225
Rice_with_Shredded_Chicken 0.0125 56 3 304 158
Rice_with_Shredded_Chicken 0.0075 138 -88 226 -19
Rice_with_Shredded_Chicken 0.0049 132 -136 237 25
Rice_with_Shredded_Chicken 0.0039 82 -111 287 0
Rice_with_Shredded_Chicken 0.0026 75 -172 278 46
Rice_with_Shredded_Chicken 0.0021 130 48 285 150
Rice_with_Shredded_Chicken 0.0019 136 -6 258 132
Rice_with_Shredded_Chicken 0.0015 150 -97 213 13
Rice_with_Shredded_Chicken 0.0012 88 4 211 146
Rice_with_Shredded_Chicken 0.0010 112 -97 155 12
Rice_with_Shredded_Chicken 0.0010 126 175 237 241
migao 0.0150 56 3 304 158
migao 0.0078 138 -88 226 -19
migao 0.0058 132 -136 237 25
migao 0.0041 82 -111 287 0
migao 0.0039 136 -6 258 132
migao 0.0026 112 -97 155 12
migao 0.0022 88 4 211 146
migao 0.0020 130 48 285 150
migao 0.0019 150 -97 213 13
migao 0.0019 75 -172 278 46
migao 0.0016 131 -69 207 -35
migao 0.0013 34 -77 241 -9
migao 0.0012 126 175 237 241
migao 0.0010 153 5 233 103
wagui 0.1621 56 3 304 158
wagui 0.0541 147 -9 271 135
wagui 0.0272 130 48 285 150
wagui 0.0242 88 4 211 146
wagui 0.0056 132 -136 237 25
wagui 0.0054 138 -88 226 -19
wagui 0.0041 82 -111 287 0
wagui 0.0028 31 -192 329 64
wagui 0.0022 112 -97 155 12
wagui 0.0018 150 -97 213 13
wagui 0.0017 131 -69 207 -35
wagui 0.0016 153 5 233 103
wagui 0.0014 90 -95 183 -35
wagui 0.0011 34 -77 241 -9
wagui 0.0010 115 170 187 225
