Kongrou 0.1868 105 -12 576 352
Kongrou 0.0099 294 -1 512 364
Kongrou 0.0056 174 341 356 445
Kongrou 0.0053 266 -148 437 -37
Kongrou 0.0047 265 -239 453 46
Kongrou 0.0034 244 384 410 450
Kongrou 0.0030 147 -197 567 3
Kongrou 0.0029 251 255 418 563
Kongrou 0.0027 215 107 588 344
Kongrou 0.0021 81 319 588 501
Kongrou 0.0020 237 348 468 480
Kongrou 0.0011 59 194 636 598
Kongrou 0.0010 156 -314 526 90
Rouzaofun 0.0897 60 -27 539 363
Rouzaofun 0.0047 266 -148 437 -37
Rouzaofun 0.0040 265 -239 453 46
Rouzaofun 0.0027 147 -197 567 3
Rouzaofun 0.0022 237 348 468 480
Rouzaofun 0.0022 244 384 410 450
Rouzaofun 0.0022 251 255 418 563
Rouzaofun 0.0019 144 299 567 518
Rouzaofun 0.0018 212 72 592 334
Rouzaofun 0.0016 143 4 432 311
Rouzaofun 0.0014 174 341 356 445
Rouzaofun 0.0012 236 147 535 294
Rouzaofun 0.0011 122 50 280 252
Rouzaofun 0.0010 296 113 475 328
Rice_with_Shredded_Chicken 0.0511 60 -27 539 363
Rice_with_Shredded_Chicken 0.0054 266 -148 437 -37
Rice_with_Shredded_Chicken 0.0038 265 -239 453 46
Rice_with_Shredded_Chicken 0.0028 147 -197 567 3
Rice_with_Shredded_Chicken 0.0026 212 72 592 334
Rice_with_Shredded_Chicken 0.0022 251 255 418 563
Rice_with_Shredded_Chicken 0.0022 237 348 468 480
Rice_with_Shredded_Chicken 0.0019 244 384 410 450
Rice_with_Shredded_Chicken 0.0016 81 319 588 501
Rice_with_Shredded_Chicken 0.0016 -35 -290 448 73
Rice_with_Shredded_Chicken 0.0013 34 -391 668 159
Rice_with_Shredded_Chicken 0.0011 156 -314 526 90
migao 0.1495 60 -27 539 363
migao 0.0057 212 72 592 334
migao 0.0055 266 -148 437 -37
migao 0.0042 265 -239 453 46
migao 0.0035 244 384 410 450
migao 0.0029 147 -197 567 3
migao 0.0029 251 255 418 563
migao 0.0024 294 -1 512 364
migao 0.0024 237 348 468 480
migao 0.0021 81 319 588 501
migao 0.0021 174 341 356 445
migao 0.0012 -35 -290 448 73
migao 0.0011 243 155 506 309
migao 0.0010 59 194 636 598
migao 0.0010 34 -391 668 159
wagui 0.0168 60 -27 539 363
wagui 0.0048 174 341 356 445
wagui 0.0036 266 -148 437 -37
wagui 0.0036 265 -239 453 46
wagui 0.0029 147 -197 567 3
wagui 0.0024 244 384 410 450
wagui 0.0018 -35 -290 448 73
wagui 0.0018 251 255 418 563
wagui 0.0018 81 319 588 501
wagui 0.0016 34 -391 668 159
wagui 0.0013 173 -170 357 -61
