Kongrou 0.2853 35 41 814 524
Kongrou 0.0174 101 118 520 547
Kongrou 0.0084 452 104 762 557
Kongrou 0.0025 190 -402 787 178
Kongrou 0.0019 238 -25 516 235
Kongrou 0.0019 423 246 834 467
Kongrou 0.0016 226 92 593 441
Kongrou 0.0014 477 192 714 488
Kongrou 0.0013 187 279 791 929
Kongrou 0.0012 298 536 517 668
Kongrou 0.0012 92 -35 756 349
Kongrou 0.0011 339 -433 1036 467
Kongrou 0.0011 394 446 620 806
Kongrou 0.0011 392 566 602 701
Kongrou 0.0010 516 -83 826 163
Rouzaofun 0.0873 35 41 814 524
Rouzaofun 0.0026 -42 197 598 533
Rouzaofun 0.0026 423 246 834 467
Rouzaofun 0.0021 190 -402 787 178
Rouzaofun 0.0014 67 123 426 544
Rouzaofun 0.0013 482 170 742 446
Rouzaofun 0.0012 392 566 602 701
Rouzaofun 0.0011 298 536 517 668
Rouzaofun 0.0010 231 7 537 182
Rice_with_Shredded_Chicken 0.0339 35 41 814 524
Rice_with_Shredded_Chicken 0.0025 190 -402 787 178
Rice_with_Shredded_Chicken 0.0020 -42 197 598 533
Rice_with_Shredded_Chicken 0.0018 423 246 834 467
Rice_with_Shredded_Chicken 0.0013 392 566 602 701
Rice_with_Shredded_Chicken 0.0011 187 279 791 929
migao 0.1658 35 41 814 524
migao 0.0040 101 118 520 547
migao 0.0025 345 159 862 507
migao 0.0024 497 108 779 555
migao 0.0024 163 -332 816 105
migao 0.0023 412 246 813 467
migao 0.0016 392 566 602 701
migao 0.0014 231 7 537 182
migao 0.0012 187 279 791 929
migao 0.0011 394 446 620 806
migao 0.0010 477 192 714 488
wagui 0.0825 35 41 814 524
wagui 0.0127 101 118 520 547
wagui 0.0022 190 -402 787 178
wagui 0.0019 423 246 834 467
wagui 0.0017 231 7 537 182
wagui 0.0015 298 536 517 668
wagui 0.0011 187 279 791 929
