Kongrou 0.0076 128 5 221 145
Kongrou 0.0025 60 105 258 287
Kongrou 0.0020 87 -132 271 57
Kongrou 0.0018 80 169 162 220
Kongrou 0.0017 77 16 251 136
Kongrou 0.0016 120 179 202 230
Kongrou 0.0013 222 146 261 179
Kongrou 0.0012 122 146 207 258
Kongrou 0.0011 87 72 220 163
Kongrou 0.0010 126 -97 204 36
Kongrou 0.0010 112 -93 332 146
Rouzaofun 0.0026 222 146 261 179
Rouzaofun 0.0025 38 10 242 174
Rouzaofun 0.0021 51 95 269 299
Rouzaofun 0.0019 120 179 202 230
Rouzaofun 0.0016 87 -132 271 57
Rouzaofun 0.0012 75 148 252 255
Rouzaofun 0.0011 122 -66 322 122
Rice_with_Shredded_Chicken 0.0281 38 10 242 174
Rice_with_Shredded_Chicken 0.0025 51 95 269 299
Rice_with_Shredded_Chicken 0.0021 128 5 221 145
Rice_with_Shredded_Chicken 0.0020 120 179 202 230
Rice_with_Shredded_Chicken 0.0019 87 -132 271 57
Rice_with_Shredded_Chicken 0.0018 87 72 220 163
Rice_with_Shredded_Chicken 0.0015 222 146 261 179
Rice_with_Shredded_Chicken 0.0011 -69 -55 92 154
Rice_with_Shredded_Chicken 0.0011 -50 -134 120 62
Rice_with_Shredded_Chicken 0.0011 75 148 252 255
Rice_with_Shredded_Chicken 0.0011 -5 -180 329 101
migao 0.0063 38 10 242 174
migao 0.0029 128 5 221 145
migao 0.0025 60 105 258 287
migao 0.0024 120 179 202 230
migao 0.0022 222 146 261 179
migao 0.0014 87 -132 271 57
migao 0.0013 87 72 220 163
migao 0.0012 122 146 207 258
migao 0.0010 126 -97 204 36
migao 0.0010 121 -48 201 -8
migao 0.0010 -69 -55 92 154
wagui 0.2011 38 10 242 174
wagui 0.0428 128 5 221 145
wagui 0.0226 87 72 220 163
wagui 0.0036 222 146 261 179
wagui 0.0023 60 105 258 287
wagui 0.0018 65 22 200 130
wagui 0.0017 87 -132 271 57
wagui 0.0014 -5 -180 329 101
wagui 0.0011 -69 -55 92 154
wagui 0.0011 236 142 267 183
wagui 0.0010 -1 -1 17 20
