Kongrou 0.0915 378 -74 868 612
Kongrou 0.0818 213 18 1025 520
Kongrou 0.0066 -24 -62 232 296
Kongrou 0.0066 77 -81 1120 750
Kongrou 0.0037 443 164 989 740
Kongrou 0.0033 534 -290 871 -77
Kongrou 0.0030 462 745 848 918
Kongrou 0.0029 539 -463 898 77
Kongrou 0.0029 359 681 700 892
Kongrou 0.0024 -5 15 169 267
Kongrou 0.0022 477 543 865 1094
Kongrou 0.0022 247 -550 1140 105
Kongrou 0.0020 240 97 842 415
Kongrou 0.0019 220 608 1118 1029
Kongrou 0.0017 45 -766 1358 306
Kongrou 0.0016 356 34 726 479
Kongrou 0.0012 -243 -130 380 395
Kongrou 0.0012 1010 -16 1228 390
Kongrou 0.0010 1118 117 1212 348
Rouzaofun 0.0110 201 47 1038 579
Rouzaofun 0.0056 -24 -62 232 296
Rouzaofun 0.0028 534 -290 871 -77
Rouzaofun 0.0027 1008 -1 1230 421
Rouzaofun 0.0026 462 745 848 918
Rouzaofun 0.0025 -7 -10 169 247
Rouzaofun 0.0024 539 -463 898 77
Rouzaofun 0.0024 240 97 842 415
Rouzaofun 0.0020 220 608 1118 1029
Rouzaofun 0.0019 335 -616 1030 168
Rouzaofun 0.0019 45 -766 1358 306
Rouzaofun 0.0018 378 -74 868 612
Rouzaofun 0.0017 477 543 865 1094
Rouzaofun 0.0016 307 -396 1122 8
Rouzaofun 0.0014 1118 117 1212 348
Rouzaofun 0.0014 356 34 726 479
Rouzaofun 0.0012 1038 63 1198 311
Rouzaofun 0.0010 -165 -49 326 238
Rouzaofun 0.0010 -243 -130 380 395
Rice_with_Shredded_Chicken 0.0256 191 -37 1025 708
Rice_with_Shredded_Chicken 0.0061 378 -74 868 612
Rice_with_Shredded_Chicken 0.0046 -24 -62 232 296
Rice_with_Shredded_Chicken 0.0031 534 -290 871 -77
Rice_with_Shredded_Chicken 0.0027 247 -550 1140 105
Rice_with_Shredded_Chicken 0.0025 45 -766 1358 306
Rice_with_Shredded_Chicken 0.0023 539 -463 898 77
Rice_with_Shredded_Chicken 0.0022 462 745 848 918
Rice_with_Shredded_Chicken 0.0020 979 -7 1212 426
Rice_with_Shredded_Chicken 0.0017 240 97 842 415
Rice_with_Shredded_Chicken 0.0017 220 608 1118 1029
Rice_with_Shredded_Chicken 0.0017 -7 -10 169 247
Rice_with_Shredded_Chicken 0.0015 477 543 865 1094
Rice_with_Shredded_Chicken 0.0014 443 164 989 740
Rice_with_Shredded_Chicken 0.0013 -81 -590 905 149
Rice_with_Shredded_Chicken 0.0010 1118 117 1212 348
migao 0.0592 213 18 1025 520
migao 0.0270 378 -74 868 612
migao 0.0082 -24 -62 232 296
migao 0.0061 77 -81 1120 750
migao 0.0035 462 745 848 918
migao 0.0035 534 -290 871 -77
migao 0.0030 247 -550 1140 105
migao 0.0026 539 -463 898 77
migao 0.0026 -5 15 169 267
migao 0.0025 240 97 842 415
migao 0.0021 45 -766 1358 306
migao 0.0021 220 608 1118 1029
migao 0.0021 477 543 865 1094
migao 0.0018 1010 -16 1228 390
migao 0.0016 1118 117 1212 348
migao 0.0012 356 34 726 479
migao 0.0011 -243 -130 380 395
migao 0.0011 1038 63 1198 311
migao 0.0010 -165 -49 326 238
migao 0.0010 443 164 989 740
wagui 0.0205 191 -37 1025 708
wagui 0.0086 -24 -62 232 296
wagui 0.0074 378 -74 868 612
wagui 0.0034 -7 -10 169 247
wagui 0.0031 45 -766 1358 306
wagui 0.0029 1010 -16 1228 390
wagui 0.0025 -243 -130 380 395
wagui 0.0025 1118 117 1212 348
wagui 0.0022 534 -290 871 -77
wagui 0.0022 539 -463 898 77
wagui 0.0022 247 -550 1140 105
wagui 0.0020 240 97 842 415
wagui 0.0020 359 681 700 892
wagui 0.0019 443 164 989 740
wagui 0.0018 1038 63 1198 311
wagui 0.0016 -81 -590 905 149
wagui 0.0015 462 745 848 918
wagui 0.0015 220 608 1118 1029
wagui 0.0014 477 543 865 1094
wagui 0.0011 -165 -49 326 238
wagui 0.0011 348 -341 712 -121
