Kongrou 0.0377 265 149 921 560
Kongrou 0.0362 397 60 799 646
Kongrou 0.0060 490 116 796 498
Kongrou 0.0054 107 69 1043 671
Kongrou 0.0053 394 182 893 432
Kongrou 0.0030 33 21 393 381
Kongrou 0.0018 -120 12 614 391
Kongrou 0.0015 215 246 952 788
Rouzaofun 0.0463 53 12 447 390
Rouzaofun 0.0063 381 210 867 480
Rouzaofun 0.0057 479 147 769 544
Rouzaofun 0.0044 265 149 921 560
Rouzaofun 0.0034 -145 49 641 430
Rouzaofun 0.0023 215 246 952 788
Rouzaofun 0.0013 235 -71 801 167
Rouzaofun 0.0013 436 58 829 647
Rouzaofun 0.0010 107 69 1043 671
Rice_with_Shredded_Chicken 0.1643 53 12 447 390
Rice_with_Shredded_Chicken 0.0201 190 127 969 760
Rice_with_Shredded_Chicken 0.0070 -145 49 641 430
Rice_with_Shredded_Chicken 0.0063 274 126 914 510
Rice_with_Shredded_Chicken 0.0037 397 60 799 646
Rice_with_Shredded_Chicken 0.0033 490 116 796 498
Rice_with_Shredded_Chicken 0.0032 420 183 905 431
migao 0.0244 265 149 921 560
migao 0.0212 53 12 447 390
migao 0.0098 397 60 799 646
migao 0.0073 381 210 867 480
migao 0.0051 479 147 769 544
migao 0.0033 107 69 1043 671
migao 0.0028 215 246 952 788
migao 0.0014 -145 49 641 430
wagui 0.0183 53 12 447 390
wagui 0.0053 394 182 893 432
wagui 0.0050 265 149 921 560
wagui 0.0033 490 116 796 498
wagui 0.0024 397 60 799 646
wagui 0.0015 -145 49 641 430
wagui 0.0011 215 246 952 788
