Kongrou 0.4304 76 13 752 479
Kongrou 0.0175 313 -133 539 -15
Kongrou 0.0138 313 -252 558 92
Kongrou 0.0094 158 -199 709 38
Kongrou 0.0018 229 -360 721 165
Kongrou 0.0014 349 -167 505 71
Kongrou 0.0013 275 -196 581 -10
Kongrou 0.0013 36 -457 815 254
Kongrou 0.0013 233 36 635 422
Kongrou 0.0011 109 48 425 464
Rouzaofun 0.0884 30 19 697 463
Rouzaofun 0.0152 313 -133 539 -15
Rouzaofun 0.0112 313 -252 558 92
Rouzaofun 0.0082 158 -199 709 38
Rouzaofun 0.0016 265 -163 362 63
Rouzaofun 0.0014 349 -167 505 71
Rouzaofun 0.0014 36 -457 815 254
Rouzaofun 0.0013 192 -348 636 152
Rouzaofun 0.0010 386 538 466 632
Rouzaofun 0.0010 96 -132 553 30
Rouzaofun 0.0010 275 -196 581 -10
Rice_with_Shredded_Chicken 0.0314 93 12 619 476
Rice_with_Shredded_Chicken 0.0150 313 -133 539 -15
Rice_with_Shredded_Chicken 0.0113 313 -252 558 92
Rice_with_Shredded_Chicken 0.0082 158 -199 709 38
Rice_with_Shredded_Chicken 0.0019 36 -457 815 254
Rice_with_Shredded_Chicken 0.0017 349 -167 505 71
Rice_with_Shredded_Chicken 0.0016 229 -360 721 165
Rice_with_Shredded_Chicken 0.0012 386 538 466 632
Rice_with_Shredded_Chicken 0.0010 275 -196 581 -10
migao 0.2387 30 19 697 463
migao 0.0185 313 -133 539 -15
migao 0.0125 313 -252 558 92
migao 0.0092 158 -199 709 38
migao 0.0022 349 -167 505 71
migao 0.0019 265 -163 362 63
migao 0.0016 36 -457 815 254
migao 0.0014 229 -360 721 165
migao 0.0012 275 -196 581 -10
migao 0.0010 386 538 466 632
migao 0.0010 96 -132 553 30
wagui 0.1058 30 19 697 463
wagui 0.0131 313 -133 539 -15
wagui 0.0097 313 -252 558 92
wagui 0.0089 158 -199 709 38
wagui 0.0023 36 -457 815 254
wagui 0.0015 229 -360 721 165
wagui 0.0014 265 -163 362 63
wagui 0.0014 349 -167 505 71
wagui 0.0012 386 538 466 632
wagui 0.0012 209 -169 435 -36
