Kongrou 0.3804 191 169 514 515
Kongrou 0.0233 45 172 657 454
Kongrou 0.0191 310 0 504 178
Kongrou 0.0055 253 224 530 445
Kongrou 0.0028 349 -142 587 -20
Kongrou 0.0027 470 58 745 274
Kongrou 0.0025 350 -290 607 113
Kongrou 0.0025 145 210 422 430
Kongrou 0.0018 8 120 284 335
Kongrou 0.0017 189 -226 763 49
Kongrou 0.0016 144 258 607 412
Kongrou 0.0010 26 -431 909 207
Rouzaofun 0.0142 310 0 504 178
Rouzaofun 0.0097 66 194 637 491
Rouzaofun 0.0087 46 79 294 357
Rouzaofun 0.0062 232 224 520 446
Rouzaofun 0.0032 202 161 504 581
Rouzaofun 0.0029 470 58 745 274
Rouzaofun 0.0027 144 258 607 412
Rouzaofun 0.0026 349 -142 587 -20
Rouzaofun 0.0023 145 210 422 430
Rouzaofun 0.0020 350 -290 607 113
Rouzaofun 0.0015 189 -226 763 49
Rouzaofun 0.0013 -64 134 357 289
Rouzaofun 0.0011 26 -431 909 207
Rouzaofun 0.0011 249 29 596 179
Rice_with_Shredded_Chicken 0.0311 191 169 514 515
Rice_with_Shredded_Chicken 0.0266 46 79 294 357
Rice_with_Shredded_Chicken 0.0122 310 0 504 178
Rice_with_Shredded_Chicken 0.0095 63 224 640 519
Rice_with_Shredded_Chicken 0.0032 253 224 530 445
Rice_with_Shredded_Chicken 0.0026 349 -142 587 -20
Rice_with_Shredded_Chicken 0.0021 350 -290 607 113
Rice_with_Shredded_Chicken 0.0020 470 58 745 274
Rice_with_Shredded_Chicken 0.0019 132 -325 793 110
Rice_with_Shredded_Chicken 0.0018 144 258 607 412
Rice_with_Shredded_Chicken 0.0017 -57 57 394 384
Rice_with_Shredded_Chicken 0.0013 145 210 422 430
migao 0.1173 191 169 514 515
migao 0.0233 310 0 504 178
migao 0.0151 45 172 657 454
migao 0.0054 253 224 530 445
migao 0.0052 46 79 294 357
migao 0.0032 349 -142 587 -20
migao 0.0026 144 258 607 412
migao 0.0024 350 -290 607 113
migao 0.0023 470 58 745 274
migao 0.0021 132 -325 793 110
migao 0.0019 145 210 422 430
migao 0.0010 249 29 596 179
migao 0.0010 -64 134 357 289
wagui 0.0318 191 169 514 515
wagui 0.0249 513 20 748 299
wagui 0.0121 310 0 504 178
wagui 0.0059 45 172 657 454
wagui 0.0034 253 224 530 445
wagui 0.0022 46 79 294 357
wagui 0.0020 349 -142 587 -20
wagui 0.0019 350 -290 607 113
wagui 0.0017 26 -431 909 207
wagui 0.0015 144 258 607 412
wagui 0.0015 189 -226 763 49
wagui 0.0014 135 225 402 445
wagui 0.0012 398 39 862 344
wagui 0.0012 407 99 807 263
