Kongrou 0.1492 67 -83 799 629
Kongrou 0.0063 265 -1 717 567
Kongrou 0.0041 432 -209 767 -3
Kongrou 0.0035 416 -375 809 149
Kongrou 0.0031 226 -470 945 199
Kongrou 0.0013 205 80 975 757
Kongrou 0.0010 387 46 1142 597
Rouzaofun 0.0228 42 -37 980 721
Rouzaofun 0.0047 432 -209 767 -3
Rouzaofun 0.0037 34 91 790 553
Rouzaofun 0.0029 416 -375 809 149
Rouzaofun 0.0027 267 -304 950 76
Rouzaofun 0.0021 83 -539 1112 259
Rice_with_Shredded_Chicken 0.0880 42 -37 980 721
Rice_with_Shredded_Chicken 0.0045 432 -209 767 -3
Rice_with_Shredded_Chicken 0.0032 226 -470 945 199
Rice_with_Shredded_Chicken 0.0029 34 91 790 553
Rice_with_Shredded_Chicken 0.0028 416 -375 809 149
migao 0.0569 42 -37 980 721
migao 0.0051 432 -209 767 -3
migao 0.0048 34 91 790 553
migao 0.0034 416 -375 809 149
migao 0.0032 197 -408 985 135
migao 0.0010 -184 -309 208 90
wagui 0.0157 42 -37 980 721
wagui 0.0033 83 -539 1112 259
wagui 0.0029 416 -375 809 149
wagui 0.0029 432 -209 767 -3
wagui 0.0023 267 -304 950 76
wagui 0.0012 234 -240 590 -49
wagui 0.0011 130 58 851 508
wagui 0.0010 304 -18 465 49
