Kongrou 0.0506 121 2 565 397
Kongrou 0.0114 208 95 414 379
Kongrou 0.0083 359 66 527 299
Kongrou 0.0066 309 106 578 259
Kongrou 0.0038 249 64 602 314
Kongrou 0.0034 260 -112 442 -9
Kongrou 0.0032 258 -205 460 74
Kongrou 0.0024 249 402 407 492
Kongrou 0.0023 142 -170 571 38
Kongrou 0.0020 241 307 429 575
Kongrou 0.0016 121 339 547 541
Kongrou 0.0013 142 143 476 419
Rouzaofun 0.0137 121 2 565 397
Rouzaofun 0.0085 359 66 527 299
Rouzaofun 0.0083 309 106 578 259
Rouzaofun 0.0036 260 -112 442 -9
Rouzaofun 0.0025 258 -205 460 74
Rouzaofun 0.0023 249 402 407 492
Rouzaofun 0.0022 142 -170 571 38
Rouzaofun 0.0016 121 339 547 541
Rouzaofun 0.0016 241 307 429 575
Rice_with_Shredded_Chicken 0.0538 121 2 565 397
Rice_with_Shredded_Chicken 0.0061 309 106 578 259
Rice_with_Shredded_Chicken 0.0052 359 66 527 299
Rice_with_Shredded_Chicken 0.0033 260 -112 442 -9
Rice_with_Shredded_Chicken 0.0025 258 -205 460 74
Rice_with_Shredded_Chicken 0.0020 249 402 407 492
Rice_with_Shredded_Chicken 0.0019 142 -170 571 38
Rice_with_Shredded_Chicken 0.0014 241 307 429 575
Rice_with_Shredded_Chicken 0.0014 121 339 547 541
Rice_with_Shredded_Chicken 0.0013 208 95 414 379
Rice_with_Shredded_Chicken 0.0010 25 -366 678 197
migao 0.0362 121 2 565 397
migao 0.0092 309 106 578 259
migao 0.0078 359 66 527 299
migao 0.0039 260 -112 442 -9
migao 0.0030 249 402 407 492
migao 0.0030 258 -205 460 74
migao 0.0024 208 95 414 379
migao 0.0023 142 -170 571 38
migao 0.0023 249 64 602 314
migao 0.0020 241 307 429 575
migao 0.0016 121 339 547 541
migao 0.0012 224 -141 292 62
wagui 0.0074 309 106 578 259
wagui 0.0073 121 2 565 397
wagui 0.0055 359 66 527 299
wagui 0.0023 258 -205 460 74
wagui 0.0023 260 -112 442 -9
wagui 0.0020 142 -170 571 38
wagui 0.0015 241 307 429 575
wagui 0.0014 249 402 407 492
wagui 0.0013 121 339 547 541
wagui 0.0012 25 -366 678 197
wagui 0.0011 312 440 368 526
