Kongrou 0.0024 83 -2 115 10
Kongrou 0.0010 43 -66 151 71
Kongrou 0.0010 56 120 159 184
Rouzaofun 0.0029 83 -2 115 10
Rouzaofun 0.0022 46 9 209 123
Rouzaofun 0.0013 -30 144 54 231
Rouzaofun 0.0011 43 -66 151 71
Rouzaofun 0.0011 56 120 159 184
Rouzaofun 0.0010 -58 134 83 240
Rouzaofun 0.0010 52 -29 142 33
Rice_with_Shredded_Chicken 0.0125 46 9 209 123
Rice_with_Shredded_Chicken 0.0032 83 -2 115 10
Rice_with_Shredded_Chicken 0.0011 43 -66 151 71
migao 0.0042 83 -2 115 10
migao 0.0024 46 9 209 123
migao 0.0012 43 -66 151 71
migao 0.0010 56 120 159 184
wagui 0.0623 46 9 209 123
wagui 0.0077 83 -2 115 10
wagui 0.0049 81 30 180 125
wagui 0.0023 176 1 217 15
wagui 0.0012 52 -29 142 33
wagui 0.0012 43 -66 151 71
wagui 0.0011 88 0 118 15
wagui 0.0010 -8 -1 195 167
wagui 0.0010 56 120 159 184
wagui 0.0010 101 -5 194 111
