Kongrou 0.0249 81 110 903 646
Kongrou 0.0228 297 192 744 676
Kongrou 0.0049 688 84 945 414
Kongrou 0.0044 26 -41 399 295
Kongrou 0.0028 226 102 662 540
Kongrou 0.0017 630 138 1041 360
Kongrou 0.0011 51 628 520 932
Rouzaofun 0.0054 688 84 945 414
Rouzaofun 0.0032 81 110 903 646
Rouzaofun 0.0030 35 4 392 320
Rouzaofun 0.0026 630 138 1041 360
Rouzaofun 0.0013 51 628 520 932
Rice_with_Shredded_Chicken 0.0182 -7 110 848 649
Rice_with_Shredded_Chicken 0.0141 53 -49 446 304
Rice_with_Shredded_Chicken 0.0066 297 192 744 676
Rice_with_Shredded_Chicken 0.0030 700 87 972 412
Rice_with_Shredded_Chicken 0.0018 168 292 939 651
Rice_with_Shredded_Chicken 0.0015 613 161 1059 375
Rice_with_Shredded_Chicken 0.0013 -164 -63 589 318
Rice_with_Shredded_Chicken 0.0011 51 628 520 932
migao 0.0104 -7 110 848 649
migao 0.0044 688 84 945 414
migao 0.0044 297 192 744 676
migao 0.0042 53 -49 446 304
migao 0.0026 630 138 1041 360
migao 0.0016 168 292 939 651
wagui 0.0311 53 -49 446 304
wagui 0.0031 688 84 945 414
wagui 0.0021 -7 110 848 649
wagui 0.0018 630 138 1041 360
wagui 0.0015 297 192 744 676
wagui 0.0014 -164 -63 589 318
