Kongrou 0.0245 37 0 829 544
Kongrou 0.0194 439 -172 760 -35
Kongrou 0.0165 397 -19 746 580
Kongrou 0.0154 446 -355 780 129
Kongrou 0.0113 213 -274 1008 50
Kongrou 0.0039 323 -484 1012 210
Kongrou 0.0034 118 134 473 513
Kongrou 0.0023 155 392 1030 1065
Kongrou 0.0020 387 -267 817 -22
Kongrou 0.0018 510 -226 693 92
Kongrou 0.0017 350 642 632 805
Kongrou 0.0014 273 123 863 594
Kongrou 0.0011 325 214 835 486
Kongrou 0.0011 27 -657 1173 373
Rouzaofun 0.0162 439 -172 760 -35
Rouzaofun 0.0114 446 -355 780 129
Rouzaofun 0.0099 213 -274 1008 50
Rouzaofun 0.0048 23 59 846 606
Rouzaofun 0.0025 337 -462 1006 203
Rouzaofun 0.0024 510 -226 693 92
Rouzaofun 0.0016 325 214 835 486
Rouzaofun 0.0014 155 392 1030 1065
Rouzaofun 0.0014 439 -225 846 9
Rouzaofun 0.0013 27 -657 1173 373
Rouzaofun 0.0013 145 193 464 467
Rouzaofun 0.0012 369 656 593 792
Rouzaofun 0.0011 400 23 746 609
Rouzaofun 0.0010 519 652 678 840
Rice_with_Shredded_Chicken 0.0352 23 59 846 606
Rice_with_Shredded_Chicken 0.0140 439 -172 760 -35
Rice_with_Shredded_Chicken 0.0118 446 -355 780 129
Rice_with_Shredded_Chicken 0.0097 213 -274 1008 50
Rice_with_Shredded_Chicken 0.0032 323 -484 1012 210
Rice_with_Shredded_Chicken 0.0023 510 -226 693 92
Rice_with_Shredded_Chicken 0.0020 155 392 1030 1065
Rice_with_Shredded_Chicken 0.0018 27 -657 1173 373
Rice_with_Shredded_Chicken 0.0014 439 -225 846 9
Rice_with_Shredded_Chicken 0.0011 325 214 835 486
migao 0.0202 439 -172 760 -35
migao 0.0192 23 59 846 606
migao 0.0131 446 -355 780 129
migao 0.0110 213 -274 1008 50
migao 0.0039 397 -19 746 580
migao 0.0036 510 -226 693 92
migao 0.0033 337 -462 1006 203
migao 0.0020 155 392 1030 1065
migao 0.0018 387 -267 817 -22
migao 0.0015 27 -657 1173 373
migao 0.0015 325 214 835 486
migao 0.0013 145 193 464 467
migao 0.0012 369 656 593 792
migao 0.0012 376 -234 507 97
migao 0.0011 519 652 678 840
migao 0.0011 453 672 745 850
wagui 0.0429 23 59 846 606
wagui 0.0130 439 -172 760 -35
wagui 0.0098 446 -355 780 129
wagui 0.0097 213 -274 1008 50
wagui 0.0040 118 134 473 513
wagui 0.0039 400 23 746 609
wagui 0.0030 323 -484 1012 210
wagui 0.0023 27 -657 1173 373
wagui 0.0018 155 392 1030 1065
wagui 0.0018 510 -226 693 92
wagui 0.0016 290 -236 615 -53
wagui 0.0015 350 642 632 805
wagui 0.0012 349 673 536 776
wagui 0.0012 519 652 678 840
wagui 0.0011 325 214 835 486
wagui 0.0011 387 -267 817 -22
