Kongrou 0.0452 447 186 823 592
Kongrou 0.0087 432 -180 740 -22
Kongrou 0.0077 434 -348 763 128
Kongrou 0.0072 268 225 997 630
Kongrou 0.0049 221 -273 969 53
Kongrou 0.0039 125 28 471 310
Kongrou 0.0026 484 343 863 675
Kongrou 0.0019 521 250 843 509
Kongrou 0.0017 269 -458 1039 188
Kongrou 0.0011 315 221 589 538
Kongrou 0.0011 138 117 420 260
Kongrou 0.0011 380 -272 796 -12
Kongrou 0.0011 342 271 906 450
Kongrou 0.0010 11 -617 1161 336
Kongrou 0.0010 483 -232 692 101
Rouzaofun 0.0253 103 -44 471 362
Rouzaofun 0.0086 432 -180 740 -22
Rouzaofun 0.0073 480 234 807 487
Rouzaofun 0.0061 434 -348 763 128
Rouzaofun 0.0055 -52 -14 626 336
Rouzaofun 0.0044 221 -273 969 53
Rouzaofun 0.0028 38 57 558 280
Rouzaofun 0.0024 428 134 844 722
Rouzaofun 0.0023 268 225 997 630
Rouzaofun 0.0017 342 271 906 450
Rouzaofun 0.0013 162 97 434 242
Rouzaofun 0.0013 315 221 589 538
Rouzaofun 0.0012 347 296 555 426
Rouzaofun 0.0012 11 -617 1161 336
Rouzaofun 0.0012 483 -232 692 101
Rouzaofun 0.0011 243 -459 895 188
Rouzaofun 0.0011 526 281 761 443
Rice_with_Shredded_Chicken 0.1587 103 -44 471 362
Rice_with_Shredded_Chicken 0.0110 -52 -14 626 336
Rice_with_Shredded_Chicken 0.0092 432 -180 740 -22
Rice_with_Shredded_Chicken 0.0076 428 134 844 722
Rice_with_Shredded_Chicken 0.0062 434 -348 763 128
Rice_with_Shredded_Chicken 0.0060 268 225 997 630
Rice_with_Shredded_Chicken 0.0048 480 234 807 487
Rice_with_Shredded_Chicken 0.0046 221 -273 969 53
Rice_with_Shredded_Chicken 0.0021 38 57 558 280
Rice_with_Shredded_Chicken 0.0018 11 -617 1161 336
Rice_with_Shredded_Chicken 0.0016 351 -433 963 178
Rice_with_Shredded_Chicken 0.0015 483 -232 692 101
Rice_with_Shredded_Chicken 0.0013 484 343 863 675
Rice_with_Shredded_Chicken 0.0011 342 271 906 450
Rice_with_Shredded_Chicken 0.0011 515 735 618 871
Rice_with_Shredded_Chicken 0.0010 347 296 555 426
migao 0.0263 103 -44 471 362
migao 0.0115 455 173 814 537
migao 0.0101 432 -180 740 -22
migao 0.0068 434 -348 763 128
migao 0.0050 268 225 997 630
migao 0.0050 221 -273 969 53
migao 0.0042 -52 -14 626 336
migao 0.0026 26 54 531 283
migao 0.0023 389 267 898 454
migao 0.0021 436 323 835 694
migao 0.0017 483 -232 692 101
migao 0.0016 351 -433 963 178
migao 0.0013 11 -617 1161 336
migao 0.0013 347 296 555 426
migao 0.0011 138 117 420 260
migao 0.0011 380 -272 796 -12
migao 0.0010 515 735 618 871
wagui 0.3735 103 -44 471 362
wagui 0.0194 -52 -14 626 336
wagui 0.0066 432 -180 740 -22
wagui 0.0056 434 -348 763 128
wagui 0.0047 480 234 807 487
wagui 0.0047 221 -273 969 53
wagui 0.0022 26 54 531 283
wagui 0.0020 11 -617 1161 336
wagui 0.0016 268 225 997 630
wagui 0.0015 162 97 434 242
wagui 0.0013 269 -458 1039 188
wagui 0.0012 515 735 618 871
wagui 0.0011 483 -232 692 101
wagui 0.0011 365 317 538 443
wagui 0.0011 428 134 844 722
