Kongrou 0.0964 38 0 237 181
Kongrou 0.0106 85 33 200 182
Kongrou 0.0048 66 -6 198 135
Kongrou 0.0037 41 10 159 161
Kongrou 0.0027 63 -125 250 52
Kongrou 0.0017 111 -96 217 35
Kongrou 0.0015 116 -56 206 0
Kongrou 0.0011 61 65 133 154
Rouzaofun 0.0343 38 0 237 181
Rouzaofun 0.0024 63 -125 250 52
Rouzaofun 0.0019 116 -56 206 0
Rouzaofun 0.0013 111 -96 217 35
Rouzaofun 0.0010 61 65 133 154
Rice_with_Shredded_Chicken 0.0638 38 0 237 181
Rice_with_Shredded_Chicken 0.0029 63 -125 250 52
Rice_with_Shredded_Chicken 0.0018 116 -56 206 0
Rice_with_Shredded_Chicken 0.0015 85 33 200 182
Rice_with_Shredded_Chicken 0.0013 111 -96 217 35
migao 0.1039 38 0 237 181
migao 0.0030 56 -111 261 38
migao 0.0022 28 -154 293 78
migao 0.0020 116 -56 206 0
migao 0.0019 85 33 200 182
migao 0.0016 111 -96 217 35
migao 0.0011 66 -6 198 135
wagui 0.2195 19 0 219 179
wagui 0.0035 66 -6 198 135
wagui 0.0032 28 -154 293 78
wagui 0.0023 56 -111 261 38
wagui 0.0023 85 33 200 182
wagui 0.0016 37 13 142 159
wagui 0.0014 111 -96 217 35
wagui 0.0012 55 52 250 163
wagui 0.0011 3 -16 113 84
wagui 0.0010 116 -56 206 0
