Kongrou 0.0242 15 16 235 181
Kongrou 0.0213 79 18 179 153
Kongrou 0.0064 32 48 208 142
Kongrou 0.0030 116 -33 197 14
Kongrou 0.0026 61 -42 140 5
Kongrou 0.0022 109 -70 209 48
Rouzaofun 0.0301 27 31 224 169
Rouzaofun 0.0140 78 29 181 159
Rouzaofun 0.0036 61 -42 140 5
Rouzaofun 0.0029 116 -33 197 14
Rouzaofun 0.0017 109 -70 209 48
Rouzaofun 0.0016 92 -39 124 38
Rouzaofun 0.0011 94 60 209 126
Rouzaofun 0.0010 91 36 164 110
Rice_with_Shredded_Chicken 0.0086 27 31 224 169
Rice_with_Shredded_Chicken 0.0033 78 29 181 159
Rice_with_Shredded_Chicken 0.0026 116 -33 197 14
Rice_with_Shredded_Chicken 0.0018 109 -70 209 48
Rice_with_Shredded_Chicken 0.0010 92 -39 124 38
migao 0.0383 65 16 176 156
migao 0.0372 27 31 224 169
migao 0.0033 116 -33 197 14
migao 0.0021 109 -70 209 48
migao 0.0019 92 -39 124 38
migao 0.0017 61 -42 140 5
migao 0.0010 103 -44 132 43
migao 0.0010 91 36 164 110
wagui 0.3917 27 31 224 169
wagui 0.2269 65 16 176 156
wagui 0.0035 61 -42 140 5
wagui 0.0018 109 -70 209 48
wagui 0.0018 116 -33 197 14
wagui 0.0015 91 180 135 199
wagui 0.0010 91 36 164 110
