Kongrou 0.1561 46 1 401 232
Kongrou 0.0046 137 -24 330 207
Kongrou 0.0032 211 -163 328 62
Kongrou 0.0030 200 -69 325 -20
Kongrou 0.0027 133 -226 453 104
Kongrou 0.0026 200 -94 362 0
Kongrou 0.0021 70 -113 467 16
Kongrou 0.0012 106 -19 256 164
Kongrou 0.0012 72 63 444 299
Rouzaofun 0.0207 45 2 403 292
Rouzaofun 0.0030 200 -94 362 0
Rouzaofun 0.0024 211 -163 328 62
Rouzaofun 0.0020 200 -69 325 -20
Rouzaofun 0.0019 115 -138 455 38
Rouzaofun 0.0014 116 -241 474 120
Rice_with_Shredded_Chicken 0.1130 45 2 403 292
Rice_with_Shredded_Chicken 0.0030 200 -94 362 0
Rice_with_Shredded_Chicken 0.0026 133 -226 453 104
Rice_with_Shredded_Chicken 0.0026 211 -163 328 62
Rice_with_Shredded_Chicken 0.0020 134 -22 334 236
Rice_with_Shredded_Chicken 0.0019 200 -69 325 -20
Rice_with_Shredded_Chicken 0.0016 70 -113 467 16
Rice_with_Shredded_Chicken 0.0011 -17 -206 330 84
migao 0.0722 45 2 403 292
migao 0.0038 134 -22 334 236
migao 0.0031 200 -94 362 0
migao 0.0030 200 -69 325 -20
migao 0.0029 211 -163 328 62
migao 0.0025 137 -194 452 76
migao 0.0020 70 -113 467 16
wagui 0.0131 45 2 403 292
wagui 0.0025 200 -69 325 -20
wagui 0.0021 133 -226 453 104
wagui 0.0020 211 -163 328 62
wagui 0.0018 70 -113 467 16
wagui 0.0017 200 -94 362 0
wagui 0.0011 -17 -206 330 84
wagui 0.0010 239 332 288 393
wagui 0.0010 106 -101 255 -25
