Kongrou 0.0342 127 141 311 423
Kongrou 0.0161 382 79 561 303
Kongrou 0.0087 352 115 535 249
Kongrou 0.0061 46 71 241 224
Kongrou 0.0053 41 159 397 403
Kongrou 0.0048 155 190 339 358
Kongrou 0.0048 80 222 391 349
Kongrou 0.0046 257 46 469 179
Kongrou 0.0022 132 -279 556 119
Kongrou 0.0020 231 383 426 508
Kongrou 0.0014 273 79 385 148
Kongrou 0.0014 424 -216 706 273
Kongrou 0.0013 233 280 437 604
Kongrou 0.0012 119 327 548 552
Kongrou 0.0011 290 127 620 237
Kongrou 0.0011 -74 302 314 649
Kongrou 0.0011 309 96 635 326
Kongrou 0.0010 22 22 579 373
Kongrou 0.0010 150 235 298 338
Rouzaofun 0.0204 140 194 331 378
Rouzaofun 0.0142 382 92 561 327
Rouzaofun 0.0078 360 116 527 271
Rouzaofun 0.0076 80 222 391 349
Rouzaofun 0.0076 46 71 241 224
Rouzaofun 0.0036 257 46 469 179
Rouzaofun 0.0025 156 -6 316 72
Rouzaofun 0.0022 299 137 611 250
Rouzaofun 0.0019 132 -279 556 119
Rouzaofun 0.0017 231 383 426 508
Rouzaofun 0.0016 -165 266 396 679
Rouzaofun 0.0015 424 -216 706 273
Rouzaofun 0.0013 161 233 310 340
Rouzaofun 0.0012 275 74 451 153
Rouzaofun 0.0012 70 99 217 196
Rouzaofun 0.0012 119 327 548 552
Rouzaofun 0.0011 68 159 413 403
Rouzaofun 0.0011 233 280 437 604
Rouzaofun 0.0010 22 22 579 373
Rice_with_Shredded_Chicken 0.0435 382 92 561 327
Rice_with_Shredded_Chicken 0.0118 140 194 331 378
Rice_with_Shredded_Chicken 0.0066 52 36 248 248
Rice_with_Shredded_Chicken 0.0057 80 222 391 349
Rice_with_Shredded_Chicken 0.0051 360 116 527 271
Rice_with_Shredded_Chicken 0.0034 41 159 397 403
Rice_with_Shredded_Chicken 0.0024 118 -250 573 90
Rice_with_Shredded_Chicken 0.0023 257 46 469 179
Rice_with_Shredded_Chicken 0.0019 -4 91 292 204
Rice_with_Shredded_Chicken 0.0017 299 137 611 250
Rice_with_Shredded_Chicken 0.0017 231 383 426 508
Rice_with_Shredded_Chicken 0.0016 22 22 579 373
Rice_with_Shredded_Chicken 0.0015 -74 302 314 649
Rice_with_Shredded_Chicken 0.0014 424 -216 706 273
Rice_with_Shredded_Chicken 0.0013 156 -6 316 72
Rice_with_Shredded_Chicken 0.0011 437 -67 692 122
Rice_with_Shredded_Chicken 0.0011 299 75 643 300
Rice_with_Shredded_Chicken 0.0011 233 280 437 604
Rice_with_Shredded_Chicken 0.0010 -29 22 326 260
Rice_with_Shredded_Chicken 0.0010 119 327 548 552
migao 0.0452 382 92 561 327
migao 0.0198 140 194 331 378
migao 0.0100 360 116 527 271
migao 0.0084 80 222 391 349
migao 0.0058 46 71 241 224
migao 0.0038 41 159 397 403
migao 0.0037 257 46 469 179
migao 0.0025 118 -250 573 90
migao 0.0024 231 383 426 508
migao 0.0023 299 137 611 250
migao 0.0021 156 -6 316 72
migao 0.0014 -74 302 314 649
migao 0.0013 233 280 437 604
migao 0.0013 424 -216 706 273
migao 0.0012 299 75 643 300
migao 0.0012 119 327 548 552
migao 0.0011 273 79 385 148
wagui 0.0121 356 115 555 249
wagui 0.0095 140 194 331 378
wagui 0.0048 46 71 241 224
wagui 0.0048 80 222 391 349
wagui 0.0032 257 46 469 179
wagui 0.0021 53 -316 645 150
wagui 0.0018 395 139 585 294
wagui 0.0016 424 -216 706 273
wagui 0.0014 156 -6 316 72
wagui 0.0013 273 79 385 148
wagui 0.0012 437 -67 692 122
wagui 0.0011 231 383 426 508
wagui 0.0011 233 280 437 604
wagui 0.0011 -74 302 314 649
wagui 0.0011 119 327 548 552
