Kongrou 0.3618 96 286 1152 972
Kongrou 0.0527 326 178 877 773
Kongrou 0.0142 107 261 1011 694
Kongrou 0.0119 676 -95 1028 388
Kongrou 0.0108 183 526 1047 1037
Kongrou 0.0068 518 -14 831 325
Kongrou 0.0028 56 -21 398 487
Kongrou 0.0020 396 -56 1138 350
Kongrou 0.0013 399 35 908 275
Kongrou 0.0010 -110 15 561 446
Rouzaofun 0.0371 582 -65 1039 432
Rouzaofun 0.0270 191 376 1039 1025
Rouzaofun 0.0146 51 18 402 519
Rouzaofun 0.0138 101 -105 605 150
Rouzaofun 0.0058 518 -14 831 325
Rouzaofun 0.0035 126 276 1072 678
Rouzaofun 0.0028 23 -187 683 227
Rouzaofun 0.0027 285 187 837 763
Rouzaofun 0.0019 399 35 908 275
Rouzaofun 0.0018 -43 138 479 380
Rouzaofun 0.0016 -110 15 561 446
Rice_with_Shredded_Chicken 0.0757 191 376 1039 1025
Rice_with_Shredded_Chicken 0.0683 51 18 402 519
Rice_with_Shredded_Chicken 0.0569 582 -65 1039 432
Rice_with_Shredded_Chicken 0.0052 126 276 1072 678
Rice_with_Shredded_Chicken 0.0045 -110 15 561 446
Rice_with_Shredded_Chicken 0.0044 326 178 877 773
Rice_with_Shredded_Chicken 0.0038 518 -14 831 325
Rice_with_Shredded_Chicken 0.0035 101 -105 605 150
Rice_with_Shredded_Chicken 0.0015 23 -187 683 227
Rice_with_Shredded_Chicken 0.0014 419 64 930 287
Rice_with_Shredded_Chicken 0.0013 -43 138 479 380
migao 0.1905 155 281 1072 963
migao 0.0168 582 -65 1039 432
migao 0.0135 326 178 877 773
migao 0.0085 51 18 402 519
migao 0.0066 518 -14 831 325
migao 0.0057 146 242 1055 630
migao 0.0026 101 -105 605 150
migao 0.0019 419 64 930 287
migao 0.0015 -110 15 561 446
migao 0.0015 -43 138 479 380
wagui 0.0278 540 -54 1000 424
wagui 0.0120 191 376 1039 1025
wagui 0.0086 51 18 402 519
wagui 0.0068 518 -14 831 325
wagui 0.0026 161 198 1087 734
wagui 0.0020 -110 15 561 446
wagui 0.0017 399 35 908 275
wagui 0.0010 -43 138 479 380
