Kongrou 0.4741 13 13 699 476
Kongrou 0.0035 163 67 583 442
Kongrou 0.0021 310 -137 533 -9
Kongrou 0.0019 309 -258 552 102
Kongrou 0.0018 173 -337 649 147
Kongrou 0.0012 378 532 465 626
Kongrou 0.0011 91 112 434 454
Kongrou 0.0010 -276 -144 300 207
Rouzaofun 0.0324 30 -6 685 489
Rouzaofun 0.0023 310 -137 533 -9
Rouzaofun 0.0018 378 532 465 626
Rouzaofun 0.0016 173 -337 649 147
Rouzaofun 0.0016 309 -258 552 102
Rouzaofun 0.0012 -276 -144 300 207
Rouzaofun 0.0012 -112 -112 136 174
Rice_with_Shredded_Chicken 0.0148 30 -6 685 489
Rice_with_Shredded_Chicken 0.0023 310 -137 533 -9
Rice_with_Shredded_Chicken 0.0023 129 -282 701 90
Rice_with_Shredded_Chicken 0.0022 370 535 446 624
Rice_with_Shredded_Chicken 0.0018 44 -396 795 199
Rice_with_Shredded_Chicken 0.0016 309 -258 552 102
migao 0.1321 30 -6 685 489
migao 0.0026 310 -137 533 -9
migao 0.0025 129 -282 701 90
migao 0.0021 107 78 491 506
migao 0.0019 370 535 446 624
migao 0.0019 309 -258 552 102
migao 0.0015 44 -396 795 199
migao 0.0010 -196 -245 221 307
wagui 0.0248 13 13 699 476
wagui 0.0032 390 -46 689 169
wagui 0.0023 370 535 446 624
wagui 0.0021 44 -396 795 199
wagui 0.0019 129 -282 701 90
wagui 0.0018 310 -137 533 -9
wagui 0.0017 309 -258 552 102
wagui 0.0012 -276 -144 300 207
wagui 0.0011 389 530 482 628
wagui 0.0010 300 59 615 448
