Kongrou 0.0215 54 -1 230 180
Kongrou 0.0025 63 -139 260 54
Kongrou 0.0021 97 170 174 219
Kongrou 0.0016 131 137 206 267
Kongrou 0.0015 113 157 219 230
Kongrou 0.0014 132 187 198 224
Kongrou 0.0012 98 -76 212 -13
Kongrou 0.0011 71 98 299 293
Kongrou 0.0011 109 63 207 319
Rouzaofun 0.2565 34 0 246 180
Rouzaofun 0.0125 46 36 182 173
Rouzaofun 0.0021 63 -139 260 54
Rouzaofun 0.0012 131 137 206 267
Rouzaofun 0.0010 118 -62 213 -6
Rice_with_Shredded_Chicken 0.1796 34 0 246 180
Rice_with_Shredded_Chicken 0.0026 63 -139 260 54
Rice_with_Shredded_Chicken 0.0019 46 36 182 173
Rice_with_Shredded_Chicken 0.0012 131 137 206 267
Rice_with_Shredded_Chicken 0.0011 132 187 198 224
Rice_with_Shredded_Chicken 0.0011 109 63 207 319
Rice_with_Shredded_Chicken 0.0011 113 157 219 230
Rice_with_Shredded_Chicken 0.0010 118 -62 213 -6
Rice_with_Shredded_Chicken 0.0010 71 98 299 293
migao 0.1327 34 0 246 180
migao 0.0028 59 -120 267 35
migao 0.0027 46 36 182 173
migao 0.0016 132 187 198 224
migao 0.0015 131 137 206 267
migao 0.0013 113 157 219 230
migao 0.0011 97 170 174 219
migao 0.0011 109 63 207 319
migao 0.0011 98 -76 212 -13
wagui 0.0716 34 0 246 180
wagui 0.0026 28 -159 302 71
wagui 0.0025 97 170 174 219
wagui 0.0012 132 187 198 224
wagui 0.0011 131 137 206 267
wagui 0.0010 109 63 207 319
wagui 0.0010 71 98 299 293
