Kongrou 0.0641 236 37 509 310
Kongrou 0.0068 121 72 624 325
Kongrou 0.0038 -45 -40 242 161
Kongrou 0.0027 315 -256 548 99
Kongrou 0.0027 650 350 720 419
Kongrou 0.0025 311 -132 531 -13
Kongrou 0.0021 504 263 728 424
Kongrou 0.0017 181 -199 677 43
Kongrou 0.0017 -154 -104 346 227
Kongrou 0.0012 40 -445 803 246
Kongrou 0.0012 210 -323 730 131
Kongrou 0.0012 359 -241 917 270
Rouzaofun 0.1591 232 39 514 355
Rouzaofun 0.0264 121 72 624 325
Rouzaofun 0.0157 43 241 319 535
Rouzaofun 0.0083 650 350 720 419
Rouzaofun 0.0061 388 373 691 518
Rouzaofun 0.0043 504 263 728 424
Rouzaofun 0.0035 235 83 498 244
Rouzaofun 0.0030 -45 -40 242 161
Rouzaofun 0.0026 311 -132 531 -13
Rouzaofun 0.0021 315 -256 548 99
Rouzaofun 0.0017 181 -199 677 43
Rouzaofun 0.0013 40 -445 803 246
Rouzaofun 0.0013 -154 -104 346 227
Rouzaofun 0.0012 618 285 753 485
Rouzaofun 0.0012 -101 227 405 503
Rouzaofun 0.0011 223 187 831 724
Rouzaofun 0.0010 359 -241 917 270
Rouzaofun 0.0010 -25 -206 218 328
Rice_with_Shredded_Chicken 0.0553 232 39 514 355
Rice_with_Shredded_Chicken 0.0239 43 241 319 535
Rice_with_Shredded_Chicken 0.0225 388 373 691 518
Rice_with_Shredded_Chicken 0.0175 121 72 624 325
Rice_with_Shredded_Chicken 0.0057 650 350 720 419
Rice_with_Shredded_Chicken 0.0050 -45 -40 242 161
Rice_with_Shredded_Chicken 0.0038 504 263 728 424
Rice_with_Shredded_Chicken 0.0024 311 -132 531 -13
Rice_with_Shredded_Chicken 0.0021 315 -256 548 99
Rice_with_Shredded_Chicken 0.0018 40 -445 803 246
Rice_with_Shredded_Chicken 0.0017 137 -289 693 100
Rice_with_Shredded_Chicken 0.0017 235 83 498 244
Rice_with_Shredded_Chicken 0.0016 -154 -104 346 227
Rice_with_Shredded_Chicken 0.0015 -101 227 405 503
Rice_with_Shredded_Chicken 0.0015 -29 -349 523 161
Rice_with_Shredded_Chicken 0.0014 223 187 831 724
Rice_with_Shredded_Chicken 0.0013 291 300 787 599
Rice_with_Shredded_Chicken 0.0010 359 -241 917 270
migao 0.1554 232 39 514 355
migao 0.0282 121 72 624 325
migao 0.0136 650 350 720 419
migao 0.0035 43 241 319 535
migao 0.0033 388 373 691 518
migao 0.0032 -45 -40 242 161
migao 0.0031 504 263 728 424
migao 0.0029 311 -132 531 -13
migao 0.0026 235 83 498 244
migao 0.0026 315 -256 548 99
migao 0.0019 137 -289 693 100
migao 0.0018 -154 -104 346 227
migao 0.0016 40 -445 803 246
migao 0.0010 223 187 831 724
migao 0.0010 359 -241 917 270
wagui 0.0482 232 39 514 355
wagui 0.0240 388 373 691 518
wagui 0.0231 43 241 319 535
wagui 0.0209 650 350 720 419
wagui 0.0135 121 72 624 325
wagui 0.0084 -45 -40 242 161
wagui 0.0058 504 263 728 424
wagui 0.0022 40 -445 803 246
wagui 0.0022 -154 -104 346 227
wagui 0.0020 315 -256 548 99
wagui 0.0019 235 83 498 244
wagui 0.0018 311 -132 531 -13
wagui 0.0016 181 -199 677 43
wagui 0.0015 -101 227 405 503
wagui 0.0015 -29 -349 523 161
wagui 0.0014 -25 -206 218 328
wagui 0.0012 223 187 831 724
wagui 0.0012 1 21 177 114
wagui 0.0012 291 300 787 599
wagui 0.0011 661 352 737 444
