Kongrou 0.1549 77 28 657 489
Kongrou 0.0132 17 -42 204 249
Kongrou 0.0100 153 75 512 374
Kongrou 0.0043 181 -303 653 136
Kongrou 0.0025 -72 -25 292 234
Kongrou 0.0023 -1 311 137 423
Kongrou 0.0021 299 -230 467 89
Kongrou 0.0019 283 -100 465 -26
Kongrou 0.0015 107 -166 657 28
Kongrou 0.0014 -46 26 206 191
Kongrou 0.0013 248 -164 504 -15
Kongrou 0.0011 -4 5 139 236
Kongrou 0.0010 421 111 807 611
Rouzaofun 0.0114 27 -7 612 435
Rouzaofun 0.0041 -1 311 137 423
Rouzaofun 0.0031 181 -303 653 136
Rouzaofun 0.0022 153 75 512 374
Rouzaofun 0.0017 -46 26 206 191
Rouzaofun 0.0016 299 -230 467 89
Rouzaofun 0.0015 4 -10 155 228
Rouzaofun 0.0014 283 -100 465 -26
Rouzaofun 0.0012 107 -166 657 28
Rice_with_Shredded_Chicken 0.0176 77 28 657 489
Rice_with_Shredded_Chicken 0.0039 181 -303 653 136
Rice_with_Shredded_Chicken 0.0026 -1 311 137 423
Rice_with_Shredded_Chicken 0.0025 17 -42 204 249
Rice_with_Shredded_Chicken 0.0019 108 91 604 358
Rice_with_Shredded_Chicken 0.0017 299 -230 467 89
Rice_with_Shredded_Chicken 0.0014 -46 26 206 191
Rice_with_Shredded_Chicken 0.0014 -72 -25 292 234
Rice_with_Shredded_Chicken 0.0012 107 -166 657 28
Rice_with_Shredded_Chicken 0.0012 283 -100 465 -26
Rice_with_Shredded_Chicken 0.0012 7 -387 743 210
Rice_with_Shredded_Chicken 0.0011 342 472 408 556
migao 0.0461 77 28 657 489
migao 0.0039 -1 311 137 423
migao 0.0037 17 -42 204 249
migao 0.0035 181 -303 653 136
migao 0.0028 108 91 604 358
migao 0.0021 283 -100 465 -26
migao 0.0020 299 -230 467 89
migao 0.0018 -72 -25 292 234
migao 0.0018 -46 26 206 191
migao 0.0014 107 -166 657 28
migao 0.0012 248 -164 504 -15
migao 0.0010 7 -387 743 210
migao 0.0010 342 472 408 556
migao 0.0010 171 34 445 367
wagui 0.0302 54 8 597 437
wagui 0.0046 -1 311 137 423
wagui 0.0036 153 75 512 374
wagui 0.0035 181 -303 653 136
wagui 0.0016 7 -387 743 210
wagui 0.0015 283 -100 465 -26
wagui 0.0015 -46 26 206 191
wagui 0.0015 17 -42 204 249
wagui 0.0014 299 -230 467 89
wagui 0.0013 107 -166 657 28
wagui 0.0012 342 472 408 556
wagui 0.0011 -72 -25 292 234
