Kongrou 0.1739 63 46 180 148
Kongrou 0.0320 162 16 244 76
Kongrou 0.0140 18 56 225 157
Kongrou 0.0040 60 -130 256 57
Kongrou 0.0020 116 134 191 268
Kongrou 0.0020 114 185 186 224
Kongrou 0.0014 113 -94 194 33
Kongrou 0.0013 111 -49 190 -6
Kongrou 0.0013 46 154 260 249
Kongrou 0.0011 112 171 210 236
Kongrou 0.0011 43 -80 264 19
Kongrou 0.0010 75 104 282 286
Kongrou 0.0010 125 171 176 256
Rouzaofun 0.0758 66 53 176 159
Rouzaofun 0.0365 162 16 244 76
Rouzaofun 0.0160 20 47 242 145
Rouzaofun 0.0034 60 -130 256 57
Rouzaofun 0.0020 132 21 285 71
Rouzaofun 0.0019 33 10 125 96
Rouzaofun 0.0016 116 134 191 268
Rouzaofun 0.0015 114 185 186 224
Rouzaofun 0.0013 170 16 263 112
Rouzaofun 0.0013 127 -10 284 98
Rouzaofun 0.0013 71 146 254 256
Rouzaofun 0.0012 112 171 210 236
Rouzaofun 0.0012 113 -94 194 33
Rouzaofun 0.0011 111 -49 190 -6
Rouzaofun 0.0011 125 171 176 256
Rouzaofun 0.0010 101 94 343 297
Rice_with_Shredded_Chicken 0.0534 72 51 191 161
Rice_with_Shredded_Chicken 0.0245 162 16 244 76
Rice_with_Shredded_Chicken 0.0107 20 47 242 145
Rice_with_Shredded_Chicken 0.0066 33 10 125 96
Rice_with_Shredded_Chicken 0.0039 60 -130 256 57
Rice_with_Shredded_Chicken 0.0037 170 16 263 112
Rice_with_Shredded_Chicken 0.0015 116 134 191 268
Rice_with_Shredded_Chicken 0.0014 125 171 176 256
Rice_with_Shredded_Chicken 0.0014 132 21 285 71
Rice_with_Shredded_Chicken 0.0013 112 171 210 236
Rice_with_Shredded_Chicken 0.0011 113 -94 194 33
Rice_with_Shredded_Chicken 0.0010 111 -49 190 -6
Rice_with_Shredded_Chicken 0.0010 114 185 186 224
Rice_with_Shredded_Chicken 0.0010 46 154 260 249
Rice_with_Shredded_Chicken 0.0010 58 107 303 282
migao 0.1174 66 53 176 159
migao 0.0543 162 16 244 76
migao 0.0235 20 47 242 145
migao 0.0038 54 -111 261 36
migao 0.0021 114 185 186 224
migao 0.0019 116 134 191 268
migao 0.0018 125 171 176 256
migao 0.0016 132 21 285 71
migao 0.0016 111 -49 190 -6
migao 0.0014 127 -10 284 98
migao 0.0014 112 171 210 236
migao 0.0013 113 -94 194 33
migao 0.0011 46 154 260 249
migao 0.0010 34 -13 125 81
wagui 0.2439 72 51 191 161
wagui 0.0364 162 16 244 76
wagui 0.0307 20 47 242 145
wagui 0.0072 33 0 125 88
wagui 0.0036 60 -130 256 57
wagui 0.0032 170 16 263 112
wagui 0.0018 63 51 160 121
wagui 0.0014 114 185 186 224
wagui 0.0013 116 134 191 268
wagui 0.0012 132 21 285 71
wagui 0.0012 46 154 260 249
wagui 0.0011 111 -49 190 -6
wagui 0.0010 113 -94 194 33
wagui 0.0010 43 -80 264 19
