Kongrou 0.0129 48 17 161 166
Kongrou 0.0015 144 -16 242 81
Kongrou 0.0010 15 30 192 134
Kongrou 0.0010 105 178 179 227
Rouzaofun 0.0045 6 35 181 148
Rouzaofun 0.0011 27 -12 121 56
Rouzaofun 0.0010 144 -16 242 81
Rice_with_Shredded_Chicken 0.0157 143 -21 244 105
Rice_with_Shredded_Chicken 0.0086 -4 32 184 156
Rice_with_Shredded_Chicken 0.0043 27 -12 121 56
Rice_with_Shredded_Chicken 0.0021 100 -6 287 91
migao 0.0133 6 35 181 148
migao 0.0035 143 -21 244 105
migao 0.0022 27 -12 121 56
migao 0.0016 100 -6 287 91
migao 0.0011 63 16 165 166
migao 0.0011 105 178 179 227
wagui 0.2222 34 17 154 166
wagui 0.0753 143 -21 244 105
wagui 0.0417 27 -12 121 56
wagui 0.0083 100 -6 287 91
wagui 0.0028 -15 35 196 192
wagui 0.0016 -18 -28 168 73
wagui 0.0012 -11 100 191 213
wagui 0.0011 -74 -56 94 131
