Kongrou 0.0612 11 14 581 431
Kongrou 0.0058 67 73 325 400
Kongrou 0.0054 123 -19 660 289
Kongrou 0.0051 -19 117 407 356
Kongrou 0.0038 314 -50 586 201
Kongrou 0.0034 221 66 628 359
Kongrou 0.0031 305 450 421 541
Kongrou 0.0017 274 407 452 584
Kongrou 0.0015 299 468 380 546
Kongrou 0.0013 265 336 407 645
Kongrou 0.0013 324 0 576 335
Kongrou 0.0011 -60 309 304 693
Kongrou 0.0010 459 400 667 578
Rouzaofun 0.0076 11 14 581 431
Rouzaofun 0.0043 305 450 421 541
Rouzaofun 0.0027 274 407 452 584
Rouzaofun 0.0023 299 468 380 546
Rouzaofun 0.0019 -60 309 304 693
Rouzaofun 0.0017 -43 111 386 361
Rouzaofun 0.0011 205 395 371 502
Rouzaofun 0.0011 221 66 628 359
Rouzaofun 0.0011 459 400 667 578
Rouzaofun 0.0010 265 336 407 645
Rice_with_Shredded_Chicken 0.0220 11 14 581 431
Rice_with_Shredded_Chicken 0.0042 305 450 421 541
Rice_with_Shredded_Chicken 0.0026 -43 111 386 361
Rice_with_Shredded_Chicken 0.0025 299 468 380 546
Rice_with_Shredded_Chicken 0.0024 274 407 452 584
Rice_with_Shredded_Chicken 0.0018 -60 309 304 693
Rice_with_Shredded_Chicken 0.0017 255 65 639 361
Rice_with_Shredded_Chicken 0.0013 123 -19 660 289
Rice_with_Shredded_Chicken 0.0011 265 336 407 645
Rice_with_Shredded_Chicken 0.0010 166 391 504 587
migao 0.0224 11 14 581 431
migao 0.0040 305 450 421 541
migao 0.0031 -19 117 407 356
migao 0.0023 299 468 380 546
migao 0.0020 274 407 452 584
migao 0.0020 221 66 628 359
migao 0.0018 216 -23 679 220
migao 0.0014 67 73 325 400
migao 0.0013 -60 309 304 693
migao 0.0012 265 336 407 645
migao 0.0010 459 400 667 578
wagui 0.0041 315 449 434 541
wagui 0.0030 11 14 581 431
wagui 0.0025 299 468 380 546
wagui 0.0021 274 407 452 584
wagui 0.0015 -60 309 304 693
wagui 0.0010 187 419 332 457
