Kongrou 0.0789 271 -74 712 490
Kongrou 0.0395 269 61 910 711
Kongrou 0.0315 111 10 865 405
Kongrou 0.0025 455 684 669 997
Kongrou 0.0025 426 719 697 890
Kongrou 0.0024 452 73 843 578
Kongrou 0.0022 423 577 723 1095
Kongrou 0.0015 282 642 866 1023
Rouzaofun 0.0039 111 10 865 405
Rouzaofun 0.0033 278 167 936 640
Rouzaofun 0.0023 455 684 669 997
Rouzaofun 0.0019 423 577 723 1095
Rouzaofun 0.0017 282 642 866 1023
Rouzaofun 0.0014 264 -36 719 523
Rouzaofun 0.0013 164 7 848 767
Rouzaofun 0.0013 426 719 697 890
Rouzaofun 0.0012 -83 419 783 1123
Rouzaofun 0.0011 336 682 558 993
Rice_with_Shredded_Chicken 0.0057 111 10 865 405
Rice_with_Shredded_Chicken 0.0044 278 167 936 640
Rice_with_Shredded_Chicken 0.0043 271 -74 712 490
Rice_with_Shredded_Chicken 0.0029 455 684 669 997
Rice_with_Shredded_Chicken 0.0018 423 577 723 1095
Rice_with_Shredded_Chicken 0.0018 282 642 866 1023
Rice_with_Shredded_Chicken 0.0016 164 7 848 767
Rice_with_Shredded_Chicken 0.0012 -83 419 783 1123
migao 0.0212 111 10 865 405
migao 0.0207 271 -74 712 490
migao 0.0125 269 61 910 711
migao 0.0039 455 684 669 997
migao 0.0024 426 719 697 890
migao 0.0024 423 577 723 1095
migao 0.0017 282 642 866 1023
migao 0.0011 407 681 558 996
wagui 0.0050 271 -74 712 490
wagui 0.0047 111 10 865 405
wagui 0.0028 269 61 910 711
wagui 0.0021 809 2 1021 117
wagui 0.0019 423 577 723 1095
wagui 0.0016 455 684 669 997
wagui 0.0011 426 719 697 890
wagui 0.0010 76 -3 298 84
wagui 0.0010 282 642 866 1023
