Kongrou 0.1163 51 69 788 606
Kongrou 0.0137 453 -27 756 389
Kongrou 0.0072 399 656 597 771
Kongrou 0.0067 322 17 880 350
Kongrou 0.0049 264 126 684 631
Kongrou 0.0042 366 594 629 833
Kongrou 0.0034 339 477 610 938
Kongrou 0.0032 235 530 712 880
Kongrou 0.0020 77 240 641 683
Kongrou 0.0013 40 -54 377 229
Kongrou 0.0010 -193 -488 519 356
Kongrou 0.0010 425 693 602 799
Rouzaofun 0.0152 33 39 815 619
Rouzaofun 0.0084 399 656 597 771
Rouzaofun 0.0052 366 594 629 833
Rouzaofun 0.0035 235 530 712 880
Rouzaofun 0.0030 339 477 610 938
Rouzaofun 0.0014 294 -22 845 329
Rouzaofun 0.0013 187 -220 494 131
Rouzaofun 0.0012 425 693 602 799
Rouzaofun 0.0012 -117 -345 460 225
Rouzaofun 0.0010 40 -54 377 229
Rouzaofun 0.0010 318 42 776 242
Rice_with_Shredded_Chicken 0.0672 33 39 815 619
Rice_with_Shredded_Chicken 0.0083 399 656 597 771
Rice_with_Shredded_Chicken 0.0049 366 594 629 833
Rice_with_Shredded_Chicken 0.0032 339 477 610 938
Rice_with_Shredded_Chicken 0.0031 235 530 712 880
Rice_with_Shredded_Chicken 0.0021 294 -22 845 329
Rice_with_Shredded_Chicken 0.0014 -117 -345 460 225
Rice_with_Shredded_Chicken 0.0012 425 693 602 799
Rice_with_Shredded_Chicken 0.0011 77 240 641 683
Rice_with_Shredded_Chicken 0.0011 273 77 675 620
Rice_with_Shredded_Chicken 0.0010 187 -220 494 131
migao 0.0734 33 39 815 619
migao 0.0082 399 656 597 771
migao 0.0051 365 578 569 838
migao 0.0039 322 17 880 350
migao 0.0035 339 477 610 938
migao 0.0033 235 530 712 880
migao 0.0025 453 -27 756 389
migao 0.0021 273 77 675 620
migao 0.0012 425 693 602 799
migao 0.0010 -193 -488 519 356
migao 0.0010 159 -210 454 122
wagui 0.0088 399 656 597 771
wagui 0.0052 33 39 815 619
wagui 0.0048 366 594 629 833
wagui 0.0029 339 477 610 938
wagui 0.0026 235 530 712 880
wagui 0.0020 322 17 880 350
wagui 0.0017 453 -27 756 389
wagui 0.0014 425 693 602 799
wagui 0.0010 -193 -488 519 356
