Kongrou 0.3411 110 16 681 526
Kongrou 0.0030 192 -28 576 409
Kongrou 0.0028 319 25 633 474
Kongrou 0.0027 343 -144 592 -18
Kongrou 0.0024 353 -282 604 106
Kongrou 0.0018 306 490 518 639
Kongrou 0.0017 187 -222 766 47
Kongrou 0.0015 223 -382 819 167
Kongrou 0.0014 286 197 548 918
Kongrou 0.0012 149 430 681 689
Kongrou 0.0011 10 -495 929 269
Rouzaofun 0.0271 74 -34 722 568
Rouzaofun 0.0060 219 15 611 483
Rouzaofun 0.0024 343 -144 592 -18
Rouzaofun 0.0019 353 -282 604 106
Rouzaofun 0.0016 306 490 518 639
Rouzaofun 0.0014 187 -222 766 47
Rouzaofun 0.0012 10 -495 929 269
Rouzaofun 0.0011 200 -367 709 149
Rouzaofun 0.0011 149 430 681 689
Rouzaofun 0.0011 286 197 548 918
Rice_with_Shredded_Chicken 0.0123 74 -34 722 568
Rice_with_Shredded_Chicken 0.0024 343 -144 592 -18
Rice_with_Shredded_Chicken 0.0019 353 -282 604 106
Rice_with_Shredded_Chicken 0.0018 147 -326 777 113
Rice_with_Shredded_Chicken 0.0017 10 -495 929 269
Rice_with_Shredded_Chicken 0.0014 286 197 548 918
Rice_with_Shredded_Chicken 0.0014 219 15 611 483
Rice_with_Shredded_Chicken 0.0011 306 490 518 639
migao 0.1052 74 -34 722 568
migao 0.0114 219 15 611 483
migao 0.0031 343 -144 592 -18
migao 0.0023 353 -282 604 106
migao 0.0020 147 -326 777 113
migao 0.0016 306 490 518 639
migao 0.0014 10 -495 929 269
migao 0.0013 286 197 548 918
migao 0.0011 149 430 681 689
migao 0.0010 340 507 598 681
wagui 0.0604 24 18 655 525
wagui 0.0081 267 25 624 473
wagui 0.0023 343 -144 592 -18
wagui 0.0022 10 -495 929 269
wagui 0.0018 353 -282 604 106
wagui 0.0016 187 -222 766 47
wagui 0.0014 306 490 518 639
wagui 0.0012 286 197 548 918
wagui 0.0012 223 -382 819 167
wagui 0.0010 149 430 681 689
