Kongrou 0.0768 260 -2 634 444
Kongrou 0.0458 128 65 759 376
Kongrou 0.0074 70 -21 725 549
Kongrou 0.0027 51 -35 408 172
Kongrou 0.0016 177 208 748 566
Kongrou 0.0015 170 -381 746 168
Kongrou 0.0012 405 321 887 831
Rouzaofun 0.0058 51 -35 408 172
Rouzaofun 0.0042 78 64 730 478
Rouzaofun 0.0015 489 -20 772 152
Rouzaofun 0.0013 170 -381 746 168
Rouzaofun 0.0013 750 119 802 274
Rouzaofun 0.0010 247 37 588 462
Rouzaofun 0.0010 -104 -77 561 217
Rice_with_Shredded_Chicken 0.0436 51 -35 408 172
Rice_with_Shredded_Chicken 0.0167 92 104 724 538
Rice_with_Shredded_Chicken 0.0064 260 -2 634 444
Rice_with_Shredded_Chicken 0.0031 145 42 744 339
Rice_with_Shredded_Chicken 0.0021 -104 -77 561 217
Rice_with_Shredded_Chicken 0.0018 751 130 801 293
Rice_with_Shredded_Chicken 0.0016 157 -311 763 97
Rice_with_Shredded_Chicken 0.0014 489 -20 772 152
Rice_with_Shredded_Chicken 0.0012 239 206 653 547
Rice_with_Shredded_Chicken 0.0010 405 321 887 831
migao 0.0277 128 65 759 376
migao 0.0200 260 -2 634 444
migao 0.0059 51 -35 408 172
migao 0.0054 70 -21 725 549
migao 0.0022 750 119 802 274
migao 0.0015 157 -311 763 97
migao 0.0011 405 321 887 831
migao 0.0011 177 208 748 566
wagui 0.1217 51 -35 408 172
wagui 0.0047 137 106 792 538
wagui 0.0043 750 119 802 274
wagui 0.0037 -104 -77 561 217
wagui 0.0024 142 61 687 382
wagui 0.0014 276 202 677 549
wagui 0.0013 170 -381 746 168
wagui 0.0010 358 290 929 843
