Kongrou 0.0197 41 15 221 174
Kongrou 0.0054 2 -16 87 61
Kongrou 0.0037 174 -17 252 65
Kongrou 0.0014 10 165 116 237
Kongrou 0.0010 -45 150 174 250
Rouzaofun 0.7523 20 16 241 173
Rouzaofun 0.0555 172 -13 254 78
Rouzaofun 0.0123 10 -14 98 60
Rouzaofun 0.0063 46 39 182 165
Rouzaofun 0.0050 85 30 223 154
Rouzaofun 0.0034 140 -20 286 86
Rouzaofun 0.0023 10 165 116 237
Rouzaofun 0.0022 195 -2 268 62
Rouzaofun 0.0021 67 0 181 124
Rouzaofun 0.0019 190 9 252 50
Rouzaofun 0.0014 -26 -29 135 75
Rouzaofun 0.0012 -45 150 174 250
Rouzaofun 0.0011 161 1 281 48
Rouzaofun 0.0010 41 22 127 142
Rice_with_Shredded_Chicken 0.0662 41 15 221 174
Rice_with_Shredded_Chicken 0.0553 10 -14 98 60
Rice_with_Shredded_Chicken 0.0044 172 -13 254 78
Rice_with_Shredded_Chicken 0.0028 -26 -29 135 75
Rice_with_Shredded_Chicken 0.0021 14 167 132 235
Rice_with_Shredded_Chicken 0.0010 140 -20 286 86
migao 0.2486 20 16 241 173
migao 0.0332 172 -13 254 78
migao 0.0183 10 -14 98 60
migao 0.0026 140 -20 286 86
migao 0.0016 195 -2 268 62
migao 0.0015 10 165 116 237
migao 0.0014 -26 -29 135 75
migao 0.0013 190 9 252 50
migao 0.0013 46 39 182 165
wagui 0.1366 10 -14 98 60
wagui 0.0829 20 21 238 173
wagui 0.0234 161 -14 248 78
wagui 0.0049 177 -1 265 61
wagui 0.0046 -26 -29 135 75
wagui 0.0016 139 -26 287 71
wagui 0.0015 14 167 132 235
wagui 0.0012 108 0 165 19
wagui 0.0012 187 8 245 51
