Kongrou 0.0054 117 -41 206 9
Kongrou 0.0053 111 -73 218 37
Kongrou 0.0048 14 7 246 155
Kongrou 0.0023 69 1 199 104
Kongrou 0.0021 77 170 150 217
Kongrou 0.0012 78 -107 257 59
Kongrou 0.0010 84 -47 164 -3
Rouzaofun 0.0254 17 16 242 182
Rouzaofun 0.0056 117 -41 206 9
Rouzaofun 0.0040 111 -73 218 37
Rouzaofun 0.0014 88 172 159 215
Rouzaofun 0.0012 53 65 196 179
Rouzaofun 0.0012 4 -9 144 74
Rouzaofun 0.0010 78 -107 257 59
Rouzaofun 0.0010 37 175 129 246
Rice_with_Shredded_Chicken 0.0181 33 7 223 185
Rice_with_Shredded_Chicken 0.0049 117 -41 206 9
Rice_with_Shredded_Chicken 0.0042 111 -73 218 37
Rice_with_Shredded_Chicken 0.0013 78 -107 257 59
Rice_with_Shredded_Chicken 0.0010 6 -48 100 15
migao 0.0208 17 16 242 182
migao 0.0067 117 -41 206 9
migao 0.0048 111 -73 218 37
migao 0.0014 88 172 159 215
migao 0.0011 108 182 175 223
migao 0.0010 77 -96 263 51
wagui 0.6561 17 16 242 182
wagui 0.0118 69 1 199 104
wagui 0.0041 111 -73 218 37
wagui 0.0034 117 -41 206 9
wagui 0.0032 151 26 255 118
wagui 0.0016 77 22 230 140
wagui 0.0016 84 -47 164 -3
wagui 0.0011 72 -134 269 85
wagui 0.0010 88 172 159 215
