Kongrou 0.1031 109 95 599 485
Kongrou 0.0311 57 -38 354 162
Kongrou 0.0032 -86 -57 446 181
Kongrou 0.0029 46 17 668 366
Kongrou 0.0019 197 177 424 399
Kongrou 0.0019 432 -50 700 229
Kongrou 0.0016 319 472 523 599
Kongrou 0.0016 246 454 444 566
Kongrou 0.0013 303 345 557 714
Kongrou 0.0013 161 256 775 766
Kongrou 0.0011 200 409 655 646
Kongrou 0.0010 210 60 535 394
Kongrou 0.0010 129 54 395 453
Rouzaofun 0.0258 109 95 599 485
Rouzaofun 0.0205 432 -50 700 229
Rouzaofun 0.0074 35 -35 324 161
Rouzaofun 0.0027 -86 -57 446 181
Rouzaofun 0.0020 300 -20 779 252
Rouzaofun 0.0020 197 177 424 399
Rouzaofun 0.0014 319 472 523 599
Rouzaofun 0.0011 200 409 655 646
Rouzaofun 0.0011 127 211 494 365
Rouzaofun 0.0010 303 345 557 714
Rice_with_Shredded_Chicken 0.0568 109 95 599 485
Rice_with_Shredded_Chicken 0.0221 396 -44 687 271
Rice_with_Shredded_Chicken 0.0132 23 -41 337 216
Rice_with_Shredded_Chicken 0.0013 319 472 523 599
Rice_with_Shredded_Chicken 0.0010 387 534 456 625
Rice_with_Shredded_Chicken 0.0010 197 177 424 399
Rice_with_Shredded_Chicken 0.0010 161 256 775 766
migao 0.2246 109 95 599 485
migao 0.0293 35 -35 324 161
migao 0.0096 432 -50 700 229
migao 0.0036 -86 -57 446 181
migao 0.0019 319 472 523 599
migao 0.0016 197 177 424 399
migao 0.0014 303 345 557 714
migao 0.0011 200 409 655 646
migao 0.0011 6 -33 719 405
migao 0.0011 161 256 775 766
migao 0.0010 300 -20 779 252
migao 0.0010 127 211 494 365
wagui 0.2976 35 -35 324 161
wagui 0.0592 397 -51 684 231
wagui 0.0365 109 95 599 485
wagui 0.0135 -86 -57 446 181
wagui 0.0019 246 454 444 566
wagui 0.0012 285 -3 793 289
wagui 0.0011 197 177 424 399
wagui 0.0011 303 345 557 714
wagui 0.0011 387 534 456 625
wagui 0.0010 161 256 775 766
