Kongrou 0.0280 38 3 159 131
Kongrou 0.0090 -25 2 253 145
Kongrou 0.0047 75 -117 277 51
Kongrou 0.0036 64 -59 153 -10
Kongrou 0.0019 119 -41 196 -6
Kongrou 0.0019 124 -90 198 37
Kongrou 0.0013 53 -67 268 14
Kongrou 0.0011 34 59 273 173
Kongrou 0.0010 -37 -109 102 47
Rouzaofun 0.0080 -1 21 271 162
Rouzaofun 0.0067 12 71 262 193
Rouzaofun 0.0037 75 -117 277 51
Rouzaofun 0.0034 64 -59 153 -10
Rouzaofun 0.0029 1 11 193 124
Rouzaofun 0.0016 119 -41 196 -6
Rouzaofun 0.0013 124 -90 198 37
Rouzaofun 0.0013 231 125 281 252
Rouzaofun 0.0011 53 -67 268 14
Rouzaofun 0.0011 -37 -109 102 47
Rouzaofun 0.0010 -1 -167 319 97
Rice_with_Shredded_Chicken 0.0141 12 71 262 193
Rice_with_Shredded_Chicken 0.0041 75 -117 277 51
Rice_with_Shredded_Chicken 0.0040 38 3 159 131
Rice_with_Shredded_Chicken 0.0023 34 10 234 173
Rice_with_Shredded_Chicken 0.0022 -19 18 194 137
Rice_with_Shredded_Chicken 0.0016 119 -41 196 -6
Rice_with_Shredded_Chicken 0.0014 124 -90 198 37
Rice_with_Shredded_Chicken 0.0014 -1 -167 319 97
Rice_with_Shredded_Chicken 0.0011 53 -67 268 14
Rice_with_Shredded_Chicken 0.0010 -37 -109 102 47
migao 0.0083 -1 21 271 162
migao 0.0068 38 3 159 131
migao 0.0046 12 71 262 193
migao 0.0038 75 -117 277 51
migao 0.0022 119 -41 196 -6
migao 0.0018 124 -90 198 37
migao 0.0014 64 -59 153 -10
migao 0.0014 53 -67 268 14
migao 0.0011 -1 -167 319 97
migao 0.0011 231 125 281 252
migao 0.0011 101 -62 131 31
migao 0.0010 -37 -109 102 47
migao 0.0010 210 143 303 234
wagui 0.0807 -1 21 271 162
wagui 0.0568 38 3 159 131
wagui 0.0290 12 71 262 193
wagui 0.0117 78 63 222 153
wagui 0.0039 75 -117 277 51
wagui 0.0026 68 34 245 235
wagui 0.0019 -1 -167 319 97
wagui 0.0018 64 -59 153 -10
wagui 0.0015 119 -41 196 -6
wagui 0.0013 124 -90 198 37
wagui 0.0011 53 -67 268 14
wagui 0.0010 231 125 281 252
wagui 0.0010 210 143 303 234
