Kongrou 0.0192 66 20 150 93
Kongrou 0.0087 213 33 278 133
Kongrou 0.0083 41 32 234 194
Kongrou 0.0035 83 -127 274 53
Kongrou 0.0024 194 50 296 116
Kongrou 0.0018 118 -50 203 -5
Kongrou 0.0017 119 -96 210 35
Kongrou 0.0017 21 -6 209 145
Kongrou 0.0014 215 45 275 90
Kongrou 0.0012 -2 -167 324 90
Kongrou 0.0012 66 -76 261 16
Rouzaofun 0.3541 29 48 245 175
Rouzaofun 0.0148 66 20 150 93
Rouzaofun 0.0137 213 33 278 133
Rouzaofun 0.0045 194 50 296 116
Rouzaofun 0.0031 80 78 205 177
Rouzaofun 0.0026 83 -127 274 53
Rouzaofun 0.0023 215 45 275 90
Rouzaofun 0.0018 118 -50 203 -5
Rouzaofun 0.0016 55 54 167 181
Rouzaofun 0.0016 102 33 225 162
Rouzaofun 0.0015 43 29 184 84
Rouzaofun 0.0014 119 -96 210 35
Rouzaofun 0.0014 -2 -167 324 90
Rouzaofun 0.0013 221 56 270 111
Rouzaofun 0.0011 98 -14 188 59
Rouzaofun 0.0010 66 -76 261 16
Rouzaofun 0.0010 200 115 281 189
Rice_with_Shredded_Chicken 0.0519 29 48 245 175
Rice_with_Shredded_Chicken 0.0124 60 26 145 98
Rice_with_Shredded_Chicken 0.0083 213 33 278 133
Rice_with_Shredded_Chicken 0.0036 194 50 296 116
Rice_with_Shredded_Chicken 0.0033 83 -127 274 53
Rice_with_Shredded_Chicken 0.0025 98 -14 188 59
Rice_with_Shredded_Chicken 0.0019 -2 -167 324 90
Rice_with_Shredded_Chicken 0.0018 118 -50 203 -5
Rice_with_Shredded_Chicken 0.0014 119 -96 210 35
Rice_with_Shredded_Chicken 0.0011 215 45 275 90
Rice_with_Shredded_Chicken 0.0010 66 -76 261 16
migao 0.0887 29 48 245 175
migao 0.0231 60 26 145 98
migao 0.0113 213 33 278 133
migao 0.0049 194 50 296 116
migao 0.0031 86 -111 273 40
migao 0.0022 118 -50 203 -5
migao 0.0017 215 45 275 90
migao 0.0017 119 -96 210 35
migao 0.0016 -2 -167 324 90
migao 0.0011 42 35 185 89
wagui 0.0219 29 48 245 175
wagui 0.0208 60 26 145 98
wagui 0.0070 213 33 278 133
wagui 0.0068 98 -14 188 59
wagui 0.0033 194 50 296 116
wagui 0.0031 83 -127 274 53
wagui 0.0025 -2 -167 324 90
wagui 0.0014 197 121 284 193
wagui 0.0014 118 -50 203 -5
wagui 0.0013 119 -96 210 35
wagui 0.0011 107 0 173 29
wagui 0.0011 66 -76 261 16
wagui 0.0011 215 45 275 90
wagui 0.0010 42 35 185 89
