Kongrou 0.5842 40 -19 554 422
Kongrou 0.0046 254 -110 447 -12
Kongrou 0.0037 260 -219 458 87
Kongrou 0.0037 256 28 505 350
Kongrou 0.0025 146 -169 567 37
Kongrou 0.0019 71 15 368 363
Kongrou 0.0019 336 443 413 521
Kongrou 0.0019 89 -45 499 264
Kongrou 0.0017 193 -315 589 154
Kongrou 0.0014 278 -41 481 189
Kongrou 0.0010 9 -374 695 205
Rouzaofun 0.0403 39 -11 556 411
Rouzaofun 0.0043 254 -110 447 -12
Rouzaofun 0.0031 260 -219 458 87
Rouzaofun 0.0028 336 443 413 521
Rouzaofun 0.0023 146 -169 567 37
Rouzaofun 0.0014 197 53 560 325
Rouzaofun 0.0012 166 -276 516 113
Rouzaofun 0.0012 258 114 537 274
Rouzaofun 0.0012 9 -374 695 205
Rouzaofun 0.0011 294 387 456 581
Rice_with_Shredded_Chicken 0.0311 39 -11 556 411
Rice_with_Shredded_Chicken 0.0045 254 -110 447 -12
Rice_with_Shredded_Chicken 0.0032 336 443 413 521
Rice_with_Shredded_Chicken 0.0031 260 -219 458 87
Rice_with_Shredded_Chicken 0.0022 146 -169 567 37
Rice_with_Shredded_Chicken 0.0017 9 -374 695 205
Rice_with_Shredded_Chicken 0.0016 193 -315 589 154
Rice_with_Shredded_Chicken 0.0012 294 387 456 581
Rice_with_Shredded_Chicken 0.0010 197 53 560 325
migao 0.2334 39 -11 556 411
migao 0.0053 254 -110 447 -12
migao 0.0036 260 -219 458 87
migao 0.0028 336 443 413 521
migao 0.0027 146 -169 567 37
migao 0.0014 9 -374 695 205
migao 0.0012 197 53 560 325
migao 0.0012 193 -315 589 154
migao 0.0011 258 114 537 274
migao 0.0010 294 387 456 581
wagui 0.0484 39 -11 556 411
wagui 0.0038 254 -110 447 -12
wagui 0.0035 336 443 413 521
wagui 0.0030 260 -219 458 87
wagui 0.0024 146 -169 567 37
wagui 0.0022 9 -374 695 205
wagui 0.0015 197 53 560 325
wagui 0.0014 27 -23 270 171
wagui 0.0013 193 -315 589 154
wagui 0.0011 -83 -281 498 119
wagui 0.0011 294 387 456 581
wagui 0.0010 258 114 537 274
