Kongrou 0.0319 45 17 216 175
Kongrou 0.0030 157 45 216 123
Kongrou 0.0021 139 30 229 136
Kongrou 0.0015 45 -115 253 69
Kongrou 0.0011 122 140 187 283
Kongrou 0.0010 -2 179 132 242
Kongrou 0.0010 86 -55 221 57
Rouzaofun 0.5903 38 14 219 177
Rouzaofun 0.0178 50 38 159 165
Rouzaofun 0.0022 157 45 216 123
Rouzaofun 0.0020 1 -33 260 146
Rouzaofun 0.0014 61 -21 207 45
Rouzaofun 0.0014 27 19 181 124
Rouzaofun 0.0014 63 83 141 155
Rouzaofun 0.0012 44 -88 255 39
Rouzaofun 0.0012 -2 179 132 242
Rouzaofun 0.0010 133 -42 169 12
Rouzaofun 0.0010 126 172 177 252
Rouzaofun 0.0010 86 -55 221 57
Rice_with_Shredded_Chicken 0.0943 45 17 216 175
Rice_with_Shredded_Chicken 0.0023 21 43 168 160
Rice_with_Shredded_Chicken 0.0017 44 -88 255 39
Rice_with_Shredded_Chicken 0.0016 157 45 216 123
Rice_with_Shredded_Chicken 0.0013 133 -42 169 12
Rice_with_Shredded_Chicken 0.0011 -2 179 132 242
Rice_with_Shredded_Chicken 0.0010 61 -21 207 45
Rice_with_Shredded_Chicken 0.0010 126 172 177 252
migao 0.1937 38 14 219 177
migao 0.0035 50 38 159 165
migao 0.0029 157 45 216 123
migao 0.0014 126 172 177 252
migao 0.0014 133 -42 169 12
migao 0.0014 44 -88 255 39
migao 0.0011 122 140 187 283
wagui 0.2192 21 12 237 180
wagui 0.0031 38 36 191 147
wagui 0.0028 157 45 216 123
wagui 0.0019 -2 179 132 242
wagui 0.0014 45 -115 253 69
wagui 0.0011 133 -42 169 12
wagui 0.0010 35 137 225 287
