Kongrou 0.0065 210 110 262 197
Kongrou 0.0027 21 50 226 153
Kongrou 0.0023 196 121 276 177
Kongrou 0.0021 116 -42 206 9
Kongrou 0.0018 121 -82 188 46
Kongrou 0.0018 115 -28 186 -1
Kongrou 0.0011 44 -52 264 18
Kongrou 0.0011 -4 -63 91 29
Kongrou 0.0011 216 137 256 191
Kongrou 0.0010 188 -4 265 63
Kongrou 0.0010 72 -46 156 -4
Kongrou 0.0010 124 140 185 282
Rouzaofun 0.0202 210 110 262 197
Rouzaofun 0.0126 63 29 186 173
Rouzaofun 0.0123 21 50 226 153
Rouzaofun 0.0057 196 126 276 182
Rouzaofun 0.0023 116 -42 206 9
Rouzaofun 0.0018 223 121 258 186
Rouzaofun 0.0015 113 -83 216 47
Rouzaofun 0.0012 76 -65 251 29
Rouzaofun 0.0011 188 -4 265 63
Rouzaofun 0.0011 115 -28 186 -1
Rouzaofun 0.0011 56 59 147 139
Rouzaofun 0.0010 -4 -63 91 29
Rice_with_Shredded_Chicken 0.0406 63 29 186 173
Rice_with_Shredded_Chicken 0.0148 21 50 226 153
Rice_with_Shredded_Chicken 0.0133 210 110 262 197
Rice_with_Shredded_Chicken 0.0039 196 126 276 182
Rice_with_Shredded_Chicken 0.0023 116 -42 206 9
Rice_with_Shredded_Chicken 0.0015 121 -82 188 46
Rice_with_Shredded_Chicken 0.0012 216 137 256 191
Rice_with_Shredded_Chicken 0.0010 115 -28 186 -1
Rice_with_Shredded_Chicken 0.0010 76 -65 251 29
Rice_with_Shredded_Chicken 0.0010 -81 -107 104 101
Rice_with_Shredded_Chicken 0.0010 -4 -63 91 29
migao 0.0200 63 29 186 173
migao 0.0185 210 110 262 197
migao 0.0134 21 50 226 153
migao 0.0052 196 126 276 182
migao 0.0025 116 -42 206 9
migao 0.0017 115 -28 186 -1
migao 0.0017 113 -83 216 47
migao 0.0014 216 137 256 191
migao 0.0013 76 -65 251 29
migao 0.0013 128 169 175 255
migao 0.0011 230 128 262 189
migao 0.0011 107 -55 135 43
migao 0.0010 188 -4 265 63
migao 0.0010 124 140 185 282
wagui 0.5632 63 29 186 173
wagui 0.1207 21 50 226 153
wagui 0.0247 210 110 262 197
wagui 0.0134 183 -16 264 81
wagui 0.0056 196 126 276 182
wagui 0.0025 216 137 256 191
wagui 0.0023 230 128 262 189
wagui 0.0021 152 -24 295 91
wagui 0.0017 116 -42 206 9
wagui 0.0016 113 -83 216 47
wagui 0.0016 218 113 253 174
wagui 0.0016 115 -28 186 -1
wagui 0.0013 72 -46 156 -4
wagui 0.0012 201 106 285 216
wagui 0.0011 76 -65 251 29
wagui 0.0010 -52 -42 109 193
wagui 0.0010 50 26 138 156
