Kongrou 0.4083 122 60 773 451
Kongrou 0.0030 181 13 567 411
Kongrou 0.0024 86 184 812 569
Kongrou 0.0023 -167 -147 461 297
Kongrou 0.0022 -24 -261 327 406
Kongrou 0.0022 341 501 572 647
Kongrou 0.0022 -1 -14 275 194
Kongrou 0.0019 185 -365 703 145
Kongrou 0.0019 333 371 598 765
Kongrou 0.0015 25 -454 886 229
Kongrou 0.0014 217 426 712 705
Kongrou 0.0011 394 96 714 443
Kongrou 0.0011 330 -158 583 -12
Rouzaofun 0.0123 3 5 773 505
Rouzaofun 0.0034 -167 -147 461 297
Rouzaofun 0.0025 -24 -261 327 406
Rouzaofun 0.0020 -1 -14 275 194
Rouzaofun 0.0018 341 501 572 647
Rouzaofun 0.0017 185 -365 703 145
Rouzaofun 0.0016 176 106 808 433
Rouzaofun 0.0015 333 371 598 765
Rouzaofun 0.0014 25 -454 886 229
Rouzaofun 0.0013 217 426 712 705
Rouzaofun 0.0012 330 -158 583 -12
Rice_with_Shredded_Chicken 0.0089 122 60 773 451
Rice_with_Shredded_Chicken 0.0038 -1 -14 275 194
Rice_with_Shredded_Chicken 0.0033 -167 -147 461 297
Rice_with_Shredded_Chicken 0.0027 -24 -261 327 406
Rice_with_Shredded_Chicken 0.0022 156 -318 743 100
Rice_with_Shredded_Chicken 0.0021 25 -454 886 229
Rice_with_Shredded_Chicken 0.0017 341 501 572 647
Rice_with_Shredded_Chicken 0.0013 333 371 598 765
Rice_with_Shredded_Chicken 0.0012 330 -158 583 -12
Rice_with_Shredded_Chicken 0.0011 217 426 712 705
Rice_with_Shredded_Chicken 0.0011 421 573 493 672
migao 0.1057 122 60 773 451
migao 0.0028 -1 -14 275 194
migao 0.0026 341 501 572 647
migao 0.0026 -167 -147 461 297
migao 0.0023 156 -318 743 100
migao 0.0021 -24 -261 327 406
migao 0.0018 333 371 598 765
migao 0.0017 25 -454 886 229
migao 0.0013 330 -158 583 -12
migao 0.0012 217 426 712 705
migao 0.0010 331 584 432 693
wagui 0.0263 12 65 773 444
wagui 0.0053 -1 -14 275 194
wagui 0.0031 -167 -147 461 297
wagui 0.0028 -24 -261 327 406
wagui 0.0023 25 -454 886 229
wagui 0.0017 156 -318 743 100
wagui 0.0015 333 371 598 765
wagui 0.0012 223 9 646 473
wagui 0.0012 341 501 572 647
wagui 0.0011 217 426 712 705
wagui 0.0010 421 573 493 672
