Kongrou 0.1087 194 276 976 1077
Kongrou 0.0229 97 -70 493 503
Kongrou 0.0080 -87 10 596 420
Kongrou 0.0056 457 408 841 1048
Kongrou 0.0051 297 500 1001 956
Kongrou 0.0042 268 305 637 838
Kongrou 0.0026 156 360 903 783
Kongrou 0.0026 156 26 452 386
Kongrou 0.0018 337 255 802 886
Kongrou 0.0014 46 57 523 315
Kongrou 0.0012 -206 656 403 1352
Kongrou 0.0011 -338 761 451 1156
Kongrou 0.0010 -167 803 278 1126
Rouzaofun 0.0127 217 416 954 1076
Rouzaofun 0.0030 156 26 452 386
Rouzaofun 0.0021 -26 4 614 428
Rouzaofun 0.0019 66 58 542 315
Rouzaofun 0.0012 -338 761 451 1156
Rouzaofun 0.0012 -167 803 278 1126
Rouzaofun 0.0012 -206 656 403 1352
Rouzaofun 0.0011 530 5 1084 432
Rouzaofun 0.0010 -87 -101 1111 336
Rice_with_Shredded_Chicken 0.0263 194 276 976 1077
Rice_with_Shredded_Chicken 0.0063 634 -45 981 474
Rice_with_Shredded_Chicken 0.0053 -26 4 614 428
Rice_with_Shredded_Chicken 0.0015 156 26 452 386
Rice_with_Shredded_Chicken 0.0015 297 500 1001 956
Rice_with_Shredded_Chicken 0.0013 46 57 523 315
Rice_with_Shredded_Chicken 0.0011 -206 656 403 1352
Rice_with_Shredded_Chicken 0.0010 -167 803 278 1126
Rice_with_Shredded_Chicken 0.0010 506 53 1108 456
Rice_with_Shredded_Chicken 0.0010 156 360 903 783
migao 0.0742 217 416 954 1076
migao 0.0093 -26 4 614 428
migao 0.0041 172 -57 496 489
migao 0.0034 634 -45 981 474
migao 0.0024 457 408 841 1048
migao 0.0021 72 76 537 335
migao 0.0017 156 360 903 783
migao 0.0014 -206 656 403 1352
migao 0.0012 268 305 637 838
migao 0.0010 -338 761 451 1156
wagui 0.0499 634 -45 981 474
wagui 0.0039 217 416 954 1076
wagui 0.0034 -87 10 596 420
wagui 0.0033 506 53 1108 456
wagui 0.0023 97 -70 493 503
wagui 0.0016 156 26 452 386
wagui 0.0015 46 57 523 315
wagui 0.0014 -206 656 403 1352
