Kongrou 0.6113 43 18 561 401
Kongrou 0.0052 290 -39 517 99
Kongrou 0.0043 109 58 422 364
Kongrou 0.0043 226 63 490 403
Kongrou 0.0028 303 0 516 66
Kongrou 0.0023 82 213 606 643
Kongrou 0.0013 215 -84 591 140
Kongrou 0.0011 -16 -19 617 238
Rouzaofun 0.0378 29 -11 571 413
Rouzaofun 0.0067 290 -39 517 99
Rouzaofun 0.0031 303 0 516 66
Rouzaofun 0.0018 106 207 591 650
Rouzaofun 0.0013 215 -84 591 140
Rouzaofun 0.0010 316 439 387 526
Rice_with_Shredded_Chicken 0.0216 110 58 480 432
Rice_with_Shredded_Chicken 0.0154 283 -28 526 126
Rice_with_Shredded_Chicken 0.0023 106 207 591 650
Rice_with_Shredded_Chicken 0.0016 215 -84 591 140
Rice_with_Shredded_Chicken 0.0015 303 0 516 66
Rice_with_Shredded_Chicken 0.0010 62 -52 543 362
migao 0.2084 52 43 557 439
migao 0.0069 290 -39 517 99
migao 0.0030 303 0 516 66
migao 0.0019 82 213 606 643
migao 0.0011 215 -84 591 140
migao 0.0010 273 378 432 514
migao 0.0010 103 87 428 381
wagui 0.0978 43 18 561 401
wagui 0.0477 290 -39 517 99
wagui 0.0042 215 -84 591 140
wagui 0.0041 303 0 516 66
wagui 0.0018 106 207 591 650
wagui 0.0012 109 58 422 364
wagui 0.0010 316 439 387 526
wagui 0.0010 231 43 484 379
