Kongrou 0.0231 72 0 197 124
Kongrou 0.0032 36 13 221 179
Kongrou 0.0025 135 204 167 233
Kongrou 0.0019 -15 -3 236 120
Kongrou 0.0012 191 178 296 245
Kongrou 0.0011 113 175 190 262
Rouzaofun 0.0112 36 13 221 179
Rouzaofun 0.0036 135 204 167 233
Rouzaofun 0.0021 72 0 197 124
Rouzaofun 0.0017 113 175 190 262
Rouzaofun 0.0012 132 196 181 231
Rice_with_Shredded_Chicken 0.0627 1 14 259 180
Rice_with_Shredded_Chicken 0.0072 72 0 197 124
Rice_with_Shredded_Chicken 0.0042 135 204 167 233
Rice_with_Shredded_Chicken 0.0014 113 175 190 262
Rice_with_Shredded_Chicken 0.0011 132 196 181 231
Rice_with_Shredded_Chicken 0.0010 29 -18 232 133
Rice_with_Shredded_Chicken 0.0010 -19 -48 202 84
migao 0.0113 72 0 197 124
migao 0.0106 1 14 259 180
migao 0.0038 135 204 167 233
migao 0.0015 29 -18 232 133
migao 0.0013 113 175 190 262
migao 0.0011 132 196 181 231
migao 0.0010 121 173 162 252
wagui 0.3341 1 14 259 180
wagui 0.1661 72 0 197 124
wagui 0.0086 29 -18 232 133
wagui 0.0037 135 204 167 233
wagui 0.0019 121 22 247 160
wagui 0.0016 11 -8 118 53
wagui 0.0013 113 175 190 262
wagui 0.0011 104 2 204 81
