Kongrou 0.4300 153 -35 1019 729
Kongrou 0.0129 496 98 886 702
Kongrou 0.0110 325 163 1048 638
Kongrou 0.0024 444 -180 754 -28
Kongrou 0.0024 362 48 860 522
Kongrou 0.0021 448 -347 777 120
Kongrou 0.0019 -22 -27 239 217
Kongrou 0.0016 243 -288 977 62
Kongrou 0.0012 288 -497 1051 227
Kongrou 0.0011 556 324 1236 992
Kongrou 0.0010 215 76 770 650
Rouzaofun 0.0467 154 17 1020 662
Rouzaofun 0.0023 -22 -27 239 217
Rouzaofun 0.0023 444 -180 754 -28
Rouzaofun 0.0017 448 -347 777 120
Rouzaofun 0.0014 243 -288 977 62
Rice_with_Shredded_Chicken 0.0823 154 17 1020 662
Rice_with_Shredded_Chicken 0.0022 444 -180 754 -28
Rice_with_Shredded_Chicken 0.0017 448 -347 777 120
Rice_with_Shredded_Chicken 0.0014 -22 -27 239 217
Rice_with_Shredded_Chicken 0.0014 243 -288 977 62
Rice_with_Shredded_Chicken 0.0011 288 -497 1051 227
migao 0.2114 154 17 1020 662
migao 0.0029 444 -180 754 -28
migao 0.0029 496 98 886 702
migao 0.0024 -22 -27 239 217
migao 0.0020 448 -347 777 120
migao 0.0016 243 -288 977 62
migao 0.0012 401 226 1048 653
migao 0.0010 556 324 1236 992
wagui 0.0400 154 17 1020 662
wagui 0.0027 -22 -27 239 217
wagui 0.0016 444 -180 754 -28
wagui 0.0015 448 -347 777 120
wagui 0.0014 496 98 886 702
wagui 0.0013 243 -288 977 62
