Kongrou 0.0796 -9 84 608 452
Kongrou 0.0166 15 -45 190 241
Kongrou 0.0026 -77 -34 283 232
Kongrou 0.0025 -5 -20 108 204
Kongrou 0.0021 102 106 336 412
Kongrou 0.0016 258 396 399 590
Kongrou 0.0012 227 385 392 511
Kongrou 0.0012 -50 20 177 164
Kongrou 0.0011 171 379 500 598
Kongrou 0.0010 75 -19 518 382
Kongrou 0.0010 298 473 382 542
Kongrou 0.0010 302 133 550 434
Rouzaofun 0.0151 27 30 567 423
Rouzaofun 0.0025 -4 -19 130 203
Rouzaofun 0.0019 258 396 399 590
Rouzaofun 0.0015 -50 20 177 164
Rouzaofun 0.0015 211 395 364 502
Rouzaofun 0.0014 15 -45 190 241
Rouzaofun 0.0014 298 473 382 542
Rouzaofun 0.0012 171 379 500 598
Rice_with_Shredded_Chicken 0.0537 -9 84 608 452
Rice_with_Shredded_Chicken 0.0035 15 -45 190 241
Rice_with_Shredded_Chicken 0.0020 258 396 399 590
Rice_with_Shredded_Chicken 0.0014 -77 -34 283 232
Rice_with_Shredded_Chicken 0.0014 298 473 382 542
Rice_with_Shredded_Chicken 0.0013 -4 -19 130 203
Rice_with_Shredded_Chicken 0.0012 171 379 500 598
Rice_with_Shredded_Chicken 0.0012 -50 20 177 164
Rice_with_Shredded_Chicken 0.0010 81 326 522 667
migao 0.0373 27 30 567 423
migao 0.0064 15 -45 190 241
migao 0.0026 258 396 399 590
migao 0.0021 -77 -34 283 232
migao 0.0021 -4 -19 130 203
migao 0.0017 -50 20 177 164
migao 0.0013 298 473 382 542
migao 0.0012 171 379 500 598
migao 0.0012 227 385 392 511
wagui 0.0066 27 30 567 423
wagui 0.0021 -5 -20 108 204
wagui 0.0014 -50 20 177 164
wagui 0.0014 211 395 364 502
wagui 0.0014 259 324 412 658
wagui 0.0012 298 473 382 542
wagui 0.0011 15 -45 190 241
wagui 0.0010 81 326 522 667
