Kongrou 0.0051 25 8 253 173
Kongrou 0.0047 122 -49 199 -5
Kongrou 0.0046 122 -102 206 41
Kongrou 0.0027 61 -74 265 13
Kongrou 0.0014 88 -4 219 134
Kongrou 0.0011 -45 -121 111 50
Kongrou 0.0010 144 203 177 238
Kongrou 0.0010 117 135 189 268
Rouzaofun 0.0175 38 19 236 162
Rouzaofun 0.0038 122 -49 199 -5
Rouzaofun 0.0037 122 -102 206 41
Rouzaofun 0.0025 61 -74 265 13
Rouzaofun 0.0016 144 203 177 238
Rouzaofun 0.0014 -45 -121 111 50
Rice_with_Shredded_Chicken 0.0217 38 19 236 162
Rice_with_Shredded_Chicken 0.0041 122 -49 199 -5
Rice_with_Shredded_Chicken 0.0039 122 -102 206 41
Rice_with_Shredded_Chicken 0.0024 61 -74 265 13
Rice_with_Shredded_Chicken 0.0018 144 203 177 238
Rice_with_Shredded_Chicken 0.0016 -45 -121 111 50
Rice_with_Shredded_Chicken 0.0015 8 -16 88 102
migao 0.0272 20 8 256 175
migao 0.0048 122 -49 199 -5
migao 0.0043 122 -102 206 41
migao 0.0028 61 -74 265 13
migao 0.0016 144 203 177 238
migao 0.0014 -45 -121 111 50
migao 0.0010 117 185 183 224
migao 0.0010 117 135 189 268
wagui 0.8007 20 8 256 175
wagui 0.0081 73 -4 212 134
wagui 0.0067 8 -16 88 102
wagui 0.0038 122 -49 199 -5
wagui 0.0036 112 19 237 151
wagui 0.0034 122 -102 206 41
wagui 0.0028 61 -74 265 13
wagui 0.0021 144 203 177 238
wagui 0.0016 44 16 177 154
wagui 0.0011 -45 -121 111 50
