Kongrou 0.6850 70 -46 730 581
Kongrou 0.0119 347 -137 592 -26
Kongrou 0.0104 350 -291 609 111
Kongrou 0.0072 167 -215 789 37
Kongrou 0.0057 180 9 652 431
Kongrou 0.0044 259 -332 798 125
Kongrou 0.0021 96 49 489 514
Kongrou 0.0017 6 -498 933 275
Kongrou 0.0014 300 -216 643 -13
Rouzaofun 0.0398 149 7 636 531
Rouzaofun 0.0107 347 -137 592 -26
Rouzaofun 0.0079 350 -291 609 111
Rouzaofun 0.0061 167 -215 789 37
Rouzaofun 0.0034 229 -445 820 232
Rouzaofun 0.0016 426 590 513 697
Rouzaofun 0.0013 53 -105 757 393
Rouzaofun 0.0011 360 -184 644 12
Rice_with_Shredded_Chicken 0.0448 149 7 636 531
Rice_with_Shredded_Chicken 0.0101 347 -137 592 -26
Rice_with_Shredded_Chicken 0.0081 350 -291 609 111
Rice_with_Shredded_Chicken 0.0062 167 -215 789 37
Rice_with_Shredded_Chicken 0.0041 249 -372 799 155
Rice_with_Shredded_Chicken 0.0027 6 -498 933 275
Rice_with_Shredded_Chicken 0.0019 426 590 513 697
Rice_with_Shredded_Chicken 0.0013 53 -105 757 393
Rice_with_Shredded_Chicken 0.0011 300 -216 643 -13
migao 0.3126 52 -17 747 546
migao 0.0137 347 -137 592 -26
migao 0.0096 350 -291 609 111
migao 0.0072 167 -215 789 37
migao 0.0043 259 -332 798 125
migao 0.0021 6 -498 933 275
migao 0.0016 426 590 513 697
migao 0.0013 300 -216 643 -13
migao 0.0011 395 -179 545 71
migao 0.0010 364 508 577 681
wagui 0.0631 52 -17 747 546
wagui 0.0096 347 -137 592 -26
wagui 0.0072 350 -291 609 111
wagui 0.0066 167 -215 789 37
wagui 0.0038 249 -372 799 155
wagui 0.0034 6 -498 933 275
wagui 0.0020 426 590 513 697
wagui 0.0010 226 -184 483 -44
