Kongrou 0.0376 12 12 249 178
Kongrou 0.0018 101 161 189 225
Kongrou 0.0014 134 203 163 235
Kongrou 0.0012 89 72 204 310
Kongrou 0.0011 63 150 229 232
Kongrou 0.0010 89 169 163 218
Kongrou 0.0010 100 -80 285 108
Rouzaofun 0.5273 1 18 260 175
Rouzaofun 0.0042 33 26 179 153
Rouzaofun 0.0024 134 203 163 235
Rouzaofun 0.0018 34 64 228 206
Rouzaofun 0.0012 36 -24 224 133
Rouzaofun 0.0012 101 161 189 225
Rouzaofun 0.0012 89 72 204 310
Rouzaofun 0.0011 89 169 163 218
Rouzaofun 0.0011 140 201 177 237
Rouzaofun 0.0010 111 176 187 263
Rice_with_Shredded_Chicken 0.2209 8 33 255 195
Rice_with_Shredded_Chicken 0.0028 134 203 163 235
Rice_with_Shredded_Chicken 0.0014 11 23 200 136
Rice_with_Shredded_Chicken 0.0013 89 72 204 310
Rice_with_Shredded_Chicken 0.0010 140 201 177 237
Rice_with_Shredded_Chicken 0.0010 101 161 189 225
Rice_with_Shredded_Chicken 0.0010 82 -67 305 99
migao 0.2500 12 12 249 178
migao 0.0025 134 203 163 235
migao 0.0014 34 64 228 206
migao 0.0013 101 161 189 225
migao 0.0012 89 72 204 310
migao 0.0011 119 171 169 254
migao 0.0011 -1 34 193 146
migao 0.0010 115 146 179 277
migao 0.0010 140 201 177 237
wagui 0.0466 35 13 226 175
wagui 0.0027 134 203 163 235
wagui 0.0021 89 169 163 218
wagui 0.0013 89 72 204 310
wagui 0.0012 101 161 189 225
wagui 0.0012 140 201 177 237
wagui 0.0011 82 -67 305 99
wagui 0.0010 63 150 229 232
