Kongrou 0.2115 77 49 658 452
Kongrou 0.0050 -4 268 44 397
Kongrou 0.0036 312 -125 538 -22
Kongrou 0.0035 368 -53 612 182
Kongrou 0.0030 320 -258 552 97
Kongrou 0.0024 241 -296 715 110
Kongrou 0.0016 364 267 812 675
Kongrou 0.0015 213 19 544 386
Kongrou 0.0012 19 -443 833 238
Kongrou 0.0011 288 -83 692 210
Kongrou 0.0010 7 19 231 227
Kongrou 0.0010 -36 -356 538 164
Kongrou 0.0010 -38 222 81 444
Rouzaofun 0.0197 26 -18 282 245
Rouzaofun 0.0152 -4 268 44 397
Rouzaofun 0.0150 77 49 658 452
Rouzaofun 0.0034 312 -125 538 -22
Rouzaofun 0.0026 -38 222 81 444
Rouzaofun 0.0023 320 -258 552 97
Rouzaofun 0.0022 368 -53 612 182
Rouzaofun 0.0019 -101 -18 406 252
Rouzaofun 0.0018 175 -196 692 36
Rouzaofun 0.0015 181 -328 648 130
Rouzaofun 0.0015 364 267 812 675
Rouzaofun 0.0014 19 -443 833 238
Rouzaofun 0.0012 271 -169 355 70
Rouzaofun 0.0012 -15 280 29 413
Rouzaofun 0.0011 -36 -356 538 164
Rouzaofun 0.0011 2 253 66 412
Rouzaofun 0.0011 -63 41 273 205
Rice_with_Shredded_Chicken 0.0416 26 -18 282 245
Rice_with_Shredded_Chicken 0.0408 77 49 658 452
Rice_with_Shredded_Chicken 0.0246 -4 268 44 397
Rice_with_Shredded_Chicken 0.0037 368 -53 612 182
Rice_with_Shredded_Chicken 0.0034 312 -125 538 -22
Rice_with_Shredded_Chicken 0.0028 -101 -18 406 252
Rice_with_Shredded_Chicken 0.0027 -36 -356 538 164
Rice_with_Shredded_Chicken 0.0024 144 -288 698 93
Rice_with_Shredded_Chicken 0.0024 320 -258 552 97
Rice_with_Shredded_Chicken 0.0022 -38 222 81 444
Rice_with_Shredded_Chicken 0.0020 19 -443 833 238
Rice_with_Shredded_Chicken 0.0014 2 253 66 412
Rice_with_Shredded_Chicken 0.0012 280 235 899 690
Rice_with_Shredded_Chicken 0.0011 288 -83 692 210
Rice_with_Shredded_Chicken 0.0010 -15 280 29 413
Rice_with_Shredded_Chicken 0.0010 389 537 464 635
migao 0.0960 77 49 658 452
migao 0.0288 -4 268 44 397
migao 0.0061 26 -18 282 245
migao 0.0042 312 -125 538 -22
migao 0.0028 320 -258 552 97
migao 0.0027 144 -288 698 93
migao 0.0026 368 -53 612 182
migao 0.0017 19 -443 833 238
migao 0.0016 -36 -356 538 164
migao 0.0016 271 -169 355 70
migao 0.0015 364 267 812 675
migao 0.0014 2 253 66 412
migao 0.0013 -38 222 81 444
migao 0.0012 -15 280 29 413
migao 0.0010 288 -83 692 210
wagui 0.0445 -4 268 44 397
wagui 0.0175 77 49 658 452
wagui 0.0146 368 -53 612 182
wagui 0.0073 26 -18 282 245
wagui 0.0032 -36 -356 538 164
wagui 0.0028 312 -125 538 -22
wagui 0.0027 288 -83 692 210
wagui 0.0025 2 253 66 412
wagui 0.0025 19 -443 833 238
wagui 0.0023 -38 222 81 444
wagui 0.0021 320 -258 552 97
wagui 0.0019 -15 280 29 413
wagui 0.0018 175 -196 692 36
wagui 0.0016 203 -337 748 142
wagui 0.0014 172 -167 413 -38
wagui 0.0012 -96 -32 402 209
wagui 0.0011 389 537 464 635
wagui 0.0010 -20 244 33 366
wagui 0.0010 280 235 899 690
