Kongrou 0.0134 73 7 195 162
Kongrou 0.0113 39 39 249 150
Kongrou 0.0035 116 23 214 166
Kongrou 0.0034 3 -14 92 100
Kongrou 0.0025 79 -66 167 -18
Kongrou 0.0017 113 185 191 224
Kongrou 0.0016 113 144 198 259
Kongrou 0.0012 103 -65 137 21
Kongrou 0.0012 83 171 162 217
Kongrou 0.0012 53 152 257 251
Kongrou 0.0012 104 -73 223 -11
Kongrou 0.0011 94 -118 271 40
Rouzaofun 0.2592 84 21 205 166
Rouzaofun 0.1527 39 39 249 150
Rouzaofun 0.0032 103 -65 137 21
Rouzaofun 0.0023 -3 6 94 82
Rouzaofun 0.0016 113 185 191 224
Rouzaofun 0.0016 127 55 220 150
Rouzaofun 0.0014 34 -53 214 8
Rouzaofun 0.0014 79 -66 167 -18
Rouzaofun 0.0012 92 65 244 130
Rouzaofun 0.0012 53 152 257 251
Rouzaofun 0.0012 113 144 198 259
Rouzaofun 0.0011 128 -62 220 -2
Rouzaofun 0.0010 62 11 163 157
Rouzaofun 0.0010 5 -23 277 160
Rice_with_Shredded_Chicken 0.0340 39 39 249 150
Rice_with_Shredded_Chicken 0.0158 84 21 205 166
Rice_with_Shredded_Chicken 0.0085 3 -14 92 100
Rice_with_Shredded_Chicken 0.0024 -24 -133 216 53
Rice_with_Shredded_Chicken 0.0018 103 -65 137 21
Rice_with_Shredded_Chicken 0.0018 -36 -9 132 95
Rice_with_Shredded_Chicken 0.0013 113 185 191 224
Rice_with_Shredded_Chicken 0.0012 34 -53 214 8
Rice_with_Shredded_Chicken 0.0012 113 144 198 259
Rice_with_Shredded_Chicken 0.0012 128 -62 220 -2
Rice_with_Shredded_Chicken 0.0011 77 -137 285 56
Rice_with_Shredded_Chicken 0.0010 53 152 257 251
migao 0.1083 39 39 249 150
migao 0.0845 84 21 205 166
migao 0.0047 3 -14 92 100
migao 0.0036 103 -65 137 21
migao 0.0022 113 185 191 224
migao 0.0016 -36 -9 132 95
migao 0.0015 113 144 198 259
migao 0.0014 34 -53 214 8
migao 0.0013 -24 -133 216 53
migao 0.0012 53 152 257 251
migao 0.0012 102 68 245 137
migao 0.0012 79 -66 167 -18
migao 0.0011 128 -62 220 -2
migao 0.0010 94 -118 271 40
migao 0.0010 116 -68 145 24
wagui 0.0758 3 -14 92 100
wagui 0.0148 39 39 249 150
wagui 0.0069 84 21 205 166
wagui 0.0065 -36 -9 132 95
wagui 0.0037 79 -66 167 -18
wagui 0.0023 -24 -133 216 53
wagui 0.0019 103 -65 137 21
wagui 0.0012 105 -1 146 25
wagui 0.0011 113 185 191 224
wagui 0.0010 113 144 198 259
wagui 0.0010 53 152 257 251
