Kongrou 0.0179 12 31 102 142
Kongrou 0.0056 5 -16 110 64
Kongrou 0.0030 116 18 230 135
Kongrou 0.0016 -21 26 136 126
Kongrou 0.0013 110 185 189 225
Kongrou 0.0012 -8 49 24 87
Kongrou 0.0011 -48 -29 164 77
Kongrou 0.0011 114 134 191 270
Kongrou 0.0011 65 -130 248 59
Kongrou 0.0010 174 -10 309 152
Kongrou 0.0010 231 11 279 114
Rouzaofun 0.1430 116 18 230 135
Rouzaofun 0.0799 12 31 102 142
Rouzaofun 0.0041 -19 38 154 136
Rouzaofun 0.0023 90 35 268 184
Rouzaofun 0.0021 136 -4 253 52
Rouzaofun 0.0021 219 17 298 133
Rouzaofun 0.0017 149 -28 337 174
Rouzaofun 0.0016 -8 49 24 87
Rouzaofun 0.0015 11 -19 123 69
Rouzaofun 0.0015 231 11 279 114
Rouzaofun 0.0010 65 -130 248 59
Rice_with_Shredded_Chicken 0.0895 12 31 102 142
Rice_with_Shredded_Chicken 0.0112 11 -19 123 69
Rice_with_Shredded_Chicken 0.0070 136 -4 253 52
Rice_with_Shredded_Chicken 0.0059 113 40 235 174
Rice_with_Shredded_Chicken 0.0056 -19 38 154 136
Rice_with_Shredded_Chicken 0.0023 219 17 298 133
Rice_with_Shredded_Chicken 0.0020 75 24 272 127
Rice_with_Shredded_Chicken 0.0016 -8 49 24 87
Rice_with_Shredded_Chicken 0.0015 173 12 341 142
Rice_with_Shredded_Chicken 0.0014 -37 -28 173 76
Rice_with_Shredded_Chicken 0.0011 60 -105 255 34
Rice_with_Shredded_Chicken 0.0011 231 11 279 114
Rice_with_Shredded_Chicken 0.0010 21 -143 298 68
migao 0.0909 12 31 102 142
migao 0.0455 116 18 230 135
migao 0.0036 -19 38 154 136
migao 0.0027 11 -19 123 69
migao 0.0019 219 17 298 133
migao 0.0018 -8 49 24 87
migao 0.0017 149 -28 337 174
migao 0.0015 110 185 189 225
migao 0.0013 90 35 268 184
migao 0.0011 231 11 279 114
migao 0.0011 60 -105 255 34
migao 0.0011 114 134 191 270
wagui 0.0339 12 31 102 142
wagui 0.0278 11 -19 123 69
wagui 0.0057 113 40 235 174
wagui 0.0050 219 17 298 133
wagui 0.0038 136 -4 253 52
wagui 0.0025 -19 38 154 136
wagui 0.0021 173 12 341 142
wagui 0.0021 -8 49 24 87
wagui 0.0021 -37 -28 173 76
wagui 0.0016 75 24 272 127
wagui 0.0014 231 11 279 114
wagui 0.0011 21 -143 298 68
wagui 0.0010 141 203 169 239
