Kongrou 0.0446 76 56 157 142
Kongrou 0.0039 40 55 210 143
Kongrou 0.0033 68 65 143 120
Kongrou 0.0018 46 76 174 118
Rouzaofun 0.4375 76 56 157 142
Rouzaofun 0.0342 40 55 210 143
Rouzaofun 0.0035 46 76 174 118
Rouzaofun 0.0033 68 65 143 120
Rouzaofun 0.0010 32 -3 115 82
Rice_with_Shredded_Chicken 0.0058 41 55 192 142
Rice_with_Shredded_Chicken 0.0035 68 69 151 124
migao 0.1939 76 56 157 142
migao 0.0214 40 55 210 143
migao 0.0029 46 76 174 118
migao 0.0023 68 65 143 120
migao 0.0010 115 -14 201 41
wagui 0.0311 77 56 172 142
wagui 0.0067 40 64 210 150
wagui 0.0045 68 69 151 124
