Kongrou 0.0833 129 -15 904 712
Kongrou 0.0210 233 119 677 673
Kongrou 0.0107 430 -203 770 -8
Kongrou 0.0091 434 -375 791 149
Kongrou 0.0063 231 -298 988 71
Kongrou 0.0022 269 -474 902 202
Kongrou 0.0016 360 101 1093 618
Kongrou 0.0016 86 -596 1109 313
Kongrou 0.0015 371 -243 512 105
Kongrou 0.0015 479 -246 724 110
Kongrou 0.0014 403 644 656 805
Kongrou 0.0012 364 242 704 1187
Kongrou 0.0011 596 42 1212 1108
Kongrou 0.0011 179 -10 569 577
Kongrou 0.0011 140 -190 773 46
Kongrou 0.0010 168 550 896 885
Rouzaofun 0.0212 119 -20 1048 711
Rouzaofun 0.0105 430 -203 770 -8
Rouzaofun 0.0075 434 -375 791 149
Rouzaofun 0.0067 37 111 788 610
Rouzaofun 0.0061 231 -298 988 71
Rouzaofun 0.0026 371 -243 512 105
Rouzaofun 0.0019 479 -246 724 110
Rouzaofun 0.0019 269 -474 902 202
Rouzaofun 0.0017 140 -190 773 46
Rouzaofun 0.0016 86 -596 1109 313
Rouzaofun 0.0015 403 644 656 805
Rouzaofun 0.0011 596 42 1212 1108
Rice_with_Shredded_Chicken 0.0293 145 -17 1035 687
Rice_with_Shredded_Chicken 0.0106 430 -203 770 -8
Rice_with_Shredded_Chicken 0.0086 37 111 788 610
Rice_with_Shredded_Chicken 0.0074 434 -375 791 149
Rice_with_Shredded_Chicken 0.0057 231 -298 988 71
Rice_with_Shredded_Chicken 0.0024 86 -596 1109 313
Rice_with_Shredded_Chicken 0.0024 269 -474 902 202
Rice_with_Shredded_Chicken 0.0021 479 -246 724 110
Rice_with_Shredded_Chicken 0.0014 371 -243 512 105
Rice_with_Shredded_Chicken 0.0012 364 242 704 1187
Rice_with_Shredded_Chicken 0.0012 140 -190 773 46
migao 0.0629 145 -17 1035 687
migao 0.0135 63 129 839 590
migao 0.0118 430 -203 770 -8
migao 0.0084 434 -375 791 149
migao 0.0065 231 -298 988 71
migao 0.0030 371 -243 512 105
migao 0.0024 479 -246 724 110
migao 0.0019 86 -596 1109 313
migao 0.0016 269 -474 902 202
migao 0.0016 140 -190 773 46
migao 0.0013 161 50 592 671
migao 0.0013 403 644 656 805
migao 0.0012 364 242 704 1187
migao 0.0010 596 42 1212 1108
wagui 0.3502 119 -20 1048 711
wagui 0.0207 219 50 688 670
wagui 0.0078 430 -203 770 -8
wagui 0.0068 434 -375 791 149
wagui 0.0059 231 -298 988 71
wagui 0.0027 86 -596 1109 313
wagui 0.0020 371 -243 512 105
wagui 0.0018 269 -474 902 202
wagui 0.0017 403 644 656 805
wagui 0.0015 479 -246 724 110
wagui 0.0012 298 -242 609 -47
wagui 0.0011 465 29 917 612
wagui 0.0011 140 -190 773 46
wagui 0.0011 168 550 896 885
wagui 0.0010 364 242 704 1187
wagui 0.0010 596 42 1212 1108
