Kongrou 0.1523 5 7 264 177
Kongrou 0.0070 30 10 167 163
Kongrou 0.0050 129 9 306 178
Kongrou 0.0030 61 -132 254 64
Kongrou 0.0030 182 5 268 169
Rouzaofun 0.0452 5 7 264 177
Rouzaofun 0.0022 61 -132 254 64
Rouzaofun 0.0015 30 10 167 163
Rouzaofun 0.0011 139 30 290 166
Rouzaofun 0.0010 28 107 109 192
Rice_with_Shredded_Chicken 0.0491 5 7 264 177
Rice_with_Shredded_Chicken 0.0027 61 -132 254 64
Rice_with_Shredded_Chicken 0.0012 129 9 306 178
Rice_with_Shredded_Chicken 0.0010 28 107 109 192
migao 0.1040 5 7 264 177
migao 0.0033 139 30 290 166
migao 0.0026 30 10 167 163
migao 0.0024 65 -106 248 37
migao 0.0012 28 107 109 192
wagui 0.0137 5 7 264 177
wagui 0.0033 28 107 109 192
wagui 0.0026 61 -132 254 64
