Kongrou 0.0080 24 6 236 182
Kongrou 0.0039 116 -39 206 7
Kongrou 0.0026 116 -79 213 44
Kongrou 0.0018 68 -67 260 31
Kongrou 0.0018 58 21 191 142
Kongrou 0.0014 85 -118 251 70
Kongrou 0.0012 162 112 332 316
Kongrou 0.0011 117 151 378 281
Rouzaofun 0.0167 34 6 227 187
Rouzaofun 0.0040 116 -39 206 7
Rouzaofun 0.0034 52 25 177 157
Rouzaofun 0.0023 116 -79 213 44
Rouzaofun 0.0017 68 -67 260 31
Rouzaofun 0.0014 162 112 332 316
Rouzaofun 0.0012 85 -118 251 70
Rice_with_Shredded_Chicken 0.0252 19 5 239 192
Rice_with_Shredded_Chicken 0.0039 116 -39 206 7
Rice_with_Shredded_Chicken 0.0022 116 -79 213 44
Rice_with_Shredded_Chicken 0.0019 18 40 210 144
Rice_with_Shredded_Chicken 0.0015 68 -67 260 31
Rice_with_Shredded_Chicken 0.0015 85 -118 251 70
Rice_with_Shredded_Chicken 0.0011 6 -108 213 57
Rice_with_Shredded_Chicken 0.0010 162 112 332 316
Rice_with_Shredded_Chicken 0.0010 198 -65 287 31
migao 0.0157 19 5 239 192
migao 0.0045 116 -39 206 7
migao 0.0025 116 -79 213 44
migao 0.0019 68 -67 260 31
migao 0.0018 25 42 223 142
migao 0.0015 162 112 332 316
migao 0.0012 117 151 378 281
migao 0.0010 198 -65 287 31
wagui 0.5381 19 5 239 192
wagui 0.0169 59 25 190 158
wagui 0.0029 116 -39 206 7
wagui 0.0022 41 -24 217 135
wagui 0.0021 116 -79 213 44
wagui 0.0018 6 -108 213 57
wagui 0.0018 162 112 332 316
wagui 0.0017 68 -67 260 31
wagui 0.0013 85 -118 251 70
wagui 0.0012 51 -2 83 22
wagui 0.0010 117 151 378 281
wagui 0.0010 198 -65 287 31
