Kongrou 0.0041 31 5 225 187
Kongrou 0.0030 109 -74 220 38
Kongrou 0.0029 116 -43 207 11
Kongrou 0.0027 85 0 203 104
Kongrou 0.0021 77 170 150 217
Kongrou 0.0017 116 -27 186 -2
Kongrou 0.0013 36 -52 272 18
Kongrou 0.0013 85 -47 163 -3
Kongrou 0.0013 78 -107 258 59
Kongrou 0.0011 108 183 174 223
Rouzaofun 0.0314 31 5 225 187
Rouzaofun 0.0032 116 -43 207 11
Rouzaofun 0.0024 109 -74 220 38
Rouzaofun 0.0012 88 172 159 215
Rouzaofun 0.0011 13 -18 154 63
Rouzaofun 0.0011 78 -107 258 59
Rouzaofun 0.0010 116 -27 186 -2
Rice_with_Shredded_Chicken 0.0247 31 5 225 187
Rice_with_Shredded_Chicken 0.0028 116 -43 207 11
Rice_with_Shredded_Chicken 0.0025 109 -74 220 38
Rice_with_Shredded_Chicken 0.0014 78 -107 258 59
Rice_with_Shredded_Chicken 0.0010 36 -52 272 18
migao 0.0210 18 14 242 183
migao 0.0036 116 -43 207 11
migao 0.0028 109 -74 220 38
migao 0.0017 116 -27 186 -2
migao 0.0014 108 183 174 223
migao 0.0013 88 172 159 215
migao 0.0012 36 -52 272 18
migao 0.0010 76 -95 263 50
wagui 0.6840 18 14 242 183
wagui 0.0093 73 2 195 102
wagui 0.0028 77 23 231 139
wagui 0.0025 109 -74 220 38
wagui 0.0024 131 22 256 121
wagui 0.0019 85 -47 163 -3
wagui 0.0019 116 -43 207 11
wagui 0.0014 116 -27 186 -2
wagui 0.0012 36 -52 272 18
wagui 0.0011 78 -107 258 59
