Kongrou 0.1968 8 -25 252 179
Kongrou 0.0022 13 64 203 206
Kongrou 0.0020 26 37 163 166
Kongrou 0.0014 88 172 160 215
Kongrou 0.0013 112 143 177 279
Kongrou 0.0010 27 -62 233 96
Rouzaofun 0.0927 8 -25 252 179
Rouzaofun 0.0022 88 172 160 215
Rouzaofun 0.0015 111 170 172 254
Rouzaofun 0.0010 0 32 188 171
Rice_with_Shredded_Chicken 0.0896 24 17 231 176
Rice_with_Shredded_Chicken 0.0015 111 170 172 254
migao 0.1538 4 1 252 190
migao 0.0021 111 170 172 254
migao 0.0014 88 172 160 215
migao 0.0010 74 161 216 260
wagui 0.4262 4 1 252 190
wagui 0.0022 88 172 160 215
wagui 0.0011 112 143 177 279
