Kongrou 0.3616 3 4 269 179
Kongrou 0.0063 83 124 202 198
Kongrou 0.0027 65 -125 248 51
Kongrou 0.0022 15 -161 305 85
Kongrou 0.0021 61 107 223 235
Kongrou 0.0014 4 57 65 151
Kongrou 0.0013 6 45 109 171
Kongrou 0.0010 1 12 93 118
Rouzaofun 0.1318 36 3 278 179
Rouzaofun 0.0025 79 136 207 204
Rouzaofun 0.0024 65 -125 248 51
Rouzaofun 0.0022 15 -161 305 85
Rouzaofun 0.0021 61 107 223 235
Rouzaofun 0.0011 119 -54 203 -2
Rouzaofun 0.0010 4 57 65 151
Rouzaofun 0.0010 77 38 230 176
Rice_with_Shredded_Chicken 0.0643 6 1 267 181
Rice_with_Shredded_Chicken 0.0037 79 136 207 204
Rice_with_Shredded_Chicken 0.0032 53 -111 263 37
Rice_with_Shredded_Chicken 0.0031 15 -161 305 85
Rice_with_Shredded_Chicken 0.0021 61 107 223 235
Rice_with_Shredded_Chicken 0.0011 119 -54 203 -2
migao 0.2412 6 1 267 181
migao 0.0034 53 -111 263 37
migao 0.0030 79 136 207 204
migao 0.0025 15 -161 305 85
migao 0.0021 61 107 223 235
migao 0.0012 4 57 65 151
migao 0.0011 119 -54 203 -2
wagui 0.0381 6 1 267 181
wagui 0.0035 15 -161 305 85
wagui 0.0025 53 -111 263 37
wagui 0.0017 -27 26 142 168
wagui 0.0012 4 57 65 151
wagui 0.0011 79 136 207 204
