Kongrou 0.0643 24 6 250 179
Kongrou 0.0051 -6 26 74 99
Kongrou 0.0030 74 -1 208 154
Kongrou 0.0017 0 40 56 85
Kongrou 0.0016 178 103 341 328
Kongrou 0.0013 141 154 379 282
Kongrou 0.0012 159 6 250 83
Kongrou 0.0010 134 3 206 27
Rouzaofun 0.3428 35 15 239 168
Rouzaofun 0.0135 159 6 250 83
Rouzaofun 0.0064 -6 26 74 99
Rouzaofun 0.0042 60 36 181 178
Rouzaofun 0.0042 102 36 222 177
Rouzaofun 0.0026 119 -13 289 102
Rouzaofun 0.0026 0 40 56 85
Rouzaofun 0.0019 134 3 206 27
Rouzaofun 0.0017 63 -57 292 73
Rouzaofun 0.0013 178 103 341 328
Rice_with_Shredded_Chicken 0.0186 56 -4 217 187
Rice_with_Shredded_Chicken 0.0049 -6 26 74 99
Rice_with_Shredded_Chicken 0.0017 0 40 56 85
Rice_with_Shredded_Chicken 0.0014 134 3 206 27
Rice_with_Shredded_Chicken 0.0014 159 6 250 83
Rice_with_Shredded_Chicken 0.0014 178 103 341 328
Rice_with_Shredded_Chicken 0.0010 70 38 255 154
Rice_with_Shredded_Chicken 0.0010 119 -13 289 102
migao 0.3521 35 15 239 168
migao 0.0055 -6 26 74 99
migao 0.0054 159 6 250 83
migao 0.0023 0 40 56 85
migao 0.0021 134 3 206 27
migao 0.0017 178 103 341 328
migao 0.0016 119 -13 289 102
migao 0.0013 141 154 379 282
migao 0.0011 102 36 222 177
wagui 0.0487 35 15 239 168
wagui 0.0088 -6 26 74 99
wagui 0.0034 0 40 56 85
wagui 0.0033 134 3 206 27
wagui 0.0017 178 103 341 328
wagui 0.0014 -1 10 17 42
wagui 0.0011 63 -57 292 73
wagui 0.0010 102 36 222 177
