Kongrou 0.0074 27 29 195 201
Kongrou 0.0056 201 114 261 194
Kongrou 0.0016 187 8 256 100
Kongrou 0.0011 160 17 273 82
Rouzaofun 0.3917 18 46 199 180
Rouzaofun 0.0534 63 -14 165 57
Rouzaofun 0.0190 201 114 261 194
Rouzaofun 0.0122 174 -18 252 122
Rouzaofun 0.0076 46 74 162 188
Rouzaofun 0.0056 48 31 161 153
Rouzaofun 0.0036 21 15 236 141
Rouzaofun 0.0029 216 131 256 186
Rouzaofun 0.0028 84 72 184 172
Rouzaofun 0.0024 169 19 273 89
Rouzaofun 0.0021 195 11 257 107
Rouzaofun 0.0020 180 127 272 180
Rouzaofun 0.0015 24 -25 203 70
Rouzaofun 0.0010 63 79 130 158
Rice_with_Shredded_Chicken 0.2554 18 46 199 180
Rice_with_Shredded_Chicken 0.0671 63 -14 165 57
Rice_with_Shredded_Chicken 0.0288 174 -18 252 122
Rice_with_Shredded_Chicken 0.0121 201 114 261 194
Rice_with_Shredded_Chicken 0.0017 24 -25 203 70
Rice_with_Shredded_Chicken 0.0015 216 131 256 186
Rice_with_Shredded_Chicken 0.0015 46 74 162 188
Rice_with_Shredded_Chicken 0.0015 169 19 273 89
Rice_with_Shredded_Chicken 0.0015 21 15 236 141
Rice_with_Shredded_Chicken 0.0013 180 127 272 180
Rice_with_Shredded_Chicken 0.0011 142 -10 284 95
migao 0.1180 18 46 199 180
migao 0.0115 201 114 261 194
migao 0.0101 63 -14 165 57
migao 0.0076 174 -18 252 122
migao 0.0020 216 131 256 186
migao 0.0020 169 19 273 89
migao 0.0018 180 127 272 180
migao 0.0012 46 74 162 188
migao 0.0011 195 11 257 107
migao 0.0011 0 -15 260 168
wagui 0.0271 63 -14 165 57
wagui 0.0252 18 46 199 180
wagui 0.0102 201 114 261 194
wagui 0.0045 174 -18 252 122
wagui 0.0014 169 19 273 89
wagui 0.0014 216 131 256 186
wagui 0.0013 180 127 272 180
wagui 0.0010 24 -25 203 70
