Kongrou 0.0238 10 26 240 211
Kongrou 0.0036 41 8 205 156
Kongrou 0.0017 116 134 181 290
Kongrou 0.0016 118 167 173 258
Kongrou 0.0012 78 165 219 256
Rouzaofun 0.1158 -7 38 257 202
Rouzaofun 0.0133 41 8 205 156
Rouzaofun 0.0020 118 167 173 258
Rouzaofun 0.0015 116 134 181 290
Rouzaofun 0.0014 78 165 219 256
Rouzaofun 0.0012 84 47 251 164
Rice_with_Shredded_Chicken 0.0442 32 14 215 187
Rice_with_Shredded_Chicken 0.0018 118 167 173 258
Rice_with_Shredded_Chicken 0.0017 116 134 181 290
Rice_with_Shredded_Chicken 0.0013 78 165 219 256
Rice_with_Shredded_Chicken 0.0013 -3 72 251 203
migao 0.0647 32 14 215 187
migao 0.0066 -3 72 251 203
migao 0.0023 118 167 173 258
migao 0.0016 116 134 181 290
migao 0.0015 78 165 219 256
wagui 0.8136 15 8 234 192
wagui 0.0053 42 -11 205 136
wagui 0.0014 116 134 181 290
wagui 0.0013 92 183 161 206
wagui 0.0012 118 167 173 258
wagui 0.0011 103 160 211 225
