Kongrou 0.0340 16 9 258 172
Kongrou 0.0106 118 -53 204 -3
Kongrou 0.0093 116 -99 212 38
Kongrou 0.0063 64 -77 263 15
Kongrou 0.0014 65 105 292 285
Kongrou 0.0013 74 -125 238 52
Kongrou 0.0010 10 -164 310 87
Kongrou 0.0010 128 -64 194 28
Rouzaofun 0.7239 11 7 261 171
Rouzaofun 0.0107 118 -53 204 -3
Rouzaofun 0.0076 116 -99 212 38
Rouzaofun 0.0059 64 -77 263 15
Rouzaofun 0.0049 94 15 233 156
Rouzaofun 0.0018 63 51 212 215
Rouzaofun 0.0017 39 26 182 168
Rouzaofun 0.0013 76 103 283 288
Rouzaofun 0.0013 128 -64 194 28
Rouzaofun 0.0012 74 -125 238 52
Rouzaofun 0.0012 10 -164 310 87
Rice_with_Shredded_Chicken 0.0909 41 5 234 173
Rice_with_Shredded_Chicken 0.0115 118 -53 204 -3
Rice_with_Shredded_Chicken 0.0077 116 -99 212 38
Rice_with_Shredded_Chicken 0.0056 64 -77 263 15
Rice_with_Shredded_Chicken 0.0031 17 68 259 195
Rice_with_Shredded_Chicken 0.0017 10 -164 310 87
Rice_with_Shredded_Chicken 0.0015 128 -64 194 28
Rice_with_Shredded_Chicken 0.0014 74 -125 238 52
Rice_with_Shredded_Chicken 0.0014 51 100 267 291
migao 0.2661 11 7 261 171
migao 0.0123 118 -53 204 -3
migao 0.0087 116 -99 212 38
migao 0.0062 64 -77 263 15
migao 0.0018 128 -64 194 28
migao 0.0014 110 116 251 280
migao 0.0013 10 -164 310 87
migao 0.0012 63 51 212 215
migao 0.0010 94 15 233 156
migao 0.0010 74 -125 238 52
wagui 0.0447 41 5 234 173
wagui 0.0082 118 -53 204 -3
wagui 0.0073 116 -99 212 38
wagui 0.0060 64 -77 263 15
wagui 0.0020 10 -164 310 87
wagui 0.0013 84 155 132 180
wagui 0.0013 17 68 259 195
wagui 0.0012 51 100 267 291
wagui 0.0012 128 -64 194 28
wagui 0.0011 -22 -120 212 46
wagui 0.0010 86 -133 272 60
