Kongrou 0.0375 88 -14 222 148
Kongrou 0.0099 37 6 273 125
Kongrou 0.0031 126 177 225 236
Kongrou 0.0031 192 77 383 274
Kongrou 0.0030 131 132 226 276
Kongrou 0.0029 134 -75 216 -18
Kongrou 0.0028 131 -121 227 23
Kongrou 0.0023 54 -138 291 26
Kongrou 0.0023 102 171 185 220
Kongrou 0.0020 66 148 290 260
Kongrou 0.0017 84 -99 273 1
Kongrou 0.0017 14 -192 335 77
Kongrou 0.0017 0 -9 298 178
Rouzaofun 0.2258 88 -14 222 148
Rouzaofun 0.0809 42 17 268 137
Rouzaofun 0.0039 0 -9 298 178
Rouzaofun 0.0032 126 177 225 236
Rouzaofun 0.0027 134 -75 216 -18
Rouzaofun 0.0026 66 148 290 260
Rouzaofun 0.0024 270 38 300 111
Rouzaofun 0.0023 131 132 226 276
Rouzaofun 0.0023 192 77 383 274
Rouzaofun 0.0023 131 -121 227 23
Rouzaofun 0.0020 82 -152 259 39
Rouzaofun 0.0019 14 -192 335 77
Rouzaofun 0.0016 102 171 185 220
Rouzaofun 0.0011 152 176 199 228
Rouzaofun 0.0011 266 23 304 139
Rouzaofun 0.0010 -50 90 167 265
Rice_with_Shredded_Chicken 0.0147 42 17 268 137
Rice_with_Shredded_Chicken 0.0056 89 -9 222 164
Rice_with_Shredded_Chicken 0.0029 54 -138 291 26
Rice_with_Shredded_Chicken 0.0029 134 -75 216 -18
Rice_with_Shredded_Chicken 0.0028 126 177 225 236
Rice_with_Shredded_Chicken 0.0028 192 77 383 274
Rice_with_Shredded_Chicken 0.0024 14 -192 335 77
Rice_with_Shredded_Chicken 0.0024 270 38 300 111
Rice_with_Shredded_Chicken 0.0022 131 -121 227 23
Rice_with_Shredded_Chicken 0.0021 131 132 226 276
Rice_with_Shredded_Chicken 0.0020 66 148 290 260
Rice_with_Shredded_Chicken 0.0016 84 -99 273 1
migao 0.1526 89 -9 222 164
migao 0.1027 42 17 268 137
migao 0.0038 126 177 225 236
migao 0.0033 270 38 300 111
migao 0.0032 54 -138 291 26
migao 0.0031 0 -9 298 178
migao 0.0030 134 -75 216 -18
migao 0.0028 131 132 226 276
migao 0.0025 131 -121 227 23
migao 0.0025 66 148 290 260
migao 0.0023 192 77 383 274
migao 0.0020 14 -192 335 77
migao 0.0017 84 -99 273 1
migao 0.0016 102 171 185 220
migao 0.0011 152 176 199 228
wagui 0.0716 89 -9 222 164
wagui 0.0531 42 17 268 137
wagui 0.0060 270 38 300 111
wagui 0.0029 14 -192 335 77
wagui 0.0026 0 -9 298 178
wagui 0.0025 54 -138 291 26
wagui 0.0023 102 171 185 220
wagui 0.0022 192 77 383 274
wagui 0.0022 131 -121 227 23
wagui 0.0021 131 132 226 276
wagui 0.0019 134 -75 216 -18
wagui 0.0018 66 148 290 260
wagui 0.0017 84 -99 273 1
wagui 0.0014 126 177 225 236
wagui 0.0013 85 -86 179 -30
wagui 0.0011 266 23 304 139
wagui 0.0010 152 176 199 228
