Kongrou 0.0545 38 61 467 415
Kongrou 0.0071 111 44 328 407
Kongrou 0.0027 258 -123 443 -17
Kongrou 0.0021 258 -205 460 55
Kongrou 0.0016 152 -187 562 35
Kongrou 0.0016 102 -21 583 318
Kongrou 0.0013 182 360 347 470
Kongrou 0.0012 86 178 604 655
Kongrou 0.0011 254 372 450 499
Kongrou 0.0011 21 -346 679 160
Kongrou 0.0011 127 -64 357 101
Kongrou 0.0010 255 285 461 578
Rouzaofun 0.0091 56 -5 535 390
Rouzaofun 0.0033 258 -123 443 -17
Rouzaofun 0.0020 49 104 387 393
Rouzaofun 0.0018 258 -205 460 55
Rouzaofun 0.0015 152 -187 562 35
Rouzaofun 0.0012 254 372 450 499
Rouzaofun 0.0011 140 314 571 544
Rouzaofun 0.0010 21 -346 679 160
Rice_with_Shredded_Chicken 0.0253 56 -5 535 390
Rice_with_Shredded_Chicken 0.0031 258 -123 443 -17
Rice_with_Shredded_Chicken 0.0030 49 104 387 393
Rice_with_Shredded_Chicken 0.0018 111 -246 582 66
Rice_with_Shredded_Chicken 0.0017 258 -205 460 55
Rice_with_Shredded_Chicken 0.0016 21 -346 679 160
Rice_with_Shredded_Chicken 0.0013 254 372 450 499
Rice_with_Shredded_Chicken 0.0010 123 217 574 621
migao 0.0175 56 -5 535 390
migao 0.0043 49 104 387 393
migao 0.0034 258 -123 443 -17
migao 0.0020 258 -205 460 55
migao 0.0018 111 -246 582 66
migao 0.0015 254 372 450 499
migao 0.0012 21 -346 679 160
migao 0.0011 86 178 604 655
migao 0.0011 140 314 571 544
migao 0.0010 255 285 461 578
wagui 0.0019 258 -123 443 -17
wagui 0.0018 21 -346 679 160
wagui 0.0016 258 -205 460 55
wagui 0.0015 56 -5 535 390
wagui 0.0015 152 -187 562 35
