Kongrou 0.0234 55 0 258 178
Kongrou 0.0061 -9 -12 283 118
Kongrou 0.0053 73 -130 241 57
Kongrou 0.0026 142 8 289 143
Kongrou 0.0014 55 110 304 279
Kongrou 0.0010 54 11 188 140
Kongrou 0.0010 111 -98 216 38
Rouzaofun 0.3754 6 0 271 181
Rouzaofun 0.0062 57 25 186 168
Rouzaofun 0.0045 73 -130 241 57
Rouzaofun 0.0032 27 -26 244 123
Rouzaofun 0.0027 142 8 289 143
Rouzaofun 0.0014 102 -37 297 174
Rouzaofun 0.0012 69 108 291 283
Rouzaofun 0.0012 116 -59 206 1
Rice_with_Shredded_Chicken 0.2946 0 4 275 177
Rice_with_Shredded_Chicken 0.0054 48 -109 268 36
Rice_with_Shredded_Chicken 0.0029 142 8 289 143
Rice_with_Shredded_Chicken 0.0023 27 -26 244 123
Rice_with_Shredded_Chicken 0.0012 116 -59 206 1
Rice_with_Shredded_Chicken 0.0012 69 108 291 283
Rice_with_Shredded_Chicken 0.0011 102 -37 297 174
Rice_with_Shredded_Chicken 0.0010 124 181 197 227
migao 0.1098 32 3 282 176
migao 0.0057 48 -109 268 36
migao 0.0036 142 8 289 143
migao 0.0013 4 -45 228 141
migao 0.0013 110 116 251 280
migao 0.0012 57 25 186 168
migao 0.0012 124 181 197 227
migao 0.0011 116 -59 206 1
migao 0.0010 111 -98 216 38
wagui 0.1523 0 4 275 177
wagui 0.0105 170 -3 263 154
wagui 0.0055 31 -153 288 78
wagui 0.0027 95 -2 305 146
wagui 0.0025 27 -26 244 123
wagui 0.0019 88 -116 270 45
wagui 0.0016 47 -8 155 76
wagui 0.0014 -11 9 170 142
wagui 0.0013 55 110 304 279
wagui 0.0011 57 162 96 184
