Kongrou 0.0169 31 38 194 184
Kongrou 0.0100 122 43 197 155
Kongrou 0.0024 88 54 229 144
Kongrou 0.0016 43 -10 212 98
Kongrou 0.0011 87 -3 163 99
Rouzaofun 0.4961 13 40 210 185
Rouzaofun 0.0025 24 61 139 172
Rouzaofun 0.0016 19 76 173 218
Rouzaofun 0.0011 88 54 229 144
Rice_with_Shredded_Chicken 0.1128 20 29 204 195
Rice_with_Shredded_Chicken 0.0011 8 58 155 174
migao 0.1882 20 29 204 195
migao 0.0024 122 43 197 155
migao 0.0017 88 54 229 144
migao 0.0010 8 58 155 174
wagui 0.0394 20 29 204 195
wagui 0.0018 122 43 197 155
wagui 0.0011 88 54 229 144
