Kongrou 0.0271 30 -16 269 187
Kongrou 0.0134 131 -68 219 -22
Kongrou 0.0087 131 -120 226 24
Kongrou 0.0066 76 -95 279 0
Kongrou 0.0058 115 184 211 230
Kongrou 0.0044 118 136 215 272
Kongrou 0.0039 60 154 272 254
Kongrou 0.0029 252 121 304 236
Kongrou 0.0028 87 171 177 221
Kongrou 0.0025 97 -145 294 40
Kongrou 0.0021 150 124 273 240
Kongrou 0.0018 12 143 135 243
Kongrou 0.0017 -3 -58 105 32
Kongrou 0.0016 146 -90 204 21
Kongrou 0.0015 86 -86 178 -28
Kongrou 0.0015 108 -92 149 22
Kongrou 0.0014 5 -198 345 84
Kongrou 0.0013 231 131 337 227
Kongrou 0.0013 62 162 138 230
Kongrou 0.0011 134 -83 240 -10
Kongrou 0.0011 -2 -100 103 6
Kongrou 0.0010 136 94 343 267
Kongrou 0.0010 82 -10 228 146
Rouzaofun 0.4681 38 -4 262 172
Rouzaofun 0.0106 131 -68 219 -22
Rouzaofun 0.0072 112 6 244 150
Rouzaofun 0.0069 131 -120 226 24
Rouzaofun 0.0053 76 -95 279 0
Rouzaofun 0.0053 115 184 211 230
Rouzaofun 0.0052 65 -9 199 144
Rouzaofun 0.0043 60 154 272 254
Rouzaofun 0.0031 118 136 215 272
Rouzaofun 0.0031 258 122 310 236
Rouzaofun 0.0018 146 -90 204 21
Rouzaofun 0.0018 108 -92 149 22
Rouzaofun 0.0018 -3 -58 105 32
Rouzaofun 0.0018 150 124 273 240
Rouzaofun 0.0016 84 -152 256 40
Rouzaofun 0.0016 -2 -100 103 6
Rouzaofun 0.0015 5 -198 345 84
Rouzaofun 0.0015 231 131 337 227
Rouzaofun 0.0014 8 138 116 248
Rouzaofun 0.0011 134 -83 240 -10
Rouzaofun 0.0010 37 -69 228 -1
Rouzaofun 0.0010 13 -40 290 118
Rice_with_Shredded_Chicken 0.0385 38 -4 262 172
Rice_with_Shredded_Chicken 0.0104 131 -68 219 -22
Rice_with_Shredded_Chicken 0.0068 131 -120 226 24
Rice_with_Shredded_Chicken 0.0055 76 -95 279 0
Rice_with_Shredded_Chicken 0.0043 115 184 211 230
Rice_with_Shredded_Chicken 0.0037 60 154 272 254
Rice_with_Shredded_Chicken 0.0029 118 136 215 272
Rice_with_Shredded_Chicken 0.0026 150 124 273 240
Rice_with_Shredded_Chicken 0.0024 252 121 304 236
Rice_with_Shredded_Chicken 0.0023 146 -90 204 21
Rice_with_Shredded_Chicken 0.0021 5 -198 345 84
Rice_with_Shredded_Chicken 0.0020 97 -145 294 40
Rice_with_Shredded_Chicken 0.0015 -2 -100 103 6
Rice_with_Shredded_Chicken 0.0015 8 138 116 248
Rice_with_Shredded_Chicken 0.0013 134 -83 240 -10
Rice_with_Shredded_Chicken 0.0012 -3 -58 105 32
Rice_with_Shredded_Chicken 0.0012 231 131 337 227
Rice_with_Shredded_Chicken 0.0010 114 80 367 268
Rice_with_Shredded_Chicken 0.0010 38 167 155 264
Rice_with_Shredded_Chicken 0.0010 108 -92 149 22
migao 0.2210 38 -4 262 172
migao 0.0130 131 -68 219 -22
migao 0.0079 131 -120 226 24
migao 0.0071 115 184 211 230
migao 0.0062 76 -95 279 0
migao 0.0046 60 154 272 254
migao 0.0043 118 136 215 272
migao 0.0043 258 122 310 236
migao 0.0028 146 -90 204 21
migao 0.0026 108 -92 149 22
migao 0.0020 231 131 337 227
migao 0.0020 97 -145 294 40
migao 0.0018 5 -198 345 84
migao 0.0017 150 124 273 240
migao 0.0014 -3 -58 105 32
migao 0.0014 112 6 244 150
migao 0.0012 8 138 116 248
migao 0.0011 -2 -100 103 6
migao 0.0011 134 -83 240 -10
migao 0.0011 62 162 138 230
migao 0.0010 65 -9 199 144
migao 0.0010 37 -69 228 -1
wagui 0.0460 38 -4 262 172
wagui 0.0072 131 -68 219 -22
wagui 0.0060 131 -120 226 24
wagui 0.0054 76 -95 279 0
wagui 0.0030 258 122 310 236
wagui 0.0029 118 136 215 272
wagui 0.0028 60 154 272 254
wagui 0.0026 5 -198 345 84
wagui 0.0023 115 184 211 230
wagui 0.0023 86 -86 178 -28
wagui 0.0019 108 -92 149 22
wagui 0.0019 231 131 337 227
wagui 0.0018 90 -162 298 52
wagui 0.0015 146 -90 204 21
wagui 0.0011 87 171 177 221
