Kongrou 0.0567 9 32 248 201
Kongrou 0.0138 65 20 163 143
Kongrou 0.0048 49 49 179 174
Rouzaofun 0.3002 46 28 249 203
Rouzaofun 0.0058 49 49 179 174
Rouzaofun 0.0057 104 57 264 185
Rouzaofun 0.0047 65 20 163 143
Rouzaofun 0.0042 151 47 237 175
Rouzaofun 0.0011 70 79 198 205
Rice_with_Shredded_Chicken 0.0396 19 33 240 198
Rice_with_Shredded_Chicken 0.0026 47 -14 162 40
Rice_with_Shredded_Chicken 0.0020 18 -44 199 81
Rice_with_Shredded_Chicken 0.0019 121 59 266 184
migao 0.1539 46 28 249 203
migao 0.0052 65 20 163 143
migao 0.0042 28 41 200 162
migao 0.0022 107 48 261 174
wagui 0.0164 9 32 248 201
wagui 0.0010 47 -14 162 40
