Kongrou 0.0300 25 32 233 198
Kongrou 0.0013 130 204 163 233
Kongrou 0.0012 191 38 297 226
Kongrou 0.0011 -4 83 38 194
Kongrou 0.0010 128 44 220 160
Kongrou 0.0010 73 172 155 214
Rouzaofun 0.2460 18 12 239 185
Rouzaofun 0.0193 62 18 187 145
Rouzaofun 0.0048 -4 83 38 194
Rouzaofun 0.0025 -18 100 53 178
Rouzaofun 0.0018 130 204 163 233
Rouzaofun 0.0013 191 38 297 226
Rouzaofun 0.0011 126 197 177 230
Rouzaofun 0.0010 106 176 187 261
Rice_with_Shredded_Chicken 0.1931 22 9 235 184
Rice_with_Shredded_Chicken 0.0036 39 31 209 132
Rice_with_Shredded_Chicken 0.0022 -4 83 38 194
Rice_with_Shredded_Chicken 0.0020 130 204 163 233
Rice_with_Shredded_Chicken 0.0014 -18 100 53 178
Rice_with_Shredded_Chicken 0.0013 191 38 297 226
Rice_with_Shredded_Chicken 0.0010 126 197 177 230
migao 0.1253 22 9 235 184
migao 0.0045 39 31 209 132
migao 0.0027 -4 83 38 194
migao 0.0020 -18 100 53 178
migao 0.0019 130 204 163 233
migao 0.0011 191 38 297 226
migao 0.0010 126 197 177 230
wagui 0.0328 22 9 235 184
wagui 0.0019 130 204 163 233
wagui 0.0018 -4 83 38 194
wagui 0.0015 -18 100 53 178
wagui 0.0012 191 38 297 226
