Kongrou 0.3307 39 20 831 692
Kongrou 0.0084 276 39 706 605
Kongrou 0.0061 696 -86 998 342
Kongrou 0.0024 218 -460 951 185
Kongrou 0.0020 101 97 799 473
Kongrou 0.0016 780 -6 1050 313
Kongrou 0.0015 351 643 631 806
Kongrou 0.0014 178 159 651 720
Kongrou 0.0013 604 31 1107 236
Kongrou 0.0011 437 -204 762 -7
Kongrou 0.0011 433 -355 791 131
Rouzaofun 0.0309 700 -64 994 385
Rouzaofun 0.0303 72 -3 774 701
Rouzaofun 0.0030 780 -6 1050 313
Rouzaofun 0.0026 604 31 1107 236
Rouzaofun 0.0022 218 -460 951 185
Rouzaofun 0.0015 437 -204 762 -7
Rouzaofun 0.0012 351 643 631 806
Rouzaofun 0.0010 730 50 982 219
Rouzaofun 0.0010 433 -355 791 131
Rice_with_Shredded_Chicken 0.0672 31 90 845 721
Rice_with_Shredded_Chicken 0.0551 700 -64 994 385
Rice_with_Shredded_Chicken 0.0028 200 -410 981 138
Rice_with_Shredded_Chicken 0.0026 70 -573 1125 287
Rice_with_Shredded_Chicken 0.0023 225 54 680 668
Rice_with_Shredded_Chicken 0.0018 604 31 1107 236
Rice_with_Shredded_Chicken 0.0015 437 -204 762 -7
Rice_with_Shredded_Chicken 0.0013 780 -6 1050 313
Rice_with_Shredded_Chicken 0.0013 93 -218 490 -2
migao 0.2302 31 90 845 721
migao 0.0257 700 -64 994 385
migao 0.0102 225 54 680 668
migao 0.0029 200 -410 981 138
migao 0.0023 604 31 1107 236
migao 0.0020 70 -573 1125 287
migao 0.0020 780 -6 1050 313
migao 0.0014 437 -204 762 -7
migao 0.0011 433 -355 791 131
migao 0.0010 351 643 631 806
wagui 0.0831 700 -64 994 385
wagui 0.0466 39 20 831 692
wagui 0.0028 70 -573 1125 287
wagui 0.0021 200 -410 981 138
wagui 0.0018 351 643 631 806
wagui 0.0016 604 31 1107 236
wagui 0.0015 780 -6 1050 313
wagui 0.0010 299 -235 606 -53
wagui 0.0010 93 -218 490 -2
wagui 0.0010 437 -204 762 -7
wagui 0.0010 433 -355 791 131
