Kongrou 0.0125 17 -6 255 190
Kongrou 0.0082 123 -101 206 40
Kongrou 0.0079 161 20 251 131
Kongrou 0.0078 119 -45 202 -9
Kongrou 0.0056 54 -72 273 12
Kongrou 0.0020 146 42 249 103
Kongrou 0.0020 84 -134 274 60
Kongrou 0.0017 64 109 336 280
Kongrou 0.0015 104 -72 219 -5
Kongrou 0.0014 120 131 280 268
Kongrou 0.0012 80 -62 163 -14
Kongrou 0.0011 102 -63 134 26
Rouzaofun 0.2338 34 3 237 181
Rouzaofun 0.0068 71 27 193 165
Rouzaofun 0.0065 119 -45 202 -9
Rouzaofun 0.0060 123 -101 206 40
Rouzaofun 0.0054 74 -12 168 121
Rouzaofun 0.0051 164 24 231 121
Rouzaofun 0.0049 54 -72 273 12
Rouzaofun 0.0026 152 42 254 103
Rouzaofun 0.0023 102 -63 134 26
Rouzaofun 0.0015 64 109 336 280
Rouzaofun 0.0014 84 -134 274 60
Rouzaofun 0.0014 36 35 143 157
Rouzaofun 0.0012 37 -49 207 12
Rouzaofun 0.0010 104 -72 219 -5
Rouzaofun 0.0010 -91 100 101 237
Rouzaofun 0.0010 120 131 280 268
Rice_with_Shredded_Chicken 0.0431 34 3 237 181
Rice_with_Shredded_Chicken 0.0063 123 -101 206 40
Rice_with_Shredded_Chicken 0.0056 119 -45 202 -9
Rice_with_Shredded_Chicken 0.0047 54 -72 273 12
Rice_with_Shredded_Chicken 0.0035 164 24 231 121
Rice_with_Shredded_Chicken 0.0021 152 42 254 103
Rice_with_Shredded_Chicken 0.0021 84 -134 274 60
Rice_with_Shredded_Chicken 0.0018 64 109 336 280
Rice_with_Shredded_Chicken 0.0017 2 37 197 156
Rice_with_Shredded_Chicken 0.0013 102 -63 134 26
Rice_with_Shredded_Chicken 0.0010 104 -72 219 -5
migao 0.0813 34 3 237 181
migao 0.0085 119 -45 202 -9
migao 0.0073 123 -101 206 40
migao 0.0064 164 24 231 121
migao 0.0055 54 -72 273 12
migao 0.0032 152 42 254 103
migao 0.0029 102 -63 134 26
migao 0.0017 83 -116 278 47
migao 0.0015 64 109 336 280
migao 0.0015 71 27 193 165
migao 0.0013 104 -72 219 -5
migao 0.0012 140 18 270 134
migao 0.0012 74 -12 168 121
migao 0.0012 120 131 280 268
migao 0.0012 37 -49 207 12
migao 0.0011 137 -59 185 23
migao 0.0010 91 -60 125 23
wagui 0.0132 34 3 237 181
wagui 0.0070 164 24 231 121
wagui 0.0059 119 -45 202 -9
wagui 0.0055 123 -101 206 40
wagui 0.0050 54 -72 273 12
wagui 0.0032 152 42 254 103
wagui 0.0020 66 -62 155 -14
wagui 0.0019 140 18 270 134
wagui 0.0016 84 -134 274 60
wagui 0.0016 64 109 336 280
wagui 0.0014 102 -63 134 26
wagui 0.0011 27 -56 128 19
wagui 0.0010 146 201 176 240
