Kongrou 0.0349 93 -15 217 171
Kongrou 0.0132 57 14 253 140
Kongrou 0.0030 122 191 204 224
Kongrou 0.0030 88 -110 200 129
Kongrou 0.0029 90 -36 199 52
Kongrou 0.0028 129 129 205 277
Kongrou 0.0028 115 23 212 115
Kongrou 0.0025 131 -74 220 -18
Kongrou 0.0022 135 -115 223 17
Kongrou 0.0022 90 169 174 223
Kongrou 0.0021 33 157 302 252
Kongrou 0.0018 75 -153 266 41
Kongrou 0.0014 16 -185 334 69
Kongrou 0.0012 103 163 227 227
Kongrou 0.0010 43 78 304 316
Rouzaofun 0.0757 93 -15 217 171
Rouzaofun 0.0329 57 14 253 140
Rouzaofun 0.0039 115 23 212 115
Rouzaofun 0.0030 90 -36 199 52
Rouzaofun 0.0027 69 -77 217 95
Rouzaofun 0.0023 122 191 204 224
Rouzaofun 0.0023 131 -74 220 -18
Rouzaofun 0.0020 129 129 205 277
Rouzaofun 0.0019 33 157 302 252
Rouzaofun 0.0019 135 -115 223 17
Rouzaofun 0.0017 75 -153 266 41
Rouzaofun 0.0014 82 31 246 96
Rouzaofun 0.0014 16 -185 334 69
Rouzaofun 0.0013 -28 -16 64 102
Rouzaofun 0.0013 118 173 234 239
Rouzaofun 0.0012 103 172 183 220
Rouzaofun 0.0011 -2 0 18 82
Rouzaofun 0.0011 121 -6 161 30
Rouzaofun 0.0010 -79 -53 102 124
Rice_with_Shredded_Chicken 0.0103 57 14 253 140
Rice_with_Shredded_Chicken 0.0051 93 -15 217 171
Rice_with_Shredded_Chicken 0.0044 90 -36 199 52
Rice_with_Shredded_Chicken 0.0026 69 -77 217 95
Rice_with_Shredded_Chicken 0.0024 51 -135 294 23
Rice_with_Shredded_Chicken 0.0024 131 -74 220 -18
Rice_with_Shredded_Chicken 0.0021 16 -185 334 69
Rice_with_Shredded_Chicken 0.0020 115 23 212 115
Rice_with_Shredded_Chicken 0.0019 129 129 205 277
Rice_with_Shredded_Chicken 0.0018 -28 -16 64 102
Rice_with_Shredded_Chicken 0.0018 135 -115 223 17
Rice_with_Shredded_Chicken 0.0017 33 157 302 252
Rice_with_Shredded_Chicken 0.0014 122 191 204 224
Rice_with_Shredded_Chicken 0.0012 118 173 234 239
Rice_with_Shredded_Chicken 0.0012 -2 0 18 82
Rice_with_Shredded_Chicken 0.0010 -79 -53 102 124
migao 0.1116 93 -15 217 171
migao 0.0735 57 14 253 140
migao 0.0038 90 -36 199 52
migao 0.0034 122 191 204 224
migao 0.0028 115 23 212 115
migao 0.0028 69 -77 217 95
migao 0.0027 131 -74 220 -18
migao 0.0027 129 129 205 277
migao 0.0025 51 -135 294 23
migao 0.0021 135 -115 223 17
migao 0.0021 33 157 302 252
migao 0.0017 16 -185 334 69
migao 0.0014 118 173 234 239
migao 0.0013 -2 0 18 82
migao 0.0013 103 172 183 220
migao 0.0012 82 31 246 96
migao 0.0011 -28 -16 64 102
migao 0.0010 121 -6 161 30
wagui 0.0281 93 1 217 175
wagui 0.0181 53 28 257 149
wagui 0.0033 90 -36 199 52
wagui 0.0029 88 -110 200 129
wagui 0.0024 16 -185 334 69
wagui 0.0023 115 23 212 115
wagui 0.0019 51 -135 294 23
wagui 0.0018 122 191 204 224
wagui 0.0017 103 172 183 220
wagui 0.0017 135 -115 223 17
wagui 0.0017 -2 0 18 82
wagui 0.0016 33 157 302 252
wagui 0.0016 129 129 205 277
wagui 0.0016 131 -74 220 -18
wagui 0.0012 -28 -16 64 102
wagui 0.0012 86 -86 178 -30
