Kongrou 0.0114 33 17 265 176
Kongrou 0.0055 114 -28 188 0
Kongrou 0.0049 117 -82 192 46
Kongrou 0.0039 114 -44 209 12
Kongrou 0.0034 49 -53 260 19
Kongrou 0.0019 85 -47 163 -3
Kongrou 0.0016 145 120 348 308
Kongrou 0.0011 85 -111 250 63
Kongrou 0.0010 132 -46 171 35
Rouzaofun 0.5921 41 22 257 164
Rouzaofun 0.0049 75 4 213 139
Rouzaofun 0.0041 114 -44 209 12
Rouzaofun 0.0035 117 -82 192 46
Rouzaofun 0.0034 114 -28 188 0
Rouzaofun 0.0025 49 -53 260 19
Rouzaofun 0.0020 52 41 176 162
Rouzaofun 0.0016 145 120 348 308
Rouzaofun 0.0012 132 -46 171 35
Rouzaofun 0.0010 73 -47 155 -3
Rouzaofun 0.0010 104 57 284 164
Rice_with_Shredded_Chicken 0.0109 67 20 237 172
Rice_with_Shredded_Chicken 0.0041 117 -82 192 46
Rice_with_Shredded_Chicken 0.0041 114 -44 209 12
Rice_with_Shredded_Chicken 0.0032 114 -28 188 0
Rice_with_Shredded_Chicken 0.0025 49 -53 260 19
Rice_with_Shredded_Chicken 0.0012 85 -111 250 63
Rice_with_Shredded_Chicken 0.0012 132 -46 171 35
Rice_with_Shredded_Chicken 0.0010 145 120 348 308
migao 0.1890 41 22 257 164
migao 0.0053 114 -28 188 0
migao 0.0046 114 -44 209 12
migao 0.0044 117 -82 192 46
migao 0.0030 49 -53 260 19
migao 0.0018 132 -46 171 35
migao 0.0018 139 155 355 277
migao 0.0011 118 171 165 252
migao 0.0010 72 -96 266 50
wagui 0.0196 33 17 265 176
wagui 0.0045 114 -28 188 0
wagui 0.0030 49 -53 260 19
wagui 0.0029 117 -82 192 46
wagui 0.0025 85 -47 163 -3
wagui 0.0025 114 -44 209 12
wagui 0.0020 145 120 348 308
wagui 0.0013 132 -46 171 35
wagui 0.0010 85 -111 250 63
