Kongrou 0.0589 142 38 860 558
Kongrou 0.0148 290 15 684 521
Kongrou 0.0065 298 573 593 755
Kongrou 0.0038 403 646 698 762
Kongrou 0.0031 40 -70 463 149
Kongrou 0.0030 413 444 716 936
Kongrou 0.0023 471 -12 830 178
Kongrou 0.0022 445 -229 736 -74
Kongrou 0.0022 166 530 959 854
Kongrou 0.0022 303 -546 1017 175
Kongrou 0.0020 454 -387 755 65
Kongrou 0.0014 354 154 771 611
Kongrou 0.0013 254 -327 949 6
Kongrou 0.0010 24 -671 1161 286
Kongrou 0.0010 204 142 614 630
Kongrou 0.0010 324 155 704 436
Rouzaofun 0.0110 114 65 895 639
Rouzaofun 0.0033 50 -25 457 242
Rouzaofun 0.0030 471 -12 830 178
Rouzaofun 0.0027 403 646 698 762
Rouzaofun 0.0022 413 444 716 936
Rouzaofun 0.0020 445 -229 736 -74
Rouzaofun 0.0020 166 530 959 854
Rouzaofun 0.0019 298 573 593 755
Rouzaofun 0.0016 312 19 738 592
Rouzaofun 0.0016 454 -387 755 65
Rouzaofun 0.0015 299 -579 1022 204
Rouzaofun 0.0013 324 118 664 433
Rouzaofun 0.0011 254 -327 949 6
Rouzaofun 0.0010 223 164 805 388
Rice_with_Shredded_Chicken 0.1013 114 65 895 639
Rice_with_Shredded_Chicken 0.0254 50 -25 457 242
Rice_with_Shredded_Chicken 0.0077 312 19 738 592
Rice_with_Shredded_Chicken 0.0028 64 -66 515 145
Rice_with_Shredded_Chicken 0.0024 471 -12 830 178
Rice_with_Shredded_Chicken 0.0022 403 646 698 762
Rice_with_Shredded_Chicken 0.0022 413 444 716 936
Rice_with_Shredded_Chicken 0.0021 445 -229 736 -74
Rice_with_Shredded_Chicken 0.0019 303 -546 1017 175
Rice_with_Shredded_Chicken 0.0018 166 530 959 854
Rice_with_Shredded_Chicken 0.0016 24 -671 1161 286
Rice_with_Shredded_Chicken 0.0015 454 -387 755 65
Rice_with_Shredded_Chicken 0.0012 254 -327 949 6
Rice_with_Shredded_Chicken 0.0010 214 201 680 648
migao 0.0657 114 65 895 639
migao 0.0180 312 19 738 592
migao 0.0040 403 646 698 762
migao 0.0029 413 444 716 936
migao 0.0027 50 -25 457 242
migao 0.0025 471 -12 830 178
migao 0.0025 445 -229 736 -74
migao 0.0025 298 573 593 755
migao 0.0022 166 530 959 854
migao 0.0019 337 -483 985 127
migao 0.0018 454 -387 755 65
migao 0.0013 254 -327 949 6
migao 0.0012 24 -671 1161 286
migao 0.0012 227 158 762 394
wagui 0.0181 114 65 895 639
wagui 0.0078 50 -25 457 242
wagui 0.0041 298 573 593 755
wagui 0.0032 471 -12 830 178
wagui 0.0026 403 646 698 762
wagui 0.0019 24 -671 1161 286
wagui 0.0019 64 -66 515 145
wagui 0.0019 166 530 959 854
wagui 0.0018 413 444 716 936
wagui 0.0017 303 -546 1017 175
wagui 0.0015 312 19 738 592
wagui 0.0015 445 -229 736 -74
wagui 0.0014 454 -387 755 65
wagui 0.0012 254 -327 949 6
