Kongrou 0.0207 39 9 217 183
Kongrou 0.0018 127 195 176 232
Kongrou 0.0013 114 142 175 281
Kongrou 0.0010 118 176 195 251
Rouzaofun 0.6873 18 19 238 172
Rouzaofun 0.0126 56 5 193 139
Rouzaofun 0.0043 36 50 172 173
Rouzaofun 0.0029 97 47 251 175
Rouzaofun 0.0024 127 195 176 232
Rouzaofun 0.0016 91 183 162 205
Rouzaofun 0.0014 118 176 195 251
Rouzaofun 0.0011 114 142 175 281
Rouzaofun 0.0011 6 -4 88 14
Rouzaofun 0.0010 81 67 207 196
Rice_with_Shredded_Chicken 0.1015 39 9 217 183
Rice_with_Shredded_Chicken 0.0024 127 195 176 232
Rice_with_Shredded_Chicken 0.0013 118 176 195 251
Rice_with_Shredded_Chicken 0.0012 91 183 162 205
Rice_with_Shredded_Chicken 0.0011 114 142 175 281
migao 0.1879 18 19 238 172
migao 0.0023 127 195 176 232
migao 0.0021 56 5 193 139
migao 0.0019 91 183 162 205
migao 0.0016 118 171 166 254
migao 0.0013 114 142 175 281
migao 0.0011 6 -4 88 14
migao 0.0010 97 47 251 175
wagui 0.0478 18 19 238 172
wagui 0.0025 127 195 176 232
wagui 0.0020 91 183 162 205
wagui 0.0017 6 -4 88 14
wagui 0.0012 118 171 166 254
wagui 0.0010 86 173 163 213
wagui 0.0010 114 142 175 281
