Kongrou 0.0337 0 -3 67 101
Kongrou 0.0274 84 20 196 176
Kongrou 0.0158 -20 16 87 81
Kongrou 0.0150 191 -1 260 78
Kongrou 0.0104 5 100 62 184
Kongrou 0.0077 48 43 231 153
Kongrou 0.0031 105 -15 195 68
Kongrou 0.0023 6 19 60 79
Kongrou 0.0016 90 -119 262 55
Kongrou 0.0015 96 165 201 222
Kongrou 0.0014 76 -19 275 82
Kongrou 0.0013 118 -89 204 37
Kongrou 0.0011 118 -50 197 1
Kongrou 0.0011 134 1 192 45
Kongrou 0.0011 4 110 41 174
Kongrou 0.0010 16 7 255 180
Rouzaofun 0.1786 85 32 194 184
Rouzaofun 0.0511 48 43 231 153
Rouzaofun 0.0480 0 -3 67 101
Rouzaofun 0.0449 5 100 62 184
Rouzaofun 0.0230 191 -1 260 78
Rouzaofun 0.0213 -20 16 87 81
Rouzaofun 0.0098 105 -15 195 68
Rouzaofun 0.0082 76 -19 275 82
Rouzaofun 0.0043 16 7 255 180
Rouzaofun 0.0031 6 19 60 79
Rouzaofun 0.0030 4 110 41 174
Rouzaofun 0.0020 166 -22 258 95
Rouzaofun 0.0016 134 1 192 45
Rouzaofun 0.0016 18 113 58 172
Rouzaofun 0.0014 173 9 288 68
Rouzaofun 0.0013 90 -119 262 55
Rouzaofun 0.0013 118 -50 197 1
Rouzaofun 0.0012 199 18 252 69
Rouzaofun 0.0012 88 62 176 150
Rouzaofun 0.0011 -18 115 64 169
Rouzaofun 0.0011 121 73 205 159
Rouzaofun 0.0011 118 -89 204 37
Rouzaofun 0.0010 212 98 270 187
Rouzaofun 0.0010 12 -159 302 90
Rice_with_Shredded_Chicken 0.0319 5 100 62 184
Rice_with_Shredded_Chicken 0.0297 0 -3 67 101
Rice_with_Shredded_Chicken 0.0225 47 49 232 167
Rice_with_Shredded_Chicken 0.0179 -20 16 87 81
Rice_with_Shredded_Chicken 0.0136 191 -1 260 78
Rice_with_Shredded_Chicken 0.0020 4 110 41 174
Rice_with_Shredded_Chicken 0.0018 105 -15 195 68
Rice_with_Shredded_Chicken 0.0016 6 19 60 79
Rice_with_Shredded_Chicken 0.0014 78 32 182 185
Rice_with_Shredded_Chicken 0.0014 70 -142 282 76
Rice_with_Shredded_Chicken 0.0012 76 -19 275 82
Rice_with_Shredded_Chicken 0.0012 118 -50 197 1
Rice_with_Shredded_Chicken 0.0011 118 -89 204 37
Rice_with_Shredded_Chicken 0.0010 173 9 288 68
migao 0.0885 85 32 194 184
migao 0.0527 0 -3 67 101
migao 0.0455 48 43 231 153
migao 0.0384 5 100 62 184
migao 0.0280 191 -1 260 78
migao 0.0277 -20 16 87 81
migao 0.0081 76 -19 275 82
migao 0.0080 105 -15 195 68
migao 0.0024 4 110 41 174
migao 0.0020 6 19 60 79
migao 0.0020 166 -22 258 95
migao 0.0018 16 7 255 180
migao 0.0016 134 1 192 45
migao 0.0015 57 -104 253 38
migao 0.0015 118 -50 197 1
migao 0.0014 173 9 288 68
migao 0.0013 118 -89 204 37
migao 0.0011 96 165 201 222
migao 0.0011 18 113 58 172
migao 0.0011 -18 115 64 169
migao 0.0010 12 -159 302 90
wagui 0.0501 5 100 62 184
wagui 0.0398 0 -3 67 101
wagui 0.0242 -20 16 87 81
wagui 0.0185 47 49 232 167
wagui 0.0181 191 -1 260 78
wagui 0.0059 105 -15 195 68
wagui 0.0043 4 110 41 174
wagui 0.0027 78 32 182 185
wagui 0.0021 76 -19 275 82
wagui 0.0018 18 113 58 172
wagui 0.0018 6 19 60 79
wagui 0.0017 134 1 192 45
wagui 0.0016 12 -159 302 90
wagui 0.0016 88 172 169 216
wagui 0.0013 90 -119 262 55
wagui 0.0010 118 -89 204 37
wagui 0.0010 -18 115 64 169
wagui 0.0010 173 9 288 68
wagui 0.0010 118 -50 197 1
