Kongrou 0.0488 59 -14 259 194
Kongrou 0.0044 136 31 256 163
Kongrou 0.0035 175 53 243 145
Kongrou 0.0033 79 -127 280 52
Kongrou 0.0025 118 -48 205 -8
Kongrou 0.0024 123 -98 206 37
Kongrou 0.0015 62 -78 266 17
Kongrou 0.0015 59 13 184 159
Kongrou 0.0012 2 -172 321 94
Kongrou 0.0012 156 69 263 129
Rouzaofun 0.2782 55 6 255 176
Rouzaofun 0.0028 175 53 243 145
Rouzaofun 0.0025 118 -48 205 -8
Rouzaofun 0.0022 79 -127 280 52
Rouzaofun 0.0020 123 -98 206 37
Rouzaofun 0.0015 156 69 263 129
Rouzaofun 0.0014 2 -172 321 94
Rouzaofun 0.0013 62 -78 266 17
Rouzaofun 0.0013 143 203 180 238
Rouzaofun 0.0011 28 49 215 164
Rouzaofun 0.0011 9 -62 126 1
Rice_with_Shredded_Chicken 0.0519 55 6 255 176
Rice_with_Shredded_Chicken 0.0029 90 -111 272 40
Rice_with_Shredded_Chicken 0.0025 118 -48 205 -8
Rice_with_Shredded_Chicken 0.0020 175 53 243 145
Rice_with_Shredded_Chicken 0.0020 2 -172 321 94
Rice_with_Shredded_Chicken 0.0019 123 -98 206 37
Rice_with_Shredded_Chicken 0.0014 143 203 180 238
Rice_with_Shredded_Chicken 0.0013 9 -62 126 1
Rice_with_Shredded_Chicken 0.0011 156 69 263 129
migao 0.2276 55 6 255 176
migao 0.0037 175 53 243 145
migao 0.0030 118 -48 205 -8
migao 0.0028 90 -111 272 40
migao 0.0023 123 -98 206 37
migao 0.0017 156 69 263 129
migao 0.0015 2 -172 321 94
migao 0.0013 143 203 180 238
migao 0.0011 105 40 286 154
wagui 0.0476 55 6 255 176
wagui 0.0035 175 53 243 145
wagui 0.0028 136 31 256 163
wagui 0.0025 79 -127 280 52
wagui 0.0024 2 -172 321 94
wagui 0.0024 118 -48 205 -8
wagui 0.0018 123 -98 206 37
wagui 0.0017 156 69 263 129
wagui 0.0016 62 -78 266 17
wagui 0.0015 143 203 180 238
wagui 0.0012 5 -79 131 -1
wagui 0.0011 80 -62 163 -15
