Kongrou 0.0443 5 -5 226 188
Kongrou 0.0019 60 26 202 166
Kongrou 0.0019 65 -130 250 58
Kongrou 0.0011 140 186 192 234
Kongrou 0.0010 117 -93 191 32
Kongrou 0.0010 112 -47 188 -8
Rouzaofun 0.3718 17 2 214 176
Rouzaofun 0.0057 83 28 201 165
Rouzaofun 0.0016 65 -130 250 58
Rouzaofun 0.0015 140 186 192 234
Rouzaofun 0.0013 144 204 177 238
Rouzaofun 0.0010 125 169 207 252
Rice_with_Shredded_Chicken 0.0440 17 2 214 176
Rice_with_Shredded_Chicken 0.0021 53 -111 263 38
Rice_with_Shredded_Chicken 0.0015 144 204 177 238
Rice_with_Shredded_Chicken 0.0013 140 186 192 234
Rice_with_Shredded_Chicken 0.0012 13 -70 143 -9
migao 0.2331 17 2 214 176
migao 0.0019 53 -111 263 38
migao 0.0015 140 186 192 234
migao 0.0014 144 204 177 238
migao 0.0012 83 28 201 165
migao 0.0011 112 -47 188 -8
migao 0.0010 117 -93 191 32
wagui 0.0206 17 2 214 176
wagui 0.0019 27 -147 291 72
wagui 0.0016 13 -70 143 -9
wagui 0.0016 144 204 177 238
wagui 0.0012 140 186 192 234
