Kongrou 0.0399 34 15 222 184
Kongrou 0.0025 2 132 81 195
Kongrou 0.0022 150 195 193 231
Kongrou 0.0020 45 49 164 174
Kongrou 0.0014 132 176 210 251
Kongrou 0.0013 122 168 181 256
Kongrou 0.0011 -48 131 111 301
Rouzaofun 0.1257 26 29 230 201
Rouzaofun 0.0183 50 49 180 174
Rouzaofun 0.0033 2 132 81 195
Rouzaofun 0.0028 150 195 193 231
Rouzaofun 0.0022 6 116 123 208
Rouzaofun 0.0020 132 176 210 251
Rouzaofun 0.0017 -48 131 111 301
Rouzaofun 0.0015 102 180 171 197
Rouzaofun 0.0014 122 168 181 256
Rice_with_Shredded_Chicken 0.0071 35 46 214 176
Rice_with_Shredded_Chicken 0.0027 150 195 193 231
Rice_with_Shredded_Chicken 0.0017 132 176 210 251
Rice_with_Shredded_Chicken 0.0015 2 132 81 195
Rice_with_Shredded_Chicken 0.0013 122 168 181 256
Rice_with_Shredded_Chicken 0.0012 -48 131 111 301
Rice_with_Shredded_Chicken 0.0010 80 165 228 257
migao 0.0845 26 29 230 201
migao 0.0066 60 46 189 177
migao 0.0028 150 195 193 231
migao 0.0025 2 132 81 195
migao 0.0020 122 168 181 256
migao 0.0018 -48 131 111 301
migao 0.0015 132 176 210 251
migao 0.0015 102 180 171 197
migao 0.0010 80 165 228 257
wagui 0.0042 16 31 241 202
wagui 0.0031 150 195 193 231
wagui 0.0017 2 132 81 195
wagui 0.0017 132 176 210 251
wagui 0.0016 102 180 171 197
wagui 0.0015 -48 131 111 301
