Kongrou 0.0049 133 -72 217 -20
Kongrou 0.0045 133 -118 226 20
Kongrou 0.0034 100 -162 291 50
Kongrou 0.0030 78 -97 279 0
Kongrou 0.0022 9 -194 341 79
Kongrou 0.0021 130 34 249 144
Kongrou 0.0020 200 -8 294 75
Kongrou 0.0014 32 106 123 171
Kongrou 0.0012 -3 -101 104 5
Kongrou 0.0010 86 -85 178 -30
Rouzaofun 0.6081 119 33 236 145
Rouzaofun 0.0202 160 112 289 180
Rouzaofun 0.0087 200 -8 294 75
Rouzaofun 0.0047 75 44 281 155
Rouzaofun 0.0040 133 -72 217 -20
Rouzaofun 0.0035 133 -118 226 20
Rouzaofun 0.0028 9 -194 341 79
Rouzaofun 0.0027 96 -169 295 58
Rouzaofun 0.0026 78 -97 279 0
Rouzaofun 0.0022 32 106 123 171
Rouzaofun 0.0016 229 15 295 54
Rouzaofun 0.0015 111 88 339 207
Rouzaofun 0.0015 98 58 263 114
Rouzaofun 0.0015 42 117 101 159
Rouzaofun 0.0012 -3 -101 104 5
Rouzaofun 0.0012 141 67 221 105
Rouzaofun 0.0010 192 22 297 58
Rouzaofun 0.0010 9 114 54 152
Rice_with_Shredded_Chicken 0.0680 160 112 289 180
Rice_with_Shredded_Chicken 0.0394 119 33 236 145
Rice_with_Shredded_Chicken 0.0142 201 0 294 86
Rice_with_Shredded_Chicken 0.0043 61 -12 157 98
Rice_with_Shredded_Chicken 0.0038 133 -72 217 -20
Rice_with_Shredded_Chicken 0.0035 9 -194 341 79
Rice_with_Shredded_Chicken 0.0035 133 -118 226 20
Rice_with_Shredded_Chicken 0.0033 52 -138 294 27
Rice_with_Shredded_Chicken 0.0025 78 -97 279 0
Rice_with_Shredded_Chicken 0.0024 111 88 339 207
Rice_with_Shredded_Chicken 0.0022 32 106 123 171
Rice_with_Shredded_Chicken 0.0016 75 44 281 155
Rice_with_Shredded_Chicken 0.0016 167 -30 326 95
Rice_with_Shredded_Chicken 0.0012 -3 -101 104 5
Rice_with_Shredded_Chicken 0.0012 42 117 101 159
migao 0.1202 119 33 236 145
migao 0.0086 160 112 289 180
migao 0.0059 200 -8 294 75
migao 0.0049 133 -72 217 -20
migao 0.0040 133 -118 226 20
migao 0.0038 52 -138 294 27
migao 0.0029 9 -194 341 79
migao 0.0028 78 -97 279 0
migao 0.0019 43 117 112 160
migao 0.0012 9 114 54 152
migao 0.0012 229 15 295 54
migao 0.0012 75 44 281 155
migao 0.0011 -48 -105 80 9
migao 0.0011 110 -84 148 12
wagui 0.1434 160 112 289 180
wagui 0.0181 200 -8 294 75
wagui 0.0126 119 33 236 145
wagui 0.0049 61 -12 157 98
wagui 0.0044 9 -194 341 79
wagui 0.0036 32 106 123 171
wagui 0.0032 111 88 339 207
wagui 0.0032 133 -118 226 20
wagui 0.0030 100 -162 291 50
wagui 0.0027 133 -72 217 -20
wagui 0.0025 78 -97 279 0
wagui 0.0025 9 114 54 152
wagui 0.0024 42 117 101 159
wagui 0.0016 86 -85 178 -30
wagui 0.0016 167 -30 326 95
wagui 0.0013 229 15 295 54
wagui 0.0011 192 22 297 58
wagui 0.0010 -38 26 199 235
