Kongrou 0.0120 95 -8 225 159
Kongrou 0.0113 137 -87 226 -20
Kongrou 0.0107 134 -134 236 21
Kongrou 0.0094 50 26 269 146
Kongrou 0.0073 84 -114 284 1
Kongrou 0.0058 46 -20 155 53
Kongrou 0.0044 21 -19 289 182
Kongrou 0.0019 131 174 232 242
Kongrou 0.0018 148 -99 215 13
Kongrou 0.0018 134 135 236 276
Kongrou 0.0017 10 -44 190 74
Kongrou 0.0016 80 -174 273 46
Kongrou 0.0014 77 145 291 264
Kongrou 0.0013 87 -3 157 28
Kongrou 0.0013 93 169 180 224
Kongrou 0.0013 125 44 226 147
Kongrou 0.0012 -25 -81 233 99
Rouzaofun 0.4069 97 -4 225 177
Rouzaofun 0.1412 50 26 269 146
Rouzaofun 0.0276 21 -19 289 182
Rouzaofun 0.0097 137 -87 226 -20
Rouzaofun 0.0089 134 -134 236 21
Rouzaofun 0.0069 84 -114 284 1
Rouzaofun 0.0036 46 -20 155 53
Rouzaofun 0.0024 109 51 206 152
Rouzaofun 0.0023 131 174 232 242
Rouzaofun 0.0019 77 145 291 264
Rouzaofun 0.0019 93 57 258 134
Rouzaofun 0.0018 148 -99 215 13
Rouzaofun 0.0014 80 -174 273 46
Rouzaofun 0.0014 134 135 236 276
Rouzaofun 0.0012 10 -44 190 74
Rouzaofun 0.0012 139 43 235 148
Rouzaofun 0.0010 87 -3 157 28
Rice_with_Shredded_Chicken 0.0702 47 13 263 154
Rice_with_Shredded_Chicken 0.0444 89 0 209 173
Rice_with_Shredded_Chicken 0.0104 137 -87 226 -20
Rice_with_Shredded_Chicken 0.0082 134 -134 236 21
Rice_with_Shredded_Chicken 0.0066 84 -114 284 1
Rice_with_Shredded_Chicken 0.0047 46 -20 155 53
Rice_with_Shredded_Chicken 0.0022 131 174 232 242
Rice_with_Shredded_Chicken 0.0020 148 -99 215 13
Rice_with_Shredded_Chicken 0.0019 10 -44 190 74
Rice_with_Shredded_Chicken 0.0017 80 -174 273 46
Rice_with_Shredded_Chicken 0.0015 77 145 291 264
Rice_with_Shredded_Chicken 0.0013 -25 -81 233 99
Rice_with_Shredded_Chicken 0.0012 134 135 236 276
Rice_with_Shredded_Chicken 0.0012 93 57 258 134
Rice_with_Shredded_Chicken 0.0011 -59 -138 183 63
Rice_with_Shredded_Chicken 0.0010 109 51 206 152
migao 0.1212 97 -4 225 177
migao 0.0815 50 26 269 146
migao 0.0123 137 -87 226 -20
migao 0.0107 21 -19 289 182
migao 0.0100 134 -134 236 21
migao 0.0074 84 -114 284 1
migao 0.0051 46 -20 155 53
migao 0.0028 148 -99 215 13
migao 0.0027 131 174 232 242
migao 0.0018 77 145 291 264
migao 0.0017 134 135 236 276
migao 0.0016 10 -44 190 74
migao 0.0016 93 57 258 134
migao 0.0013 80 -174 273 46
migao 0.0012 109 51 206 152
wagui 0.0827 47 13 263 154
wagui 0.0446 89 0 209 173
wagui 0.0372 46 -20 155 53
wagui 0.0088 134 -134 236 21
wagui 0.0070 137 -87 226 -20
wagui 0.0067 84 -114 284 1
wagui 0.0049 10 -44 190 74
wagui 0.0019 148 -99 215 13
wagui 0.0019 18 -187 342 56
wagui 0.0015 87 -3 157 28
wagui 0.0015 -25 -81 233 99
wagui 0.0013 32 -2 81 27
wagui 0.0012 134 135 236 276
wagui 0.0012 77 145 291 264
wagui 0.0012 93 57 258 134
wagui 0.0011 -59 -138 183 63
