Kongrou 0.0425 11 11 242 186
Kongrou 0.0042 84 14 200 132
Kongrou 0.0020 114 -29 185 4
Kongrou 0.0018 117 -78 189 47
Kongrou 0.0017 54 36 231 149
Kongrou 0.0017 131 140 252 205
Kongrou 0.0014 114 -42 205 14
Kongrou 0.0013 72 -107 261 65
Kongrou 0.0011 43 -57 262 27
Rouzaofun 0.2282 27 25 228 169
Rouzaofun 0.0161 84 14 200 132
Rouzaofun 0.0040 51 27 155 158
Rouzaofun 0.0017 134 151 250 211
Rouzaofun 0.0015 117 -78 189 47
Rouzaofun 0.0014 114 -42 205 14
Rouzaofun 0.0013 114 -29 185 4
Rouzaofun 0.0010 72 -107 261 65
Rouzaofun 0.0010 -36 170 64 252
Rice_with_Shredded_Chicken 0.0383 27 25 228 169
Rice_with_Shredded_Chicken 0.0024 131 140 252 205
Rice_with_Shredded_Chicken 0.0016 117 -78 189 47
Rice_with_Shredded_Chicken 0.0015 114 -42 205 14
Rice_with_Shredded_Chicken 0.0014 72 -107 261 65
Rice_with_Shredded_Chicken 0.0013 114 -29 185 4
migao 0.1238 27 25 228 169
migao 0.0042 84 14 200 132
migao 0.0020 114 -29 185 4
migao 0.0016 117 -78 189 47
migao 0.0015 114 -42 205 14
migao 0.0014 131 140 252 205
migao 0.0012 127 -45 173 38
migao 0.0011 77 -92 257 54
wagui 0.0135 27 25 228 169
wagui 0.0032 131 140 252 205
wagui 0.0016 114 -29 185 4
wagui 0.0013 7 179 139 242
wagui 0.0012 72 -107 261 65
wagui 0.0011 117 -78 189 47
wagui 0.0011 43 -57 262 27
wagui 0.0010 238 164 258 194
wagui 0.0010 114 -42 205 14
