Kongrou 0.0075 50 -15 249 182
Kongrou 0.0043 86 165 178 226
Kongrou 0.0036 133 -73 217 -19
Kongrou 0.0032 134 -119 224 21
Kongrou 0.0026 52 -136 294 24
Kongrou 0.0023 116 187 211 228
Kongrou 0.0020 12 -189 337 74
Kongrou 0.0018 122 130 213 277
Kongrou 0.0014 138 21 266 136
Kongrou 0.0013 51 152 283 256
Kongrou 0.0012 60 95 286 300
Kongrou 0.0011 -11 -7 71 139
Kongrou 0.0011 177 -145 397 40
Kongrou 0.0010 -55 -12 112 148
Rouzaofun 0.2956 30 5 271 168
Rouzaofun 0.0050 78 5 209 128
Rouzaofun 0.0031 133 -73 217 -19
Rouzaofun 0.0027 134 -119 224 21
Rouzaofun 0.0026 124 25 256 176
Rouzaofun 0.0026 55 23 187 178
Rouzaofun 0.0025 35 59 312 197
Rouzaofun 0.0022 81 -155 261 42
Rouzaofun 0.0020 12 -189 337 74
Rouzaofun 0.0019 75 -98 282 0
Rouzaofun 0.0018 -11 -7 71 139
Rouzaofun 0.0016 116 187 211 228
Rouzaofun 0.0014 -55 -12 112 148
Rouzaofun 0.0013 122 130 213 277
Rouzaofun 0.0013 51 152 283 256
Rouzaofun 0.0012 86 165 178 226
Rouzaofun 0.0010 45 91 302 303
Rice_with_Shredded_Chicken 0.1438 29 27 273 179
Rice_with_Shredded_Chicken 0.0033 133 -73 217 -19
Rice_with_Shredded_Chicken 0.0033 52 -136 294 24
Rice_with_Shredded_Chicken 0.0029 12 -189 337 74
Rice_with_Shredded_Chicken 0.0026 134 -119 224 21
Rice_with_Shredded_Chicken 0.0022 62 15 202 163
Rice_with_Shredded_Chicken 0.0013 45 91 302 303
Rice_with_Shredded_Chicken 0.0013 116 187 211 228
Rice_with_Shredded_Chicken 0.0013 122 130 213 277
Rice_with_Shredded_Chicken 0.0012 177 -145 397 40
Rice_with_Shredded_Chicken 0.0011 -11 -7 71 139
Rice_with_Shredded_Chicken 0.0011 51 152 283 256
Rice_with_Shredded_Chicken 0.0010 -55 -12 112 148
Rice_with_Shredded_Chicken 0.0010 102 9 299 147
migao 0.0630 29 27 273 179
migao 0.0038 133 -73 217 -19
migao 0.0035 52 -136 294 24
migao 0.0030 134 -119 224 21
migao 0.0025 116 187 211 228
migao 0.0023 12 -189 337 74
migao 0.0017 122 130 213 277
migao 0.0017 62 15 202 163
migao 0.0015 -11 -7 71 139
migao 0.0015 -55 -12 112 148
migao 0.0013 51 152 283 256
migao 0.0012 86 165 178 226
migao 0.0012 60 95 286 300
migao 0.0010 177 -145 397 40
wagui 0.0180 30 5 271 168
wagui 0.0033 12 -189 337 74
wagui 0.0031 86 165 178 226
wagui 0.0027 52 -136 294 24
wagui 0.0025 -11 -7 71 139
wagui 0.0025 134 -119 224 21
wagui 0.0025 133 -73 217 -19
wagui 0.0019 -55 -12 112 148
wagui 0.0013 116 187 211 228
wagui 0.0012 51 152 283 256
wagui 0.0011 45 91 302 303
wagui 0.0011 122 130 213 277
