Kongrou 0.0100 71 7 203 158
Kongrou 0.0036 79 -126 295 38
Kongrou 0.0030 183 113 289 205
Kongrou 0.0024 108 -9 211 89
Kongrou 0.0015 63 6 168 94
Kongrou 0.0015 79 170 172 218
Kongrou 0.0014 130 185 204 226
Kongrou 0.0013 83 -72 170 -22
Kongrou 0.0013 131 -71 226 -3
Kongrou 0.0012 131 138 209 267
Kongrou 0.0012 215 152 285 183
Kongrou 0.0012 136 -106 206 28
Kongrou 0.0011 128 -52 205 -18
Kongrou 0.0010 -9 -46 205 136
Kongrou 0.0010 70 24 154 58
Kongrou 0.0010 145 131 317 270
Rouzaofun 0.1983 71 21 203 164
Rouzaofun 0.0039 44 -9 244 183
Rouzaofun 0.0025 86 -138 286 48
Rouzaofun 0.0021 215 152 285 183
Rouzaofun 0.0016 131 -71 226 -3
Rouzaofun 0.0016 183 113 289 205
Rouzaofun 0.0013 152 2 309 175
Rouzaofun 0.0011 106 -73 139 20
Rouzaofun 0.0010 125 -113 238 35
Rouzaofun 0.0010 145 131 317 270
Rouzaofun 0.0010 131 138 209 267
Rouzaofun 0.0010 130 185 204 226
Rice_with_Shredded_Chicken 0.0274 37 23 237 162
Rice_with_Shredded_Chicken 0.0033 86 -138 286 48
Rice_with_Shredded_Chicken 0.0032 92 38 203 170
Rice_with_Shredded_Chicken 0.0030 152 2 309 175
Rice_with_Shredded_Chicken 0.0025 183 113 289 205
Rice_with_Shredded_Chicken 0.0018 131 -71 226 -3
Rice_with_Shredded_Chicken 0.0017 215 152 285 183
Rice_with_Shredded_Chicken 0.0013 130 185 204 226
Rice_with_Shredded_Chicken 0.0011 161 84 311 234
Rice_with_Shredded_Chicken 0.0010 57 51 175 177
Rice_with_Shredded_Chicken 0.0010 125 -113 238 35
Rice_with_Shredded_Chicken 0.0010 -13 -183 350 86
migao 0.0429 71 21 203 164
migao 0.0031 79 -126 295 38
migao 0.0029 183 113 289 205
migao 0.0025 215 152 285 183
migao 0.0021 44 -9 244 183
migao 0.0017 131 -71 226 -3
migao 0.0015 130 185 204 226
migao 0.0014 106 -73 139 20
migao 0.0012 145 131 317 270
migao 0.0012 131 138 209 267
migao 0.0012 125 -113 238 35
migao 0.0012 128 -52 205 -18
migao 0.0012 161 84 311 234
migao 0.0010 129 7 206 74
wagui 0.0089 53 5 225 173
wagui 0.0027 86 -138 286 48
wagui 0.0021 63 6 168 94
wagui 0.0020 83 -72 170 -22
wagui 0.0019 183 113 289 205
wagui 0.0019 215 152 285 183
wagui 0.0018 108 -9 211 89
wagui 0.0017 93 172 179 217
wagui 0.0016 64 25 149 56
wagui 0.0013 -13 -183 350 86
wagui 0.0011 125 -113 238 35
wagui 0.0010 130 185 204 226
wagui 0.0010 161 84 311 234
