Kongrou 0.0277 53 31 226 189
Kongrou 0.0148 118 -43 203 -12
Kongrou 0.0130 122 -98 206 36
Kongrou 0.0097 49 -71 278 11
Kongrou 0.0054 84 -123 274 50
Kongrou 0.0036 -1 151 48 184
Kongrou 0.0035 92 171 171 216
Kongrou 0.0028 115 -57 229 0
Kongrou 0.0017 99 -61 137 24
Kongrou 0.0015 77 -64 165 -14
Kongrou 0.0014 125 25 223 167
Kongrou 0.0013 8 -182 314 106
Kongrou 0.0013 199 128 281 186
Kongrou 0.0010 10 8 263 139
Rouzaofun 0.5493 28 24 245 191
Rouzaofun 0.0123 -1 151 48 184
Rouzaofun 0.0123 118 -43 203 -12
Rouzaofun 0.0100 107 33 220 179
Rouzaofun 0.0091 122 -98 206 36
Rouzaofun 0.0078 49 -71 278 11
Rouzaofun 0.0041 53 11 189 160
Rouzaofun 0.0038 81 -123 278 53
Rouzaofun 0.0037 199 128 281 186
Rouzaofun 0.0036 115 -57 229 0
Rouzaofun 0.0029 99 -61 137 24
Rouzaofun 0.0025 92 171 171 216
Rouzaofun 0.0024 2 168 34 188
Rouzaofun 0.0019 33 36 147 178
Rouzaofun 0.0017 -9 139 57 196
Rouzaofun 0.0015 8 -182 314 106
Rouzaofun 0.0013 137 -59 185 22
Rouzaofun 0.0011 113 -67 144 29
Rouzaofun 0.0010 77 -64 165 -14
Rice_with_Shredded_Chicken 0.1724 28 24 245 191
Rice_with_Shredded_Chicken 0.0156 -1 151 48 184
Rice_with_Shredded_Chicken 0.0099 118 -43 203 -12
Rice_with_Shredded_Chicken 0.0099 122 -98 206 36
Rice_with_Shredded_Chicken 0.0078 49 -71 278 11
Rice_with_Shredded_Chicken 0.0047 84 -123 274 50
Rice_with_Shredded_Chicken 0.0033 115 -57 229 0
Rice_with_Shredded_Chicken 0.0027 199 128 281 186
Rice_with_Shredded_Chicken 0.0025 94 35 253 157
Rice_with_Shredded_Chicken 0.0020 8 -182 314 106
Rice_with_Shredded_Chicken 0.0019 2 168 34 188
Rice_with_Shredded_Chicken 0.0017 -9 139 57 196
Rice_with_Shredded_Chicken 0.0016 99 -61 137 24
Rice_with_Shredded_Chicken 0.0012 137 -59 185 22
migao 0.2096 28 24 245 191
migao 0.0202 -1 151 48 184
migao 0.0154 118 -43 203 -12
migao 0.0114 122 -98 206 36
migao 0.0094 49 -71 278 11
migao 0.0046 81 -123 278 53
migao 0.0039 2 168 34 188
migao 0.0035 99 -61 137 24
migao 0.0032 115 -57 229 0
migao 0.0024 94 35 253 157
migao 0.0022 199 128 281 186
migao 0.0019 92 171 171 216
migao 0.0017 8 -182 314 106
migao 0.0017 137 -59 185 22
migao 0.0016 113 -67 144 29
migao 0.0013 -4 160 30 185
migao 0.0012 61 -112 183 73
wagui 0.0363 -1 151 48 184
wagui 0.0271 53 31 226 189
wagui 0.0105 118 -43 203 -12
wagui 0.0083 2 168 34 188
wagui 0.0080 49 -71 278 11
wagui 0.0077 122 -98 206 36
wagui 0.0054 92 171 171 216
wagui 0.0042 84 -123 274 50
wagui 0.0037 199 128 281 186
wagui 0.0028 77 -64 165 -14
wagui 0.0027 8 -182 314 106
wagui 0.0025 -4 160 30 185
wagui 0.0020 99 -61 137 24
wagui 0.0019 -9 139 57 196
wagui 0.0014 115 -57 229 0
wagui 0.0010 38 -54 139 16
