Kongrou 0.0452 10 5 1000 669
Kongrou 0.0209 436 -196 764 -14
Kongrou 0.0170 183 106 830 581
Kongrou 0.0169 466 0 836 561
Kongrou 0.0163 432 -357 794 130
Kongrou 0.0117 249 -304 969 77
Kongrou 0.0040 836 -41 1033 307
Kongrou 0.0032 476 -239 728 104
Kongrou 0.0012 711 68 1080 358
Kongrou 0.0011 767 11 1102 257
Kongrou 0.0010 433 659 768 864
Kongrou 0.0010 379 138 781 445
Rouzaofun 0.0366 -19 12 898 660
Rouzaofun 0.0216 436 -196 764 -14
Rouzaofun 0.0133 432 -357 794 130
Rouzaofun 0.0109 249 -304 969 77
Rouzaofun 0.0079 840 -27 1030 332
Rouzaofun 0.0037 476 -239 728 104
Rouzaofun 0.0026 711 68 1080 358
Rouzaofun 0.0026 767 11 1102 257
Rouzaofun 0.0024 340 60 954 506
Rouzaofun 0.0016 372 -235 511 95
Rouzaofun 0.0013 433 659 768 864
Rouzaofun 0.0012 854 51 1015 255
Rouzaofun 0.0011 379 138 781 445
Rouzaofun 0.0011 265 557 952 944
Rouzaofun 0.0011 596 -21 762 93
Rouzaofun 0.0010 491 153 945 430
Rice_with_Shredded_Chicken 0.1766 -19 12 898 660
Rice_with_Shredded_Chicken 0.0207 436 -196 764 -14
Rice_with_Shredded_Chicken 0.0132 432 -357 794 130
Rice_with_Shredded_Chicken 0.0110 249 -304 969 77
Rice_with_Shredded_Chicken 0.0043 476 -239 728 104
Rice_with_Shredded_Chicken 0.0036 836 -41 1033 307
Rice_with_Shredded_Chicken 0.0023 340 60 954 506
Rice_with_Shredded_Chicken 0.0017 767 11 1102 257
Rice_with_Shredded_Chicken 0.0017 711 68 1080 358
Rice_with_Shredded_Chicken 0.0013 433 659 768 864
Rice_with_Shredded_Chicken 0.0013 66 -569 1129 285
migao 0.0714 -19 12 898 660
migao 0.0245 436 -196 764 -14
migao 0.0152 432 -357 794 130
migao 0.0121 249 -304 969 77
migao 0.0094 340 60 954 506
migao 0.0065 836 -41 1033 307
migao 0.0053 476 -239 728 104
migao 0.0023 767 11 1102 257
migao 0.0022 711 68 1080 358
migao 0.0018 372 -235 511 95
migao 0.0016 475 -36 822 526
migao 0.0015 433 659 768 864
migao 0.0012 379 138 781 445
migao 0.0010 265 557 952 944
migao 0.0010 596 -21 762 93
migao 0.0010 66 -569 1129 285
wagui 0.0492 -19 12 898 660
wagui 0.0146 436 -196 764 -14
wagui 0.0121 432 -357 794 130
wagui 0.0106 249 -304 969 77
wagui 0.0045 836 -41 1033 307
wagui 0.0035 476 -239 728 104
wagui 0.0025 340 60 954 506
wagui 0.0018 711 68 1080 358
wagui 0.0018 767 11 1102 257
wagui 0.0014 66 -569 1129 285
wagui 0.0013 596 -21 762 93
wagui 0.0011 294 -235 613 -53
wagui 0.0011 372 -235 511 95
