Kongrou 0.0599 115 12 574 359
Kongrou 0.0247 193 -3 430 385
Kongrou 0.0031 274 -100 475 25
Kongrou 0.0030 203 394 372 504
Kongrou 0.0026 264 -180 499 97
Kongrou 0.0021 172 105 484 263
Kongrou 0.0021 155 -151 605 67
Kongrou 0.0019 223 76 410 292
Kongrou 0.0017 257 339 414 640
Kongrou 0.0014 176 -272 600 160
Kongrou 0.0014 273 399 384 586
Kongrou 0.0012 23 81 488 457
Kongrou 0.0011 173 393 499 584
Kongrou 0.0010 270 -66 430 -1
Kongrou 0.0010 173 346 404 497
Rouzaofun 0.0069 60 54 524 399
Rouzaofun 0.0031 274 -100 475 25
Rouzaofun 0.0027 172 105 484 263
Rouzaofun 0.0027 203 394 372 504
Rouzaofun 0.0022 264 -180 499 97
Rouzaofun 0.0020 155 -151 605 67
Rouzaofun 0.0019 223 76 410 292
Rouzaofun 0.0016 273 399 384 586
Rouzaofun 0.0013 257 339 414 640
Rouzaofun 0.0012 173 393 499 584
Rouzaofun 0.0011 176 -272 600 160
Rice_with_Shredded_Chicken 0.0248 17 21 573 426
Rice_with_Shredded_Chicken 0.0083 130 65 535 317
Rice_with_Shredded_Chicken 0.0032 274 -100 475 25
Rice_with_Shredded_Chicken 0.0022 211 2 457 380
Rice_with_Shredded_Chicken 0.0020 264 -180 499 97
Rice_with_Shredded_Chicken 0.0020 165 105 468 262
Rice_with_Shredded_Chicken 0.0020 155 -151 605 67
Rice_with_Shredded_Chicken 0.0018 273 399 384 586
Rice_with_Shredded_Chicken 0.0015 176 -272 600 160
Rice_with_Shredded_Chicken 0.0013 173 393 499 584
Rice_with_Shredded_Chicken 0.0013 257 339 414 640
migao 0.0286 17 21 573 426
migao 0.0222 130 65 535 317
migao 0.0079 211 2 457 380
migao 0.0035 274 -100 475 25
migao 0.0027 165 105 468 262
migao 0.0025 264 -180 499 97
migao 0.0024 273 399 384 586
migao 0.0024 203 394 372 504
migao 0.0022 155 -151 605 67
migao 0.0018 257 339 414 640
migao 0.0013 223 87 410 304
migao 0.0013 173 393 499 584
migao 0.0010 176 -272 600 160
wagui 0.0086 17 21 573 426
wagui 0.0031 110 67 510 315
wagui 0.0022 264 -180 499 97
wagui 0.0020 203 394 372 504
wagui 0.0019 165 105 468 262
wagui 0.0017 274 -100 475 25
wagui 0.0017 155 -151 605 67
wagui 0.0013 257 339 414 640
wagui 0.0012 176 -272 600 160
wagui 0.0011 273 399 384 586
wagui 0.0010 193 -3 430 385
