Kongrou 0.4162 235 -47 1142 838
Kongrou 0.0056 462 65 1061 689
Kongrou 0.0029 529 600 902 1166
Kongrou 0.0028 538 786 869 997
Kongrou 0.0026 282 -44 869 617
Kongrou 0.0024 467 744 775 953
Kongrou 0.0020 281 674 1147 1087
Kongrou 0.0014 428 327 823 1343
Kongrou 0.0014 110 339 581 878
Kongrou 0.0014 10 274 1001 919
Kongrou 0.0011 41 -169 1167 412
Kongrou 0.0011 276 -582 1096 260
Rouzaofun 0.0284 75 -15 1121 810
Rouzaofun 0.0034 7 2 244 172
Rouzaofun 0.0032 538 786 869 997
Rouzaofun 0.0026 467 744 775 953
Rouzaofun 0.0021 529 600 902 1166
Rouzaofun 0.0021 281 674 1147 1087
Rouzaofun 0.0016 666 886 787 1046
Rouzaofun 0.0012 428 327 823 1343
Rice_with_Shredded_Chicken 0.0201 75 -15 1121 810
Rice_with_Shredded_Chicken 0.0030 538 786 869 997
Rice_with_Shredded_Chicken 0.0023 7 2 244 172
Rice_with_Shredded_Chicken 0.0020 529 600 902 1166
Rice_with_Shredded_Chicken 0.0019 281 674 1147 1087
Rice_with_Shredded_Chicken 0.0017 666 886 787 1046
Rice_with_Shredded_Chicken 0.0015 398 49 1031 705
Rice_with_Shredded_Chicken 0.0014 428 327 823 1343
Rice_with_Shredded_Chicken 0.0011 276 -582 1096 260
migao 0.1239 211 -1 1167 796
migao 0.0040 538 786 869 997
migao 0.0037 7 2 244 172
migao 0.0027 529 600 902 1166
migao 0.0020 281 674 1147 1087
migao 0.0020 467 744 775 953
migao 0.0015 666 886 787 1046
migao 0.0015 428 327 823 1343
migao 0.0012 462 65 1061 689
migao 0.0010 264 -462 1119 144
wagui 0.0254 75 -15 1121 810
wagui 0.0041 7 2 244 172
wagui 0.0023 529 600 902 1166
wagui 0.0022 467 744 775 953
wagui 0.0018 666 886 787 1046
wagui 0.0017 398 49 1031 705
wagui 0.0015 281 674 1147 1087
wagui 0.0015 538 786 869 997
wagui 0.0012 428 327 823 1343
wagui 0.0010 110 339 581 878
wagui 0.0010 112 -643 1286 312
