Kongrou 0.0418 86 14 277 210
Kongrou 0.0032 116 -55 207 -3
Kongrou 0.0028 10 -24 127 92
Kongrou 0.0026 49 -110 269 35
Kongrou 0.0025 115 -98 215 36
Kongrou 0.0020 11 -161 311 82
Kongrou 0.0013 23 86 66 196
Kongrou 0.0013 121 136 208 268
Kongrou 0.0012 124 175 199 233
Kongrou 0.0010 147 40 267 193
Rouzaofun 0.3678 68 37 287 187
Rouzaofun 0.2742 13 -21 125 107
Rouzaofun 0.0098 -29 -15 167 80
Rouzaofun 0.0036 116 -55 207 -3
Rouzaofun 0.0032 97 50 222 212
Rouzaofun 0.0024 72 -125 243 49
Rouzaofun 0.0021 11 -161 311 82
Rouzaofun 0.0021 115 -98 215 36
Rouzaofun 0.0015 23 86 66 196
Rouzaofun 0.0011 -1 105 92 177
Rouzaofun 0.0010 121 136 208 268
Rice_with_Shredded_Chicken 0.1097 13 -21 125 107
Rice_with_Shredded_Chicken 0.0924 63 29 260 194
Rice_with_Shredded_Chicken 0.0054 -29 -15 167 80
Rice_with_Shredded_Chicken 0.0036 116 -55 207 -3
Rice_with_Shredded_Chicken 0.0034 49 -110 269 35
Rice_with_Shredded_Chicken 0.0031 11 -161 311 82
Rice_with_Shredded_Chicken 0.0021 115 -98 215 36
Rice_with_Shredded_Chicken 0.0011 124 175 199 233
Rice_with_Shredded_Chicken 0.0010 121 136 208 268
migao 0.3349 68 37 287 187
migao 0.0544 13 -21 125 107
migao 0.0038 116 -55 207 -3
migao 0.0037 49 -110 269 35
migao 0.0030 -29 -15 167 80
migao 0.0025 11 -161 311 82
migao 0.0023 115 -98 215 36
migao 0.0022 97 50 222 212
migao 0.0013 124 175 199 233
migao 0.0012 121 136 208 268
migao 0.0011 23 86 66 196
migao 0.0010 -1 105 92 177
migao 0.0010 128 -67 196 28
wagui 0.0989 13 -21 125 107
wagui 0.0357 68 37 287 187
wagui 0.0054 -29 -15 167 80
wagui 0.0033 11 -161 311 82
wagui 0.0026 49 -110 269 35
wagui 0.0021 116 -55 207 -3
wagui 0.0020 115 -98 215 36
wagui 0.0013 97 50 222 212
wagui 0.0012 125 -19 225 65
wagui 0.0010 121 136 208 268
