Kongrou 0.0207 37 -7 264 178
Kongrou 0.0062 131 -73 219 -19
Kongrou 0.0057 116 187 211 227
Kongrou 0.0049 132 -118 227 20
Kongrou 0.0042 119 132 216 276
Kongrou 0.0035 88 169 176 223
Kongrou 0.0034 55 154 279 254
Kongrou 0.0033 78 -98 279 0
Kongrou 0.0027 73 -155 268 42
Kongrou 0.0022 22 -188 328 73
Kongrou 0.0020 59 8 206 148
Kongrou 0.0017 98 76 212 173
Kongrou 0.0011 99 158 230 233
Kongrou 0.0010 129 16 307 195
Kongrou 0.0010 -106 -158 176 92
Rouzaofun 0.4410 35 11 264 161
Rouzaofun 0.0066 62 5 181 151
Rouzaofun 0.0059 131 -73 219 -19
Rouzaofun 0.0044 116 187 211 227
Rouzaofun 0.0040 132 -118 227 20
Rouzaofun 0.0039 112 24 244 177
Rouzaofun 0.0032 119 132 216 276
Rouzaofun 0.0032 55 154 279 254
Rouzaofun 0.0030 78 -98 279 0
Rouzaofun 0.0024 73 -155 268 42
Rouzaofun 0.0022 22 -188 328 73
Rouzaofun 0.0016 88 -46 300 212
Rouzaofun 0.0014 127 -39 166 -5
Rice_with_Shredded_Chicken 0.0552 35 11 264 161
Rice_with_Shredded_Chicken 0.0062 131 -73 219 -19
Rice_with_Shredded_Chicken 0.0039 116 187 211 227
Rice_with_Shredded_Chicken 0.0038 132 -118 227 20
Rice_with_Shredded_Chicken 0.0030 119 132 216 276
Rice_with_Shredded_Chicken 0.0030 22 -188 328 73
Rice_with_Shredded_Chicken 0.0029 78 -98 279 0
Rice_with_Shredded_Chicken 0.0029 55 154 279 254
Rice_with_Shredded_Chicken 0.0027 73 -155 268 42
Rice_with_Shredded_Chicken 0.0014 127 -39 166 -5
Rice_with_Shredded_Chicken 0.0010 88 -46 300 212
Rice_with_Shredded_Chicken 0.0010 98 76 212 173
Rice_with_Shredded_Chicken 0.0010 -106 -158 176 92
migao 0.1560 35 11 264 161
migao 0.0068 131 -73 219 -19
migao 0.0064 116 187 211 227
migao 0.0045 132 -118 227 20
migao 0.0040 119 132 216 276
migao 0.0035 55 154 279 254
migao 0.0033 78 -98 279 0
migao 0.0026 22 -188 328 73
migao 0.0021 73 -155 268 42
migao 0.0015 127 -39 166 -5
migao 0.0014 62 5 181 151
migao 0.0011 88 169 176 223
migao 0.0010 110 -87 147 15
migao 0.0010 99 158 230 233
wagui 0.0351 35 11 264 161
wagui 0.0062 98 76 212 173
wagui 0.0039 131 -73 219 -19
wagui 0.0036 132 -118 227 20
wagui 0.0036 22 -188 328 73
wagui 0.0035 116 187 211 227
wagui 0.0032 88 169 176 223
wagui 0.0031 78 -98 279 0
wagui 0.0028 55 154 279 254
wagui 0.0027 119 132 216 276
wagui 0.0022 73 -155 268 42
wagui 0.0014 127 -39 166 -5
wagui 0.0014 -2 -169 207 56
wagui 0.0013 86 -86 178 -30
wagui 0.0012 52 71 257 178
