Kongrou 0.0072 90 -130 268 56
Kongrou 0.0067 118 -45 203 -10
Kongrou 0.0063 122 -97 206 36
Kongrou 0.0043 55 -71 272 11
Kongrou 0.0043 61 22 161 170
Kongrou 0.0031 29 36 214 157
Kongrou 0.0025 51 23 150 109
Kongrou 0.0017 1 -177 322 100
Kongrou 0.0013 77 90 150 161
Kongrou 0.0012 40 48 141 146
Kongrou 0.0012 103 -72 220 -5
Kongrou 0.0011 71 46 134 89
Kongrou 0.0010 151 -94 377 149
Rouzaofun 0.0575 81 13 204 158
Rouzaofun 0.0056 118 -45 203 -10
Rouzaofun 0.0052 79 -150 280 77
Rouzaofun 0.0048 122 -97 206 36
Rouzaofun 0.0034 55 -71 272 11
Rouzaofun 0.0017 126 46 206 130
Rouzaofun 0.0014 121 -60 222 2
Rouzaofun 0.0013 64 43 158 171
Rouzaofun 0.0011 151 -94 377 149
Rouzaofun 0.0010 56 36 139 99
Rice_with_Shredded_Chicken 0.0124 35 22 228 149
Rice_with_Shredded_Chicken 0.0065 90 -130 268 56
Rice_with_Shredded_Chicken 0.0053 118 -45 203 -10
Rice_with_Shredded_Chicken 0.0049 122 -97 206 36
Rice_with_Shredded_Chicken 0.0036 55 -71 272 11
Rice_with_Shredded_Chicken 0.0027 1 -177 322 100
Rice_with_Shredded_Chicken 0.0015 121 -60 222 2
Rice_with_Shredded_Chicken 0.0010 100 27 206 164
migao 0.0107 35 22 228 149
migao 0.0072 118 -45 203 -10
migao 0.0065 86 -120 275 48
migao 0.0057 122 -97 206 36
migao 0.0041 55 -71 272 11
migao 0.0024 1 -177 322 100
migao 0.0014 100 27 206 164
migao 0.0013 121 -60 222 2
migao 0.0013 61 22 161 170
migao 0.0012 56 36 139 99
migao 0.0012 151 -94 377 149
migao 0.0010 77 90 150 161
wagui 0.0144 52 15 220 165
wagui 0.0059 90 -130 268 56
wagui 0.0053 118 -45 203 -10
wagui 0.0041 122 -97 206 36
wagui 0.0039 55 -71 272 11
wagui 0.0036 1 -177 322 100
wagui 0.0035 51 23 150 109
wagui 0.0014 20 4 179 127
wagui 0.0012 71 46 134 89
wagui 0.0011 77 -62 165 -15
wagui 0.0010 185 -78 347 134
wagui 0.0010 64 43 158 171
wagui 0.0010 77 90 150 161
