Kongrou 0.0286 1109 129 2760 2440
Kongrou 0.0243 646 452 3975 3167
Kongrou 0.0050 -20 308 1187 1395
Kongrou 0.0015 1578 -591 2834 97
Kongrou 0.0014 1590 -1208 2930 661
Kongrou 0.0014 924 -1769 3682 1029
Kongrou 0.0013 1173 646 2467 1988
Rouzaofun 0.0037 -20 308 1187 1395
Rouzaofun 0.0025 697 435 3147 2437
Rouzaofun 0.0016 827 724 2969 1753
Rouzaofun 0.0013 924 -1769 3682 1029
Rouzaofun 0.0013 1578 -591 2834 97
Rouzaofun 0.0012 1590 -1208 2930 661
Rouzaofun 0.0011 -361 197 1677 1198
Rice_with_Shredded_Chicken 0.0115 646 452 3975 3167
Rice_with_Shredded_Chicken 0.0042 548 499 3006 2374
Rice_with_Shredded_Chicken 0.0030 110 -131 1285 1741
Rice_with_Shredded_Chicken 0.0025 -20 308 1187 1395
Rice_with_Shredded_Chicken 0.0015 924 -1769 3682 1029
Rice_with_Shredded_Chicken 0.0012 1578 -591 2834 97
Rice_with_Shredded_Chicken 0.0012 1590 -1208 2930 661
Rice_with_Shredded_Chicken 0.0011 827 724 2969 1753
migao 0.0136 697 435 3147 2437
migao 0.0041 -20 308 1187 1395
migao 0.0025 1171 50 2696 2231
migao 0.0017 1578 -591 2834 97
migao 0.0017 932 585 4272 3054
migao 0.0016 827 724 2969 1753
migao 0.0014 1590 -1208 2930 661
migao 0.0013 840 -1387 3819 657
migao 0.0011 427 -2069 4266 1287
migao 0.0010 -361 197 1677 1198
wagui 0.0088 110 -131 1285 1741
wagui 0.0056 697 435 3147 2437
wagui 0.0050 -20 308 1187 1395
wagui 0.0018 1171 50 2696 2231
wagui 0.0013 1578 -591 2834 97
wagui 0.0013 427 -2069 4266 1287
wagui 0.0012 827 724 2969 1753
wagui 0.0011 1590 -1208 2930 661
wagui 0.0010 840 -1387 3819 657
