Kongrou 0.0300 62 18 235 177
Kongrou 0.0108 10 -27 97 94
Kongrou 0.0021 111 -1 192 51
Kongrou 0.0021 -25 -16 134 81
Kongrou 0.0021 151 68 232 140
Kongrou 0.0016 118 10 185 39
Kongrou 0.0015 117 52 230 170
Kongrou 0.0015 110 137 179 285
Kongrou 0.0014 85 170 163 216
Kongrou 0.0013 70 17 177 146
Kongrou 0.0011 116 170 167 254
Kongrou 0.0011 81 169 208 252
Kongrou 0.0010 98 183 165 204
Rouzaofun 0.5469 30 41 231 185
Rouzaofun 0.0168 8 -22 99 107
Rouzaofun 0.0135 56 70 172 172
Rouzaofun 0.0054 -28 -6 136 91
Rouzaofun 0.0053 70 17 177 146
Rouzaofun 0.0024 120 4 182 35
Rouzaofun 0.0022 111 -1 192 51
Rouzaofun 0.0021 86 185 157 202
Rouzaofun 0.0018 151 68 232 140
Rouzaofun 0.0015 83 181 160 196
Rouzaofun 0.0015 116 170 167 254
Rouzaofun 0.0013 85 170 163 216
Rouzaofun 0.0012 110 137 179 285
Rouzaofun 0.0012 81 169 208 252
Rouzaofun 0.0012 130 195 183 232
Rouzaofun 0.0011 211 106 261 201
Rouzaofun 0.0010 -4 4 68 84
Rouzaofun 0.0010 129 204 164 234
Rice_with_Shredded_Chicken 0.1965 30 41 231 185
Rice_with_Shredded_Chicken 0.0228 8 -22 99 107
Rice_with_Shredded_Chicken 0.0059 -28 -6 136 91
Rice_with_Shredded_Chicken 0.0025 111 -1 192 51
Rice_with_Shredded_Chicken 0.0022 120 4 182 35
Rice_with_Shredded_Chicken 0.0014 56 70 172 172
Rice_with_Shredded_Chicken 0.0014 116 170 167 254
Rice_with_Shredded_Chicken 0.0013 86 185 157 202
Rice_with_Shredded_Chicken 0.0012 110 137 179 285
Rice_with_Shredded_Chicken 0.0012 81 169 208 252
Rice_with_Shredded_Chicken 0.0011 70 17 177 146
Rice_with_Shredded_Chicken 0.0011 4 176 103 245
Rice_with_Shredded_Chicken 0.0010 129 204 164 234
Rice_with_Shredded_Chicken 0.0010 151 68 232 140
migao 0.2204 43 33 252 193
migao 0.0181 8 -22 99 107
migao 0.0050 -28 -6 136 91
migao 0.0033 53 49 175 174
migao 0.0025 120 4 182 35
migao 0.0024 111 -1 192 51
migao 0.0023 86 185 157 202
migao 0.0020 116 170 167 254
migao 0.0018 151 68 232 140
migao 0.0015 110 137 179 285
migao 0.0014 83 181 160 196
migao 0.0012 81 169 208 252
migao 0.0011 85 170 163 216
migao 0.0010 130 195 183 232
migao 0.0010 129 204 164 234
migao 0.0010 37 33 211 131
wagui 0.0246 56 38 205 190
wagui 0.0123 8 -22 99 107
wagui 0.0069 120 4 182 35
wagui 0.0052 111 -1 192 51
wagui 0.0035 -28 -6 136 91
wagui 0.0032 86 185 157 202
wagui 0.0027 83 181 160 196
wagui 0.0015 85 170 163 216
wagui 0.0014 151 68 232 140
wagui 0.0011 116 170 167 254
wagui 0.0011 110 137 179 285
