Kongrou 0.3118 -1 36 608 456
Kongrou 0.0609 414 -51 664 286
Kongrou 0.0334 32 -36 330 161
Kongrou 0.0122 186 16 561 380
Kongrou 0.0082 318 -13 757 247
Kongrou 0.0054 -87 -20 444 257
Kongrou 0.0021 9 -47 707 312
Kongrou 0.0019 186 -345 639 157
Kongrou 0.0016 472 1 704 244
Kongrou 0.0010 403 42 773 202
Rouzaofun 0.0189 37 35 670 457
Rouzaofun 0.0027 318 -13 757 247
Rouzaofun 0.0026 32 -36 330 161
Rouzaofun 0.0024 414 -51 664 286
Rouzaofun 0.0020 -87 -20 444 257
Rouzaofun 0.0018 472 1 704 244
Rouzaofun 0.0016 403 42 773 202
Rouzaofun 0.0015 186 -345 639 157
Rouzaofun 0.0011 393 534 478 624
Rice_with_Shredded_Chicken 0.0156 32 72 686 503
Rice_with_Shredded_Chicken 0.0089 414 -51 664 286
Rice_with_Shredded_Chicken 0.0046 318 -13 757 247
Rice_with_Shredded_Chicken 0.0045 32 -36 330 161
Rice_with_Shredded_Chicken 0.0030 -87 -20 444 257
Rice_with_Shredded_Chicken 0.0023 119 43 519 408
Rice_with_Shredded_Chicken 0.0018 186 -345 639 157
Rice_with_Shredded_Chicken 0.0013 393 534 478 624
Rice_with_Shredded_Chicken 0.0011 403 42 773 202
Rice_with_Shredded_Chicken 0.0010 472 1 704 244
migao 0.0925 -1 36 608 456
migao 0.0218 414 -51 664 286
migao 0.0082 318 -13 757 247
migao 0.0062 32 -36 330 161
migao 0.0028 -87 -20 444 257
migao 0.0026 186 16 561 380
migao 0.0016 157 -267 670 78
migao 0.0015 403 42 773 202
migao 0.0014 472 1 704 244
migao 0.0011 393 534 478 624
wagui 0.0240 414 -51 664 286
wagui 0.0221 37 35 670 457
wagui 0.0075 32 -36 330 161
wagui 0.0055 318 -13 757 247
wagui 0.0029 -87 -20 444 257
wagui 0.0017 186 -345 639 157
wagui 0.0014 393 534 478 624
wagui 0.0011 431 49 772 223
