Kongrou 0.0096 223 25 276 142
Kongrou 0.0079 60 5 216 175
Kongrou 0.0044 0 11 56 125
Kongrou 0.0042 211 47 289 120
Kongrou 0.0022 81 169 158 220
Kongrou 0.0017 224 50 265 117
Kongrou 0.0013 -13 28 82 107
Rouzaofun 0.5388 49 6 222 179
Rouzaofun 0.0278 224 30 276 147
Rouzaofun 0.0114 3 21 54 135
Rouzaofun 0.0082 211 52 288 126
Rouzaofun 0.0080 59 29 162 164
Rouzaofun 0.0049 -14 27 72 108
Rouzaofun 0.0031 224 50 265 117
Rouzaofun 0.0021 22 -11 250 116
Rouzaofun 0.0016 241 47 280 162
Rouzaofun 0.0015 6 48 50 108
Rouzaofun 0.0013 237 60 273 128
Rouzaofun 0.0011 -11 -53 285 150
Rouzaofun 0.0010 -18 -98 210 66
Rice_with_Shredded_Chicken 0.1715 49 6 222 179
Rice_with_Shredded_Chicken 0.0159 218 31 271 146
Rice_with_Shredded_Chicken 0.0066 3 21 54 135
Rice_with_Shredded_Chicken 0.0059 211 47 289 120
Rice_with_Shredded_Chicken 0.0035 -14 27 72 108
Rice_with_Shredded_Chicken 0.0020 224 50 265 117
Rice_with_Shredded_Chicken 0.0012 -18 -98 210 66
Rice_with_Shredded_Chicken 0.0011 232 48 278 172
migao 0.1128 49 6 222 179
migao 0.0235 224 30 276 147
migao 0.0089 211 47 289 120
migao 0.0074 3 21 54 135
migao 0.0048 -14 27 72 108
migao 0.0022 224 50 265 117
migao 0.0017 59 29 162 164
migao 0.0010 6 48 50 108
wagui 0.0616 49 6 222 179
wagui 0.0223 218 25 271 141
wagui 0.0087 211 47 289 120
wagui 0.0055 3 21 54 135
wagui 0.0033 -14 27 72 108
wagui 0.0032 224 50 265 117
wagui 0.0018 232 43 277 166
wagui 0.0012 87 -86 310 102
wagui 0.0010 94 173 167 216
