Kongrou 0.0105 203 48 278 118
Kongrou 0.0044 87 33 196 140
Kongrou 0.0022 88 30 128 52
Kongrou 0.0022 80 -124 279 49
Kongrou 0.0018 117 -52 205 -4
Kongrou 0.0016 118 -97 211 37
Kongrou 0.0011 72 -79 255 19
Kongrou 0.0011 171 24 303 148
Kongrou 0.0010 -5 -167 328 89
Kongrou 0.0010 -93 119 112 277
Rouzaofun 0.4523 78 35 184 138
Rouzaofun 0.0191 46 30 229 155
Rouzaofun 0.0109 203 48 278 118
Rouzaofun 0.0091 62 3 159 84
Rouzaofun 0.0024 204 156 277 180
Rouzaofun 0.0022 88 30 128 52
Rouzaofun 0.0019 117 -52 205 -4
Rouzaofun 0.0017 80 -124 279 49
Rouzaofun 0.0017 82 63 202 170
Rouzaofun 0.0013 118 -97 211 37
Rouzaofun 0.0012 -5 -167 328 89
Rouzaofun 0.0011 56 63 213 113
Rouzaofun 0.0011 72 -79 255 19
Rouzaofun 0.0010 -26 3 177 181
Rice_with_Shredded_Chicken 0.0283 80 43 183 147
Rice_with_Shredded_Chicken 0.0259 62 3 159 84
Rice_with_Shredded_Chicken 0.0065 203 48 278 118
Rice_with_Shredded_Chicken 0.0043 30 36 233 134
Rice_with_Shredded_Chicken 0.0021 204 156 277 180
Rice_with_Shredded_Chicken 0.0019 80 -124 279 49
Rice_with_Shredded_Chicken 0.0019 88 30 128 52
Rice_with_Shredded_Chicken 0.0018 117 -52 205 -4
Rice_with_Shredded_Chicken 0.0017 -5 -167 328 89
Rice_with_Shredded_Chicken 0.0013 118 -97 211 37
Rice_with_Shredded_Chicken 0.0013 30 -8 190 96
Rice_with_Shredded_Chicken 0.0010 72 -79 255 19
migao 0.1580 78 35 184 138
migao 0.0127 203 48 278 118
migao 0.0081 34 49 230 142
migao 0.0036 62 3 159 84
migao 0.0032 88 30 128 52
migao 0.0025 204 156 277 180
migao 0.0022 117 -52 205 -4
migao 0.0019 52 -109 265 36
migao 0.0016 118 -97 211 37
migao 0.0014 -5 -167 328 89
migao 0.0011 -93 119 112 277
migao 0.0010 171 24 303 148
wagui 0.0450 62 3 159 84
wagui 0.0185 80 43 183 147
wagui 0.0088 88 30 128 52
wagui 0.0057 203 48 278 118
wagui 0.0052 204 156 277 180
wagui 0.0047 30 36 233 134
wagui 0.0021 -5 -167 328 89
wagui 0.0018 80 -124 279 49
wagui 0.0017 30 -8 190 96
wagui 0.0015 117 -52 205 -4
wagui 0.0013 118 -97 211 37
wagui 0.0013 160 8 236 32
wagui 0.0011 74 20 142 51
wagui 0.0011 72 -79 255 19
wagui 0.0011 95 34 132 58
