Kongrou 0.0458 40 9 258 183
Kongrou 0.0034 89 -23 244 139
Kongrou 0.0014 53 28 175 155
Kongrou 0.0012 87 173 162 214
Kongrou 0.0011 118 -69 337 103
Kongrou 0.0010 94 165 192 220
Rouzaofun 0.3211 35 36 261 194
Rouzaofun 0.0232 53 28 175 155
Rouzaofun 0.0016 30 -11 268 128
Rouzaofun 0.0013 118 -69 337 103
Rouzaofun 0.0012 159 -37 194 7
Rouzaofun 0.0011 60 62 208 181
Rouzaofun 0.0010 17 -13 111 97
Rouzaofun 0.0010 87 173 162 214
Rouzaofun 0.0010 143 -36 179 6
Rice_with_Shredded_Chicken 0.0325 40 9 258 183
Rice_with_Shredded_Chicken 0.0035 29 41 199 142
Rice_with_Shredded_Chicken 0.0013 118 -69 337 103
Rice_with_Shredded_Chicken 0.0012 154 -37 189 7
Rice_with_Shredded_Chicken 0.0012 17 -13 111 97
Rice_with_Shredded_Chicken 0.0010 131 203 161 234
migao 0.1584 40 9 258 183
migao 0.0048 29 41 199 142
migao 0.0021 89 -23 244 139
migao 0.0013 152 -75 305 109
migao 0.0013 154 -37 189 7
migao 0.0013 68 49 231 221
migao 0.0010 117 171 166 254
wagui 0.0376 40 9 258 183
wagui 0.0015 87 173 162 214
wagui 0.0013 29 41 199 142
wagui 0.0013 118 -69 337 103
wagui 0.0013 89 -23 244 139
wagui 0.0013 154 -37 189 7
