Kongrou 0.0301 582 63 1210 975
Kongrou 0.0246 149 69 1436 1055
Kongrou 0.0089 1091 -127 1552 561
Kongrou 0.0058 6 -32 330 549
Kongrou 0.0038 376 92 1398 713
Kongrou 0.0017 783 310 1276 822
Kongrou 0.0012 1310 -29 1611 547
Kongrou 0.0011 806 1211 1007 1399
Kongrou 0.0011 652 176 1161 710
Kongrou 0.0011 613 380 1446 751
Rouzaofun 0.0219 6 -32 330 549
Rouzaofun 0.0086 158 118 1443 1184
Rouzaofun 0.0018 481 215 1416 946
Rouzaofun 0.0018 13 81 261 434
Rouzaofun 0.0016 783 310 1276 822
Rouzaofun 0.0016 613 380 1446 751
Rouzaofun 0.0016 806 1211 1007 1399
Rouzaofun 0.0015 1310 -29 1611 547
Rouzaofun 0.0015 -48 72 447 445
Rouzaofun 0.0013 503 239 1311 647
Rice_with_Shredded_Chicken 0.0692 158 118 1443 1184
Rice_with_Shredded_Chicken 0.0132 6 -32 330 549
Rice_with_Shredded_Chicken 0.0040 582 63 1210 975
Rice_with_Shredded_Chicken 0.0018 806 1211 1007 1399
Rice_with_Shredded_Chicken 0.0011 376 92 1398 713
Rice_with_Shredded_Chicken 0.0011 613 380 1446 751
Rice_with_Shredded_Chicken 0.0010 -48 72 447 445
migao 0.0153 6 -32 330 549
migao 0.0138 377 160 1399 884
migao 0.0081 36 -27 1539 1136
migao 0.0041 580 38 1207 768
migao 0.0030 1091 -127 1552 561
migao 0.0016 806 1211 1007 1399
migao 0.0015 576 378 1422 753
migao 0.0014 -48 72 447 445
migao 0.0013 783 310 1276 822
migao 0.0012 503 239 1311 647
migao 0.0012 13 81 261 434
migao 0.0012 1310 -29 1611 547
wagui 0.0103 6 -32 330 549
wagui 0.0044 158 118 1443 1184
wagui 0.0018 806 1211 1007 1399
wagui 0.0011 582 63 1210 975
wagui 0.0010 613 380 1446 751
