Kongrou 0.0123 49 -4 247 160
Kongrou 0.0014 210 21 260 119
Kongrou 0.0012 -10 48 118 216
Kongrou 0.0010 73 -1 194 130
Rouzaofun 0.2227 49 13 244 141
Rouzaofun 0.0058 68 -1 179 129
Rouzaofun 0.0041 210 21 260 119
Rouzaofun 0.0022 145 37 227 113
Rouzaofun 0.0020 220 44 251 96
Rouzaofun 0.0016 126 14 220 132
Rouzaofun 0.0014 -10 48 118 216
Rouzaofun 0.0013 208 38 252 73
Rouzaofun 0.0011 195 39 275 102
Rice_with_Shredded_Chicken 0.0049 40 20 247 125
Rice_with_Shredded_Chicken 0.0021 210 21 260 119
Rice_with_Shredded_Chicken 0.0012 145 37 227 113
Rice_with_Shredded_Chicken 0.0011 220 44 251 96
Rice_with_Shredded_Chicken 0.0011 208 38 252 73
Rice_with_Shredded_Chicken 0.0011 -10 48 118 216
migao 0.1484 49 13 244 141
migao 0.0031 210 21 260 119
migao 0.0016 220 44 251 96
migao 0.0016 -10 48 118 216
migao 0.0014 208 38 252 73
migao 0.0014 145 37 227 113
migao 0.0013 68 -1 179 129
migao 0.0011 195 39 275 102
wagui 0.0412 49 13 244 141
wagui 0.0042 210 21 260 119
wagui 0.0042 208 38 252 73
wagui 0.0032 220 44 251 96
wagui 0.0021 -10 48 118 216
wagui 0.0018 145 37 227 113
wagui 0.0016 224 59 256 101
wagui 0.0014 126 14 220 132
wagui 0.0014 225 139 255 190
wagui 0.0013 104 85 261 142
wagui 0.0011 195 39 275 102
wagui 0.0010 13 67 244 207
