Kongrou 0.0259 15 15 89 83
Kongrou 0.0235 170 16 252 83
Kongrou 0.0178 88 15 165 84
Kongrou 0.0100 131 72 212 155
Kongrou 0.0066 35 51 112 174
Kongrou 0.0046 108 86 235 142
Kongrou 0.0032 173 29 239 69
Kongrou 0.0029 102 25 161 63
Kongrou 0.0028 0 73 147 170
Kongrou 0.0026 13 -2 244 195
Kongrou 0.0019 62 27 190 72
Kongrou 0.0016 16 33 68 76
Kongrou 0.0015 95 34 148 75
Kongrou 0.0013 149 25 283 73
Kongrou 0.0013 141 92 201 136
Kongrou 0.0011 -5 24 120 74
Kongrou 0.0010 31 23 82 66
Rouzaofun 0.0781 135 46 213 178
Rouzaofun 0.0765 32 52 116 190
Rouzaofun 0.0717 15 15 89 83
Rouzaofun 0.0506 170 16 252 83
Rouzaofun 0.0258 88 15 165 84
Rouzaofun 0.0203 0 73 147 170
Rouzaofun 0.0115 108 86 235 142
Rouzaofun 0.0076 102 70 246 173
Rouzaofun 0.0071 146 73 226 154
Rouzaofun 0.0060 173 29 239 69
Rouzaofun 0.0042 62 27 190 72
Rouzaofun 0.0037 102 25 161 63
Rouzaofun 0.0033 149 25 283 73
Rouzaofun 0.0033 13 -2 244 195
Rouzaofun 0.0032 -5 24 120 74
Rouzaofun 0.0027 124 76 199 161
Rouzaofun 0.0027 16 33 68 76
Rouzaofun 0.0024 141 92 201 136
Rouzaofun 0.0019 95 34 148 75
Rouzaofun 0.0018 31 23 82 66
Rouzaofun 0.0016 186 39 247 80
Rice_with_Shredded_Chicken 0.0433 15 15 89 83
Rice_with_Shredded_Chicken 0.0333 32 52 116 190
Rice_with_Shredded_Chicken 0.0316 170 16 252 83
Rice_with_Shredded_Chicken 0.0213 133 53 216 187
Rice_with_Shredded_Chicken 0.0196 88 15 165 84
Rice_with_Shredded_Chicken 0.0166 0 73 147 170
Rice_with_Shredded_Chicken 0.0076 108 86 235 142
Rice_with_Shredded_Chicken 0.0048 102 70 246 173
Rice_with_Shredded_Chicken 0.0036 13 -2 244 195
Rice_with_Shredded_Chicken 0.0033 62 27 190 72
Rice_with_Shredded_Chicken 0.0031 146 73 226 154
Rice_with_Shredded_Chicken 0.0031 173 29 239 69
Rice_with_Shredded_Chicken 0.0026 149 25 283 73
Rice_with_Shredded_Chicken 0.0023 -5 24 120 74
Rice_with_Shredded_Chicken 0.0023 102 25 161 63
Rice_with_Shredded_Chicken 0.0013 -14 -3 104 107
Rice_with_Shredded_Chicken 0.0012 16 33 68 76
Rice_with_Shredded_Chicken 0.0012 141 92 201 136
Rice_with_Shredded_Chicken 0.0012 123 69 200 149
migao 0.0702 15 15 89 83
migao 0.0534 32 52 116 190
migao 0.0450 170 16 252 83
migao 0.0264 88 15 165 84
migao 0.0234 0 73 147 170
migao 0.0234 135 46 213 178
migao 0.0099 108 86 235 142
migao 0.0048 173 29 239 69
migao 0.0041 102 70 246 173
migao 0.0040 62 27 190 72
migao 0.0035 146 73 226 154
migao 0.0029 102 25 161 63
migao 0.0029 149 25 283 73
migao 0.0026 -5 24 120 74
migao 0.0024 13 -2 244 195
migao 0.0022 16 33 68 76
migao 0.0016 141 92 201 136
migao 0.0016 95 34 148 75
migao 0.0015 123 69 200 149
migao 0.0013 31 23 82 66
migao 0.0010 186 39 247 80
wagui 0.0478 15 15 89 83
wagui 0.0418 170 16 252 83
wagui 0.0379 135 46 213 178
wagui 0.0317 32 52 116 190
wagui 0.0301 88 15 165 84
wagui 0.0123 0 73 147 170
wagui 0.0070 108 86 235 142
wagui 0.0054 102 70 246 173
wagui 0.0053 113 26 160 62
wagui 0.0051 173 29 239 69
wagui 0.0035 62 27 190 72
wagui 0.0025 146 73 226 154
wagui 0.0024 149 25 283 73
wagui 0.0021 16 24 77 65
wagui 0.0020 -5 24 120 74
wagui 0.0019 95 34 148 75
wagui 0.0018 13 -2 244 195
wagui 0.0014 123 69 200 149
wagui 0.0013 141 92 201 136
wagui 0.0012 186 39 247 80
wagui 0.0010 -14 -3 104 107
