Kongrou 0.0255 49 -16 212 169
Kongrou 0.0010 133 145 285 289
Rouzaofun 0.6214 37 -8 222 165
Rouzaofun 0.0081 49 30 179 152
Rouzaofun 0.0036 70 0 199 124
Rouzaofun 0.0026 79 32 248 150
Rouzaofun 0.0023 95 54 193 169
Rouzaofun 0.0012 197 -7 265 47
Rouzaofun 0.0011 -7 -70 267 143
Rouzaofun 0.0010 43 1 146 122
Rouzaofun 0.0010 7 -25 212 101
Rice_with_Shredded_Chicken 0.0678 40 12 220 175
migao 0.2142 37 -8 222 165
migao 0.0017 49 30 179 152
migao 0.0011 116 170 167 253
migao 0.0010 133 145 285 289
migao 0.0010 173 114 322 313
migao 0.0010 79 32 248 150
wagui 0.0233 25 9 230 181
wagui 0.0010 197 -7 265 47
