Kongrou 0.0076 133 -72 218 -20
Kongrou 0.0064 131 -121 228 23
Kongrou 0.0039 74 -98 283 1
Kongrou 0.0035 45 -13 253 175
Kongrou 0.0032 102 170 185 221
Kongrou 0.0025 100 -160 290 48
Kongrou 0.0023 125 176 226 236
Kongrou 0.0022 124 139 234 269
Kongrou 0.0015 70 150 285 256
Kongrou 0.0015 15 -203 334 87
Kongrou 0.0012 -22 -154 228 44
Kongrou 0.0012 146 -92 206 21
Kongrou 0.0012 15 20 135 136
Kongrou 0.0011 86 -85 179 -30
Rouzaofun 0.3842 6 6 291 161
Rouzaofun 0.0067 133 -72 218 -20
Rouzaofun 0.0060 15 20 135 136
Rouzaofun 0.0057 131 -121 228 23
Rouzaofun 0.0048 157 1 292 155
Rouzaofun 0.0034 74 -98 283 1
Rouzaofun 0.0024 99 -18 237 105
Rouzaofun 0.0024 125 176 226 236
Rouzaofun 0.0021 65 18 223 139
Rouzaofun 0.0019 84 -177 307 64
Rouzaofun 0.0018 70 150 285 256
Rouzaofun 0.0017 124 139 234 269
Rouzaofun 0.0015 146 -92 206 21
Rouzaofun 0.0014 102 170 185 221
Rouzaofun 0.0010 42 -35 302 115
Rouzaofun 0.0010 110 -86 148 13
Rouzaofun 0.0010 49 87 298 307
Rice_with_Shredded_Chicken 0.1951 6 6 291 161
Rice_with_Shredded_Chicken 0.0074 133 -72 218 -20
Rice_with_Shredded_Chicken 0.0053 131 -121 228 23
Rice_with_Shredded_Chicken 0.0036 74 -98 283 1
Rice_with_Shredded_Chicken 0.0027 -22 -154 228 44
Rice_with_Shredded_Chicken 0.0026 143 3 329 152
Rice_with_Shredded_Chicken 0.0024 15 -203 334 87
Rice_with_Shredded_Chicken 0.0023 125 176 226 236
Rice_with_Shredded_Chicken 0.0022 94 -141 299 34
Rice_with_Shredded_Chicken 0.0019 146 -92 206 21
Rice_with_Shredded_Chicken 0.0015 124 139 234 269
Rice_with_Shredded_Chicken 0.0015 70 150 285 256
Rice_with_Shredded_Chicken 0.0011 -16 8 166 147
Rice_with_Shredded_Chicken 0.0010 49 87 298 307
migao 0.0750 6 6 291 161
migao 0.0079 133 -72 218 -20
migao 0.0060 131 -121 228 23
migao 0.0039 74 -98 283 1
migao 0.0029 125 176 226 236
migao 0.0022 124 139 234 269
migao 0.0021 146 -92 206 21
migao 0.0021 94 -141 299 34
migao 0.0019 70 150 285 256
migao 0.0019 15 -203 334 87
migao 0.0017 143 3 329 152
migao 0.0016 -22 -154 228 44
migao 0.0016 102 170 185 221
migao 0.0015 15 20 135 136
migao 0.0013 110 -86 148 13
wagui 0.0380 6 6 291 161
wagui 0.0055 133 -72 218 -20
wagui 0.0051 131 -121 228 23
wagui 0.0040 74 -98 283 1
wagui 0.0034 -22 -154 228 44
wagui 0.0033 102 170 185 221
wagui 0.0030 15 -203 334 87
wagui 0.0022 100 -160 290 48
wagui 0.0019 86 -85 179 -30
wagui 0.0018 124 139 234 269
wagui 0.0015 146 -92 206 21
wagui 0.0013 210 151 257 171
wagui 0.0012 70 150 285 256
wagui 0.0010 125 176 226 236
wagui 0.0010 143 3 329 152
wagui 0.0010 49 87 298 307
