Kongrou 0.0077 112 -28 197 16
Kongrou 0.0057 111 -77 202 62
Kongrou 0.0049 66 -53 247 38
Kongrou 0.0046 81 18 175 138
Kongrou 0.0030 47 42 208 132
Kongrou 0.0025 133 72 194 136
Kongrou 0.0021 10 -9 235 176
Kongrou 0.0021 141 85 185 123
Kongrou 0.0018 102 -52 207 20
Kongrou 0.0017 21 0 146 201
Kongrou 0.0016 64 -114 259 86
Kongrou 0.0010 117 190 162 228
Rouzaofun 0.1487 80 27 176 146
Rouzaofun 0.0534 47 42 208 132
Rouzaofun 0.0125 10 -9 235 176
Rouzaofun 0.0077 112 -28 197 16
Rouzaofun 0.0044 66 -53 247 38
Rouzaofun 0.0044 111 -77 202 62
Rouzaofun 0.0027 141 85 185 123
Rouzaofun 0.0026 133 72 194 136
Rouzaofun 0.0022 21 0 146 201
Rouzaofun 0.0015 64 -114 259 86
Rouzaofun 0.0013 102 -52 207 20
Rouzaofun 0.0012 117 190 162 228
Rouzaofun 0.0010 121 161 187 237
Rice_with_Shredded_Chicken 0.0345 80 27 176 146
Rice_with_Shredded_Chicken 0.0334 23 19 222 148
Rice_with_Shredded_Chicken 0.0073 112 -28 197 16
Rice_with_Shredded_Chicken 0.0046 111 -77 202 62
Rice_with_Shredded_Chicken 0.0040 66 -53 247 38
Rice_with_Shredded_Chicken 0.0025 133 72 194 136
Rice_with_Shredded_Chicken 0.0022 141 85 185 123
Rice_with_Shredded_Chicken 0.0021 -29 7 165 196
Rice_with_Shredded_Chicken 0.0019 64 -114 259 86
Rice_with_Shredded_Chicken 0.0016 102 -52 207 20
Rice_with_Shredded_Chicken 0.0013 122 197 157 230
Rice_with_Shredded_Chicken 0.0011 163 38 312 242
migao 0.0388 80 27 176 146
migao 0.0242 47 42 208 132
migao 0.0095 112 -28 197 16
migao 0.0066 10 -9 235 176
migao 0.0054 111 -77 202 62
migao 0.0051 66 -53 247 38
migao 0.0026 141 85 185 123
migao 0.0026 139 73 198 134
migao 0.0019 102 -52 207 20
migao 0.0017 64 -114 259 86
migao 0.0013 117 190 162 228
migao 0.0013 21 0 146 201
wagui 0.0083 23 19 222 148
wagui 0.0057 141 85 185 123
wagui 0.0057 112 -28 197 16
wagui 0.0053 133 72 194 136
wagui 0.0050 111 -77 202 62
wagui 0.0044 66 -53 247 38
wagui 0.0039 80 27 176 146
wagui 0.0019 64 -114 259 86
wagui 0.0015 21 0 146 201
wagui 0.0012 198 85 268 184
wagui 0.0012 122 197 157 230
wagui 0.0012 102 -52 207 20
