Kongrou 0.0045 108 -39 195 7
Kongrou 0.0037 39 10 258 183
Kongrou 0.0029 106 -77 203 42
Kongrou 0.0024 81 -112 256 64
Kongrou 0.0016 124 143 185 279
Kongrou 0.0010 143 132 312 304
Rouzaofun 0.6056 0 11 258 182
Rouzaofun 0.0055 32 78 267 194
Rouzaofun 0.0048 36 1 263 116
Rouzaofun 0.0036 108 -39 195 7
Rouzaofun 0.0033 53 34 215 169
Rouzaofun 0.0025 106 -77 203 42
Rouzaofun 0.0025 80 115 189 208
Rouzaofun 0.0021 132 -18 236 101
Rouzaofun 0.0020 67 -105 228 58
Rouzaofun 0.0020 -13 66 194 207
Rouzaofun 0.0018 12 128 137 214
Rouzaofun 0.0017 83 69 205 195
Rouzaofun 0.0016 13 -136 289 86
Rouzaofun 0.0015 122 168 182 256
Rouzaofun 0.0014 140 202 173 235
Rouzaofun 0.0014 97 180 156 207
Rouzaofun 0.0012 71 181 142 196
Rouzaofun 0.0012 86 172 162 214
Rouzaofun 0.0012 163 115 330 313
Rouzaofun 0.0010 112 47 236 157
Rouzaofun 0.0010 82 162 227 259
Rouzaofun 0.0010 145 194 188 233
Rouzaofun 0.0010 102 -23 275 173
Rouzaofun 0.0010 89 40 249 228
Rice_with_Shredded_Chicken 0.0331 0 11 258 182
Rice_with_Shredded_Chicken 0.0038 108 -39 195 7
Rice_with_Shredded_Chicken 0.0028 41 -90 257 42
Rice_with_Shredded_Chicken 0.0025 13 -136 289 86
Rice_with_Shredded_Chicken 0.0025 106 -77 203 42
Rice_with_Shredded_Chicken 0.0017 122 168 182 256
Rice_with_Shredded_Chicken 0.0015 140 202 173 235
Rice_with_Shredded_Chicken 0.0011 82 162 227 259
Rice_with_Shredded_Chicken 0.0011 163 115 330 313
Rice_with_Shredded_Chicken 0.0010 53 34 215 169
Rice_with_Shredded_Chicken 0.0010 97 180 156 207
migao 0.1170 39 10 258 183
migao 0.0051 108 -39 195 7
migao 0.0029 106 -77 203 42
migao 0.0028 41 -90 257 42
migao 0.0022 122 168 182 256
migao 0.0019 13 -136 289 86
migao 0.0016 97 180 156 207
migao 0.0014 140 202 173 235
migao 0.0014 71 181 142 196
migao 0.0012 163 115 330 313
migao 0.0011 -8 67 224 208
migao 0.0011 82 162 227 259
wagui 0.0083 0 11 258 182
wagui 0.0033 108 -39 195 7
wagui 0.0028 13 -136 289 86
wagui 0.0024 106 -77 203 42
wagui 0.0021 41 -90 257 42
wagui 0.0017 71 181 142 196
wagui 0.0016 97 180 156 207
wagui 0.0015 140 202 173 235
wagui 0.0013 124 143 185 279
