Kongrou 0.1549 -24 -15 215 158
Kongrou 0.0056 15 4 143 147
Kongrou 0.0040 118 -48 202 -6
Kongrou 0.0034 121 -93 207 33
Kongrou 0.0024 57 -77 269 18
Kongrou 0.0022 78 -62 163 -13
Kongrou 0.0019 66 -1 175 110
Kongrou 0.0017 16 90 300 301
Kongrou 0.0014 105 102 377 292
Kongrou 0.0014 87 112 232 283
Kongrou 0.0012 77 -127 235 54
Kongrou 0.0012 179 34 349 274
Kongrou 0.0011 139 129 305 269
Rouzaofun 0.2600 -19 -9 211 148
Rouzaofun 0.0104 14 13 143 159
Rouzaofun 0.0032 118 -48 202 -6
Rouzaofun 0.0025 121 -93 207 33
Rouzaofun 0.0022 57 -77 269 18
Rouzaofun 0.0013 45 -9 175 118
Rouzaofun 0.0012 49 101 269 291
Rouzaofun 0.0012 65 -62 154 -13
Rouzaofun 0.0010 102 -61 133 25
Rouzaofun 0.0010 77 -127 235 54
Rouzaofun 0.0010 173 18 354 247
Rice_with_Shredded_Chicken 0.0125 5 -9 183 151
Rice_with_Shredded_Chicken 0.0031 118 -48 202 -6
Rice_with_Shredded_Chicken 0.0026 121 -93 207 33
Rice_with_Shredded_Chicken 0.0021 57 -77 269 18
Rice_with_Shredded_Chicken 0.0017 49 101 269 291
Rice_with_Shredded_Chicken 0.0012 77 -127 235 54
Rice_with_Shredded_Chicken 0.0011 20 -162 300 87
Rice_with_Shredded_Chicken 0.0010 105 102 377 292
migao 0.3503 -19 -9 211 148
migao 0.0043 118 -48 202 -6
migao 0.0031 121 -93 207 33
migao 0.0028 14 13 143 159
migao 0.0026 57 -77 269 18
migao 0.0014 102 -61 133 25
migao 0.0014 16 90 300 301
migao 0.0013 87 112 232 283
migao 0.0011 139 129 305 269
migao 0.0011 179 34 349 274
migao 0.0010 -37 -85 66 28
migao 0.0010 20 -162 300 87
wagui 0.0988 -19 -9 211 148
wagui 0.0024 118 -48 202 -6
wagui 0.0023 121 -93 207 33
wagui 0.0020 66 -1 175 110
wagui 0.0020 57 -77 269 18
wagui 0.0018 78 -62 163 -13
wagui 0.0015 20 -162 300 87
wagui 0.0013 49 101 269 291
