Kongrou 0.0123 31 24 219 176
Kongrou 0.0089 207 -9 250 79
Kongrou 0.0019 119 148 180 274
Kongrou 0.0019 213 16 245 73
Kongrou 0.0017 128 189 175 229
Kongrou 0.0012 73 169 226 252
Kongrou 0.0012 -7 -2 262 126
Kongrou 0.0010 -63 114 120 313
Kongrou 0.0010 106 162 190 224
Kongrou 0.0010 185 5 272 65
Rouzaofun 0.6424 35 16 213 154
Rouzaofun 0.0186 44 -15 177 34
Rouzaofun 0.0163 207 -9 250 79
Rouzaofun 0.0064 -7 -2 262 126
Rouzaofun 0.0050 13 -43 198 53
Rouzaofun 0.0037 213 16 245 73
Rouzaofun 0.0034 100 31 198 159
Rouzaofun 0.0020 128 189 175 229
Rouzaofun 0.0019 185 5 272 65
Rouzaofun 0.0016 -63 114 120 313
Rouzaofun 0.0015 119 148 180 274
Rouzaofun 0.0015 44 43 158 166
Rouzaofun 0.0013 73 169 226 252
Rice_with_Shredded_Chicken 0.1057 31 31 218 164
Rice_with_Shredded_Chicken 0.0108 207 -9 250 79
Rice_with_Shredded_Chicken 0.0053 44 -15 177 34
Rice_with_Shredded_Chicken 0.0027 13 -43 198 53
Rice_with_Shredded_Chicken 0.0018 128 189 175 229
Rice_with_Shredded_Chicken 0.0018 213 16 245 73
Rice_with_Shredded_Chicken 0.0017 119 148 180 274
Rice_with_Shredded_Chicken 0.0015 185 5 272 65
Rice_with_Shredded_Chicken 0.0013 -63 114 120 313
Rice_with_Shredded_Chicken 0.0012 73 169 226 252
migao 0.2210 31 31 218 164
migao 0.0216 207 -9 250 79
migao 0.0038 213 16 245 73
migao 0.0024 44 -15 177 34
migao 0.0022 -7 -2 262 126
migao 0.0021 120 174 174 250
migao 0.0021 128 189 175 229
migao 0.0019 185 5 272 65
migao 0.0014 -63 114 120 313
migao 0.0013 73 169 226 252
migao 0.0010 13 -43 198 53
wagui 0.0371 31 24 219 176
wagui 0.0159 207 -9 250 79
wagui 0.0044 213 16 245 73
wagui 0.0020 0 12 23 67
wagui 0.0018 128 189 175 229
wagui 0.0018 188 5 269 74
wagui 0.0017 44 -15 177 34
wagui 0.0015 119 148 180 274
wagui 0.0010 87 171 153 216
