Kongrou 0.0260 56 5 219 175
Kongrou 0.0014 109 44 218 168
Kongrou 0.0014 67 -131 249 59
Rouzaofun 0.3391 44 16 232 172
Rouzaofun 0.0094 79 54 205 181
Rouzaofun 0.0058 108 19 218 151
Rouzaofun 0.0022 61 28 160 164
Rouzaofun 0.0019 258 52 274 114
Rouzaofun 0.0013 258 119 275 163
Rouzaofun 0.0011 71 11 192 119
Rouzaofun 0.0011 67 -131 249 59
Rouzaofun 0.0011 -56 -45 121 142
Rice_with_Shredded_Chicken 0.4461 44 16 232 172
Rice_with_Shredded_Chicken 0.0027 258 52 274 114
Rice_with_Shredded_Chicken 0.0023 79 54 205 181
Rice_with_Shredded_Chicken 0.0018 90 -12 194 38
Rice_with_Shredded_Chicken 0.0017 258 119 275 163
Rice_with_Shredded_Chicken 0.0013 -56 -45 121 142
Rice_with_Shredded_Chicken 0.0013 67 -131 249 59
Rice_with_Shredded_Chicken 0.0012 108 19 218 151
Rice_with_Shredded_Chicken 0.0011 49 91 270 299
migao 0.1232 44 16 232 172
migao 0.0027 258 52 274 114
migao 0.0023 258 119 275 163
migao 0.0016 79 54 205 181
migao 0.0012 108 19 218 151
migao 0.0012 64 -103 252 30
wagui 0.0507 56 5 219 175
wagui 0.0058 258 119 275 163
wagui 0.0052 258 52 274 114
wagui 0.0018 80 -14 184 40
wagui 0.0016 251 115 272 167
wagui 0.0013 -56 -45 121 142
wagui 0.0012 67 -131 249 59
wagui 0.0011 217 1 273 38
wagui 0.0010 141 203 170 238
wagui 0.0010 263 49 280 116
