Kongrou 0.0051 194 0 275 72
Kongrou 0.0049 82 62 176 135
Kongrou 0.0023 111 183 189 225
Kongrou 0.0019 58 151 248 251
Kongrou 0.0019 112 143 195 259
Kongrou 0.0014 28 -2 114 63
Kongrou 0.0014 61 16 213 165
Kongrou 0.0013 117 -53 204 -3
Kongrou 0.0012 116 -93 212 33
Kongrou 0.0010 70 -82 257 21
Kongrou 0.0010 212 11 268 60
Kongrou 0.0010 87 -130 271 56
Kongrou 0.0010 93 79 165 119
Rouzaofun 0.1983 80 36 184 178
Rouzaofun 0.0471 39 28 232 163
Rouzaofun 0.0405 24 -13 112 78
Rouzaofun 0.0165 82 62 176 135
Rouzaofun 0.0147 194 0 275 72
Rouzaofun 0.0024 -18 -24 134 91
Rouzaofun 0.0023 212 11 268 60
Rouzaofun 0.0022 93 79 165 119
Rouzaofun 0.0022 111 183 189 225
Rouzaofun 0.0019 58 151 248 251
Rouzaofun 0.0015 117 -53 204 -3
Rouzaofun 0.0014 112 143 195 259
Rouzaofun 0.0012 35 8 106 52
Rouzaofun 0.0012 4 5 138 55
Rouzaofun 0.0011 -10 12 282 132
Rouzaofun 0.0011 174 -16 260 102
Rouzaofun 0.0010 116 -93 212 33
Rouzaofun 0.0010 141 201 169 240
Rice_with_Shredded_Chicken 0.0250 24 -13 112 78
Rice_with_Shredded_Chicken 0.0191 185 -14 268 102
Rice_with_Shredded_Chicken 0.0145 80 36 184 178
Rice_with_Shredded_Chicken 0.0115 39 28 232 163
Rice_with_Shredded_Chicken 0.0074 82 62 176 135
Rice_with_Shredded_Chicken 0.0041 202 0 278 71
Rice_with_Shredded_Chicken 0.0017 -18 -24 134 91
Rice_with_Shredded_Chicken 0.0016 111 183 189 225
Rice_with_Shredded_Chicken 0.0016 58 151 248 251
Rice_with_Shredded_Chicken 0.0013 112 143 195 259
Rice_with_Shredded_Chicken 0.0013 117 -53 204 -3
Rice_with_Shredded_Chicken 0.0010 141 201 169 240
Rice_with_Shredded_Chicken 0.0010 116 -93 212 33
migao 0.0449 80 36 184 178
migao 0.0131 40 51 223 162
migao 0.0099 82 62 176 135
migao 0.0098 194 0 275 72
migao 0.0075 24 -13 112 78
migao 0.0030 111 183 189 225
migao 0.0019 112 143 195 259
migao 0.0019 58 151 248 251
migao 0.0016 117 -53 204 -3
migao 0.0016 212 11 268 60
migao 0.0015 93 79 165 119
migao 0.0012 116 -93 212 33
migao 0.0010 70 -82 257 21
wagui 0.0568 185 -14 268 102
wagui 0.0101 39 28 232 163
wagui 0.0078 69 35 175 179
wagui 0.0060 202 0 278 71
wagui 0.0059 82 62 176 135
wagui 0.0049 24 -13 112 78
wagui 0.0017 190 9 269 52
wagui 0.0016 151 -19 301 86
wagui 0.0013 112 143 195 259
wagui 0.0013 58 151 248 251
wagui 0.0011 141 201 169 240
wagui 0.0011 6 -170 315 92
wagui 0.0010 111 183 189 225
wagui 0.0010 116 -93 212 33
