Kongrou 0.0010 332 54 450 139
Kongrou 0.0010 33 102 163 201
Rouzaofun 0.0124 5 112 150 212
Rouzaofun 0.0119 43 47 163 93
Rouzaofun 0.0025 419 146 550 250
Rouzaofun 0.0023 332 54 450 139
Rouzaofun 0.0021 447 52 568 108
Rouzaofun 0.0021 226 328 360 422
Rouzaofun 0.0019 176 78 300 171
Rouzaofun 0.0019 98 216 229 328
Rouzaofun 0.0017 537 107 666 207
Rouzaofun 0.0016 238 185 374 292
Rouzaofun 0.0014 100 362 225 471
Rouzaofun 0.0011 561 253 678 359
Rice_with_Shredded_Chicken 0.0019 555 108 684 207
Rice_with_Shredded_Chicken 0.0019 455 53 573 109
Rice_with_Shredded_Chicken 0.0015 548 252 665 357
Rice_with_Shredded_Chicken 0.0014 20 120 159 217
Rice_with_Shredded_Chicken 0.0012 322 60 439 143
Rice_with_Shredded_Chicken 0.0012 186 80 303 169
Rice_with_Shredded_Chicken 0.0011 401 288 516 386
Rice_with_Shredded_Chicken 0.0010 95 220 231 334
migao 0.0013 5 112 150 212
migao 0.0010 186 80 303 169
migao 0.0010 555 108 684 207
wagui 0.9908 250 182 384 294
wagui 0.9895 85 221 224 332
wagui 0.9847 242 331 370 421
wagui 0.9800 20 114 160 211
wagui 0.9709 184 86 304 175
wagui 0.9665 85 365 216 469
wagui 0.9621 322 60 439 143
wagui 0.9614 405 147 541 247
wagui 0.9397 547 108 676 206
wagui 0.9296 401 288 516 386
wagui 0.9095 548 252 665 357
wagui 0.8567 455 53 573 109
wagui 0.1212 43 47 163 93
wagui 0.0339 480 252 577 285
wagui 0.0109 31 -16 671 561
wagui 0.0077 317 294 421 325
wagui 0.0067 210 312 396 439
wagui 0.0056 471 264 564 290
wagui 0.0019 269 54 745 486
wagui 0.0015 149 68 324 198
wagui 0.0014 53 33 173 80
wagui 0.0014 570 -148 703 64
wagui 0.0013 390 121 653 403
