Kongrou 0.0013 78 86 144 134
Rouzaofun 0.0026 13 67 73 108
Rouzaofun 0.0025 133 121 210 185
Rouzaofun 0.0020 78 89 144 139
Rice_with_Shredded_Chicken 0.0026 0 12 5 36
Rice_with_Shredded_Chicken 0.0015 78 89 144 139
migao 0.0024 78 89 144 139
migao 0.0014 142 56 240 113
migao 0.0013 0 12 5 36
migao 0.0013 142 121 220 184
wagui 0.9806 138 118 215 179
wagui 0.9713 17 66 78 104
wagui 0.9537 73 89 140 139
wagui 0.0368 142 56 240 113
wagui 0.0284 2 27 42 59
wagui 0.0222 0 12 5 36
wagui 0.0021 39 2 85 26
wagui 0.0012 233 47 260 110
