Kongrou 0.0027 113 118 175 175
Kongrou 0.0024 55 91 116 150
Kongrou 0.0018 172 97 234 156
Rouzaofun 0.0056 104 113 166 171
Rouzaofun 0.0038 -2 74 43 123
Rouzaofun 0.0035 0 27 19 74
Rouzaofun 0.0033 256 19 274 64
Rouzaofun 0.0031 107 1 159 41
Rouzaofun 0.0028 231 69 277 119
Rouzaofun 0.0027 116 57 170 107
Rouzaofun 0.0026 168 105 229 165
Rouzaofun 0.0025 174 38 229 87
Rouzaofun 0.0022 40 89 103 152
Rouzaofun 0.0022 196 1 246 38
Rouzaofun 0.0021 0 24 8 78
Rouzaofun 0.0019 21 4 76 42
Rouzaofun 0.0016 0 0 17 17
Rouzaofun 0.0015 38 2 275 176
Rouzaofun 0.0015 50 35 105 86
Rice_with_Shredded_Chicken 0.0039 113 118 175 175
Rice_with_Shredded_Chicken 0.0029 0 0 17 17
Rice_with_Shredded_Chicken 0.0029 0 27 23 73
Rice_with_Shredded_Chicken 0.0022 203 2 253 38
Rice_with_Shredded_Chicken 0.0019 172 106 234 164
Rice_with_Shredded_Chicken 0.0017 240 155 273 180
Rice_with_Shredded_Chicken 0.0014 166 39 229 93
Rice_with_Shredded_Chicken 0.0013 1 74 47 130
Rice_with_Shredded_Chicken 0.0012 51 94 111 154
Rice_with_Shredded_Chicken 0.0011 21 1 75 38
Rice_with_Shredded_Chicken 0.0011 107 1 159 41
Rice_with_Shredded_Chicken 0.0010 223 65 278 123
Rice_with_Shredded_Chicken 0.0010 51 34 112 89
migao 0.0018 172 97 234 156
migao 0.0017 0 24 24 70
migao 0.0016 2 71 47 119
migao 0.0016 203 2 253 38
migao 0.0015 113 118 175 175
migao 0.0014 166 35 229 90
migao 0.0012 107 1 159 41
migao 0.0011 251 18 275 65
migao 0.0011 223 65 278 123
wagui 0.9923 112 56 167 107
wagui 0.9862 112 118 166 173
wagui 0.9799 2 73 47 124
wagui 0.9793 225 68 275 120
wagui 0.9688 169 38 225 87
wagui 0.9584 54 92 107 149
wagui 0.9467 21 1 75 38
wagui 0.9458 174 104 231 157
wagui 0.9327 106 4 160 44
wagui 0.9257 201 2 250 38
wagui 0.9094 54 33 108 82
wagui 0.7563 250 20 275 70
wagui 0.6846 0 27 23 73
wagui 0.3008 0 0 17 17
wagui 0.1462 258 1 274 15
wagui 0.0279 266 -1 275 12
wagui 0.0249 0 24 8 78
wagui 0.0187 240 155 273 180
wagui 0.0082 36 -8 278 189
wagui 0.0065 153 0 191 10
wagui 0.0034 266 18 275 74
wagui 0.0023 -2 -1 9 20
wagui 0.0020 267 -16 276 14
wagui 0.0017 252 2 273 25
wagui 0.0017 1 2 22 24
wagui 0.0017 259 -11 275 11
wagui 0.0011 73 5 101 34
wagui 0.0010 2 -1 22 11
