Kongrou 0.0017 20 0 102 88
Kongrou 0.0010 20 87 100 176
Rouzaofun 0.0266 14 97 84 165
Rouzaofun 0.0245 25 3 98 75
Rouzaofun 0.0149 98 86 127 161
Rice_with_Shredded_Chicken 0.0123 20 0 102 88
Rice_with_Shredded_Chicken 0.0065 98 89 128 170
Rice_with_Shredded_Chicken 0.0051 18 96 92 165
migao 0.0055 20 0 102 88
migao 0.0022 18 96 92 165
migao 0.0017 98 89 128 170
wagui 0.9106 21 96 95 165
wagui 0.9104 27 7 102 82
wagui 0.0798 98 89 128 170
wagui 0.0028 -1 10 24 93
wagui 0.0020 104 6 128 91
wagui 0.0015 -1 39 18 78
wagui 0.0012 -10 -2 138 177
