Kongrou 0.0015 157 113 198 144
Kongrou 0.0012 126 87 160 112
Kongrou 0.0011 109 117 154 150
Kongrou 0.0011 90 76 129 100
Rouzaofun 0.0028 109 117 154 150
Rouzaofun 0.0023 71 38 99 58
Rouzaofun 0.0015 63 100 108 132
Rouzaofun 0.0015 195 96 232 123
Rouzaofun 0.0014 186 53 217 71
Rouzaofun 0.0012 157 113 198 144
Rouzaofun 0.0011 126 87 160 112
Rice_with_Shredded_Chicken 0.0010 -10 135 219 305
migao 0.0017 71 38 99 58
migao 0.0010 101 34 127 48
wagui 0.9991 119 47 148 63
wagui 0.9990 163 115 203 145
wagui 0.9988 192 96 225 122
wagui 0.9986 89 59 123 75
wagui 0.9985 90 78 126 103
wagui 0.9983 114 118 158 151
wagui 0.9978 127 88 164 115
wagui 0.9958 71 100 110 132
wagui 0.9954 160 76 194 99
wagui 0.9933 101 34 127 48
wagui 0.9932 184 54 213 70
wagui 0.9907 160 39 187 53
wagui 0.9887 154 59 182 75
wagui 0.9816 197 70 231 94
wagui 0.9732 57 81 86 100
wagui 0.9576 74 41 101 59
wagui 0.0583 120 30 139 42
wagui 0.0375 129 41 152 49
wagui 0.0333 125 33 143 45
wagui 0.0244 121 52 148 69
wagui 0.0136 125 42 146 51
wagui 0.0091 129 34 151 47
wagui 0.0073 129 67 163 92
wagui 0.0051 135 26 159 44
wagui 0.0034 65 64 91 84
wagui 0.0032 75 54 138 122
wagui 0.0030 107 32 138 47
wagui 0.0030 100 108 170 159
wagui 0.0029 100 43 124 59
wagui 0.0026 149 101 214 155
wagui 0.0025 80 28 186 149
wagui 0.0020 113 23 136 35
wagui 0.0020 101 22 168 91
wagui 0.0018 146 57 174 78
wagui 0.0016 144 44 161 58
wagui 0.0016 134 39 158 51
wagui 0.0015 76 34 101 50
wagui 0.0014 142 36 162 55
wagui 0.0012 54 56 91 83
wagui 0.0012 115 68 178 130
wagui 0.0010 140 88 173 117
wagui 0.0010 57 87 122 145
