Kongrou 0.0010 168 2 254 58
Rouzaofun 0.0017 164 4 258 64
Rouzaofun 0.0010 57 4 191 140
Rice_with_Shredded_Chicken 0.0014 164 4 258 64
Rice_with_Shredded_Chicken 0.0013 151 92 252 185
Rice_with_Shredded_Chicken 0.0010 61 10 206 153
migao 0.0038 151 92 252 185
migao 0.0024 19 128 134 189
migao 0.0022 164 4 258 64
migao 0.0011 61 10 206 153
migao 0.0010 20 46 63 122
wagui 0.9364 59 13 208 148
wagui 0.5840 151 92 252 185
wagui 0.5175 168 2 254 58
wagui 0.1943 20 46 63 122
wagui 0.1926 19 128 134 189
wagui 0.0662 44 0 99 30
wagui 0.0031 45 145 148 192
wagui 0.0011 2 52 81 124
