Kongrou 0.0022 1636 17 2181 431
Kongrou 0.0010 -255 630 1640 2235
Rouzaofun 0.0079 1692 462 2383 1180
Rouzaofun 0.0047 1636 17 2181 431
Rice_with_Shredded_Chicken 0.0072 1570 465 2322 1173
Rice_with_Shredded_Chicken 0.0033 -397 345 1778 2515
Rice_with_Shredded_Chicken 0.0019 1037 809 1179 921
Rice_with_Shredded_Chicken 0.0013 1677 59 2212 448
Rice_with_Shredded_Chicken 0.0011 993 799 1130 927
Rice_with_Shredded_Chicken 0.0011 115 882 2039 2402
migao 0.9776 1628 503 2358 1226
migao 0.9515 1672 22 2222 430
migao 0.0012 1037 809 1179 921
migao 0.0011 486 1137 636 1266
wagui 0.0120 1551 469 2434 1173
wagui 0.0050 1677 59 2212 448
