Kongrou 0.0030 323 129 546 305
Kongrou 0.0020 574 136 791 309
Kongrou 0.0020 402 317 688 498
Kongrou 0.0019 85 114 293 266
Kongrou 0.0010 122 320 354 510
Rouzaofun 0.0027 85 122 292 282
Rouzaofun 0.0023 542 155 767 339
Rouzaofun 0.0021 323 129 546 305
Rouzaofun 0.0012 122 320 354 510
Rouzaofun 0.0011 385 339 617 499
Rouzaofun 0.0010 4 279 109 437
Rice_with_Shredded_Chicken 0.0012 423 339 665 498
Rice_with_Shredded_Chicken 0.0010 16 281 117 457
Rice_with_Shredded_Chicken 0.0010 85 122 292 282
migao 0.0015 390 317 671 498
migao 0.0014 555 135 783 311
migao 0.0010 85 122 292 282
wagui 0.9918 555 152 783 319
wagui 0.9806 389 333 671 502
wagui 0.9762 296 133 518 297
wagui 0.9689 55 120 269 282
wagui 0.9393 119 304 358 501
wagui 0.8618 609 11 794 124
wagui 0.6680 14 275 119 443
wagui 0.4385 153 5 351 95
wagui 0.3643 375 13 586 108
wagui 0.0013 680 525 810 652
wagui 0.0010 -2 270 84 419
