Kongrou 0.0012 97 100 192 172
Kongrou 0.0011 186 102 261 159
Kongrou 0.0010 0 101 90 171
Rouzaofun 0.0020 22 51 91 94
Rouzaofun 0.0019 142 26 192 57
Rouzaofun 0.0018 69 22 129 59
Rouzaofun 0.0015 181 102 257 158
Rouzaofun 0.0014 94 108 175 173
Rouzaofun 0.0013 8 107 91 173
Rouzaofun 0.0011 112 57 171 95
Rouzaofun 0.0010 189 51 251 91
Rice_with_Shredded_Chicken 0.0020 186 102 261 159
Rice_with_Shredded_Chicken 0.0012 8 107 91 173
migao 0.0017 186 102 261 159
migao 0.0010 146 29 196 62
migao 0.0010 15 103 94 169
wagui 0.9833 114 55 175 92
wagui 0.9689 27 51 96 93
wagui 0.9176 75 23 131 58
wagui 0.8785 146 29 196 62
wagui 0.8709 9 103 90 169
wagui 0.8079 95 104 174 169
wagui 0.8058 192 47 255 89
wagui 0.5578 181 102 257 158
wagui 0.0159 140 27 183 54
wagui 0.0023 10 8 264 175
