Kongrou 0.0013 11 187 179 337
Rouzaofun 0.0160 -3 187 147 336
Rouzaofun 0.0048 137 337 365 557
Rouzaofun 0.0038 781 243 800 308
Rouzaofun 0.0010 757 296 798 323
Rice_with_Shredded_Chicken 0.0022 -7 177 176 346
Rice_with_Shredded_Chicken 0.0011 781 243 800 308
migao 0.9156 86 337 359 558
migao 0.9141 3 187 165 337
migao 0.0991 781 243 800 308
migao 0.0125 -6 -6 115 220
migao 0.0041 757 296 798 323
migao 0.0030 508 276 555 308
migao 0.0027 550 275 599 303
migao 0.0017 462 342 503 368
migao 0.0015 593 193 649 238
migao 0.0014 507 277 558 334
migao 0.0014 547 266 604 295
migao 0.0013 782 161 801 301
migao 0.0011 221 195 348 269
migao 0.0011 760 306 797 332
wagui 0.2501 760 306 797 332
wagui 0.2347 757 296 798 323
wagui 0.1306 781 243 800 308
wagui 0.0491 712 280 754 304
wagui 0.0394 550 275 599 303
wagui 0.0315 570 309 617 339
wagui 0.0271 756 321 796 350
wagui 0.0217 774 303 801 338
wagui 0.0210 569 318 619 351
wagui 0.0196 743 295 784 319
wagui 0.0151 462 342 503 368
wagui 0.0096 662 309 710 336
wagui 0.0087 691 338 739 363
wagui 0.0079 724 322 768 346
wagui 0.0076 776 271 801 341
wagui 0.0075 436 371 474 395
wagui 0.0075 583 294 632 324
wagui 0.0074 453 458 515 520
wagui 0.0070 475 400 524 428
wagui 0.0067 508 276 555 308
wagui 0.0067 547 266 604 295
wagui 0.0055 508 341 549 369
wagui 0.0055 522 414 566 442
wagui 0.0050 638 338 697 366
wagui 0.0045 578 487 639 527
wagui 0.0045 11 187 179 337
wagui 0.0044 428 399 470 426
wagui 0.0039 710 295 750 319
wagui 0.0036 757 273 799 315
wagui 0.0033 629 291 677 323
wagui 0.0032 479 357 523 382
wagui 0.0026 710 307 753 334
wagui 0.0023 507 277 558 334
wagui 0.0023 624 461 682 495
wagui 0.0021 493 384 540 410
wagui 0.0021 430 416 475 445
wagui 0.0020 723 313 768 337
wagui 0.0019 422 347 460 384
wagui 0.0016 421 340 458 370
wagui 0.0016 728 324 794 348
wagui 0.0015 431 312 474 339
wagui 0.0015 427 419 479 468
wagui 0.0014 429 387 473 417
wagui 0.0014 759 247 802 304
wagui 0.0014 663 294 709 319
wagui 0.0013 527 460 591 495
wagui 0.0012 615 434 666 463
wagui 0.0012 565 433 620 463
wagui 0.0011 733 309 790 334
wagui 0.0010 735 280 786 308
wagui 0.0010 593 193 649 238
wagui 0.0010 689 250 772 276
wagui 0.0010 72 327 343 540
