Kongrou 0.0027 162 99 265 163
Kongrou 0.0014 148 42 198 65
Kongrou 0.0013 90 47 140 70
Kongrou 0.0011 184 62 245 95
Kongrou 0.0010 68 104 157 160
Kongrou 0.0010 53 70 108 100
Kongrou 0.0010 30 43 77 63
Rouzaofun 0.0029 -2 68 43 96
Rouzaofun 0.0028 165 102 250 169
Rouzaofun 0.0027 184 62 245 95
Rouzaofun 0.0025 59 107 137 165
Rouzaofun 0.0022 42 71 103 105
Rouzaofun 0.0019 148 42 198 65
Rouzaofun 0.0017 30 43 77 63
Rouzaofun 0.0015 90 47 140 70
Rouzaofun 0.0014 73 32 114 51
Rice_with_Shredded_Chicken 0.0021 6 -87 172 26
migao 0.0010 155 97 251 156
wagui 0.9993 151 43 200 68
wagui 0.9980 97 48 141 71
wagui 0.9977 47 72 108 104
wagui 0.9977 121 72 178 104
wagui 0.9976 70 108 146 164
wagui 0.9973 0 68 47 95
wagui 0.9919 76 32 118 51
wagui 0.9901 155 99 252 163
wagui 0.9843 188 62 252 96
wagui 0.9720 27 44 72 65
wagui 0.0091 111 69 190 115
wagui 0.0081 24 34 75 61
wagui 0.0025 56 67 106 91
wagui 0.0020 -10 58 58 107
wagui 0.0019 138 35 214 78
wagui 0.0017 10 7 265 174
wagui 0.0016 82 33 155 82
wagui 0.0016 4 62 52 85
wagui 0.0011 101 41 145 65
