Kongrou 0.0011 44 390 211 538
Rouzaofun 0.0021 44 390 211 538
Rouzaofun 0.0020 37 108 316 327
Rouzaofun 0.0017 525 11 574 44
Rice_with_Shredded_Chicken 0.0046 533 10 579 44
Rice_with_Shredded_Chicken 0.0010 267 369 387 437
migao 0.7840 32 122 320 337
migao 0.7381 46 398 210 545
migao 0.0324 267 369 387 437
migao 0.0057 533 10 579 44
migao 0.0015 600 249 674 307
migao 0.0014 29 384 231 625
migao 0.0014 592 116 652 159
wagui 0.1456 533 10 579 44
wagui 0.0438 628 135 677 169
wagui 0.0249 267 369 387 437
wagui 0.0131 592 116 652 159
wagui 0.0109 474 0 529 35
wagui 0.0103 419 11 479 53
wagui 0.0084 595 164 651 202
wagui 0.0071 622 103 686 143
wagui 0.0064 669 104 729 144
wagui 0.0057 534 43 582 74
wagui 0.0054 361 129 421 173
wagui 0.0044 376 88 435 125
wagui 0.0037 476 58 528 92
wagui 0.0025 44 390 211 538
wagui 0.0022 525 1 573 37
wagui 0.0021 671 121 724 153
wagui 0.0017 353 112 404 163
wagui 0.0016 452 105 510 141
wagui 0.0015 660 134 710 167
wagui 0.0014 37 108 316 327
