Rouzaofun 0.9159 123 119 219 187
Rouzaofun 0.9095 45 97 118 161
Rouzaofun 0.8743 1 66 53 113
Rouzaofun 0.6851 201 64 261 123
Rouzaofun 0.0057 13 15 244 178
Rouzaofun 0.0028 98 19 205 59
Rouzaofun 0.0022 -6 64 80 122
Rouzaofun 0.0012 146 130 215 177
Rice_with_Shredded_Chicken 0.0052 98 19 205 59
Rice_with_Shredded_Chicken 0.0046 -2 62 57 116
Rice_with_Shredded_Chicken 0.0023 201 61 260 118
Rice_with_Shredded_Chicken 0.0012 45 93 119 157
migao 0.0191 123 119 219 187
migao 0.0169 201 64 261 123
migao 0.0024 1 66 53 113
migao 0.0013 45 101 118 165
wagui 0.0069 8 0 249 194
wagui 0.0028 1 66 53 113
wagui 0.0019 131 53 183 87
wagui 0.0016 194 64 259 123
wagui 0.0012 56 30 108 68
