Kongrou 0.0045 832 358 1003 492
Kongrou 0.0010 41 63 555 659
Rouzaofun 0.0168 1000 256 1099 292
Rouzaofun 0.0072 932 264 993 302
Rouzaofun 0.0043 920 237 988 273
Rouzaofun 0.0040 992 243 1070 281
Rouzaofun 0.0031 851 363 1044 513
Rouzaofun 0.0026 106 146 551 634
Rouzaofun 0.0022 666 426 925 643
Rouzaofun 0.0017 856 264 920 299
Rouzaofun 0.0014 1169 251 1203 309
Rouzaofun 0.0013 838 260 898 307
Rouzaofun 0.0013 647 215 706 255
Rouzaofun 0.0010 947 276 1002 317
Rice_with_Shredded_Chicken 0.9934 838 365 1028 507
Rice_with_Shredded_Chicken 0.9785 63 141 529 604
Rice_with_Shredded_Chicken 0.4899 666 426 925 643
Rice_with_Shredded_Chicken 0.0957 1000 256 1099 292
Rice_with_Shredded_Chicken 0.0126 800 328 1067 551
Rice_with_Shredded_Chicken 0.0071 932 264 993 302
Rice_with_Shredded_Chicken 0.0066 1069 284 1130 318
Rice_with_Shredded_Chicken 0.0053 838 260 898 307
Rice_with_Shredded_Chicken 0.0051 856 264 920 299
Rice_with_Shredded_Chicken 0.0049 653 307 713 341
Rice_with_Shredded_Chicken 0.0039 658 49 794 101
Rice_with_Shredded_Chicken 0.0039 1001 274 1098 319
Rice_with_Shredded_Chicken 0.0039 880 288 942 324
Rice_with_Shredded_Chicken 0.0038 947 276 1002 317
Rice_with_Shredded_Chicken 0.0025 691 341 815 407
Rice_with_Shredded_Chicken 0.0024 1065 236 1127 272
Rice_with_Shredded_Chicken 0.0019 878 300 945 342
Rice_with_Shredded_Chicken 0.0018 877 264 944 294
Rice_with_Shredded_Chicken 0.0018 712 287 783 325
Rice_with_Shredded_Chicken 0.0016 823 366 962 476
Rice_with_Shredded_Chicken 0.0015 992 243 1070 281
Rice_with_Shredded_Chicken 0.0015 710 304 789 339
Rice_with_Shredded_Chicken 0.0013 850 356 1057 446
Rice_with_Shredded_Chicken 0.0013 1061 215 1131 258
Rice_with_Shredded_Chicken 0.0012 827 280 905 320
Rice_with_Shredded_Chicken 0.0011 920 237 988 273
Rice_with_Shredded_Chicken 0.0011 629 254 684 301
Rice_with_Shredded_Chicken 0.0011 1169 251 1203 309
migao 0.1652 1000 256 1099 292
migao 0.0157 947 265 1002 303
migao 0.0096 647 215 706 255
migao 0.0056 1069 284 1130 318
migao 0.0041 653 307 713 341
migao 0.0035 1169 251 1203 309
migao 0.0033 920 237 988 273
migao 0.0032 992 243 1070 281
migao 0.0022 931 276 993 318
migao 0.0020 1001 274 1098 319
migao 0.0019 843 374 1025 534
migao 0.0017 49 140 494 601
migao 0.0014 694 288 765 325
migao 0.0010 627 238 688 276
wagui 0.0487 1000 256 1099 292
wagui 0.0249 1069 284 1130 318
wagui 0.0119 1169 251 1203 309
wagui 0.0077 653 307 713 341
wagui 0.0037 947 265 1002 303
wagui 0.0037 1115 255 1168 308
wagui 0.0029 838 260 898 307
wagui 0.0028 647 215 706 255
wagui 0.0023 856 264 920 299
wagui 0.0021 658 49 794 101
wagui 0.0019 1168 268 1203 335
wagui 0.0016 629 254 684 301
wagui 0.0015 1065 236 1127 272
wagui 0.0014 1134 251 1195 308
wagui 0.0013 1080 261 1158 306
wagui 0.0012 1001 274 1098 319
wagui 0.0011 712 287 783 325
wagui 0.0011 627 238 688 276
wagui 0.0010 41 63 555 659
wagui 0.0010 594 336 678 411
