Kongrou 0.0030 266 35 414 180
Kongrou 0.0028 226 207 397 376
Rouzaofun 0.0035 266 35 414 180
Rouzaofun 0.0012 226 207 397 376
Rouzaofun 0.0012 70 27 262 166
Rice_with_Shredded_Chicken 0.9788 273 34 429 180
Rice_with_Shredded_Chicken 0.8794 213 206 388 376
Rice_with_Shredded_Chicken 0.0028 70 27 262 166
Rice_with_Shredded_Chicken 0.0017 52 199 205 359
migao 0.4832 52 199 205 359
migao 0.3948 70 27 262 166
migao 0.0802 212 200 389 365
migao 0.0047 272 43 430 191
wagui 0.2012 61 24 270 168
wagui 0.0741 203 199 376 366
wagui 0.0040 269 25 433 172
wagui 0.0030 57 192 200 345
