Kongrou 0.0023 126 20 681 571
Rouzaofun 0.0065 121 32 766 559
Rice_with_Shredded_Chicken 0.0031 126 20 681 571
Rice_with_Shredded_Chicken 0.0027 670 448 784 571
Rice_with_Shredded_Chicken 0.0021 442 451 550 556
Rice_with_Shredded_Chicken 0.0014 782 490 800 614
migao 0.0027 126 20 681 571
wagui 0.7830 80 25 734 558
wagui 0.0191 215 422 326 527
wagui 0.0189 547 91 628 157
wagui 0.0124 140 350 248 447
wagui 0.0114 405 340 508 432
wagui 0.0109 535 393 645 493
wagui 0.0096 323 436 436 540
wagui 0.0078 442 451 550 556
wagui 0.0069 472 45 554 113
wagui 0.0059 302 331 416 431
wagui 0.0058 124 262 229 348
wagui 0.0046 587 317 694 413
wagui 0.0043 372 252 471 333
wagui 0.0037 127 177 225 258
wagui 0.0028 394 25 479 95
wagui 0.0023 492 293 595 380
wagui 0.0023 316 27 402 98
wagui 0.0021 231 276 333 365
wagui 0.0018 589 155 685 236
wagui 0.0018 241 56 324 125
wagui 0.0014 782 41 800 143
wagui 0.0012 172 111 270 190
wagui 0.0011 509 209 614 288
wagui 0.0011 412 177 523 276
wagui 0.0010 214 189 323 273
