Kongrou 0.0035 8 179 154 289
Kongrou 0.0034 445 208 585 324
Kongrou 0.0015 133 256 273 365
Kongrou 0.0014 282 258 438 367
Kongrou 0.0011 27 70 155 154
Kongrou 0.0010 136 4 248 86
Kongrou 0.0010 156 131 272 227
Rouzaofun 0.0042 445 208 585 324
Rouzaofun 0.0038 278 162 408 254
Rouzaofun 0.0032 -8 171 134 297
Rouzaofun 0.0026 140 260 264 360
Rouzaofun 0.0019 297 269 444 374
Rouzaofun 0.0019 142 138 255 236
Rouzaofun 0.0018 261 62 366 150
Rouzaofun 0.0014 118 9 234 92
Rouzaofun 0.0011 370 9 480 94
Rouzaofun 0.0011 27 70 155 154
Rice_with_Shredded_Chicken 0.0018 9 189 153 312
Rice_with_Shredded_Chicken 0.0015 241 1 345 40
Rice_with_Shredded_Chicken 0.0012 147 138 267 248
Rice_with_Shredded_Chicken 0.0012 110 265 259 371
Rice_with_Shredded_Chicken 0.0010 261 62 366 150
Rice_with_Shredded_Chicken 0.0010 277 158 427 259
migao 0.0016 445 208 585 324
migao 0.0015 9 189 153 312
migao 0.0012 107 258 262 363
migao 0.0011 138 131 274 242
wagui 0.9990 21 75 147 163
wagui 0.9989 3 184 141 301
wagui 0.9983 430 207 563 323
wagui 0.9967 276 270 427 373
wagui 0.9967 413 98 535 187
wagui 0.9959 288 159 420 255
wagui 0.9943 149 136 266 237
wagui 0.9942 128 9 243 92
wagui 0.9891 252 62 360 149
wagui 0.9883 358 8 472 93
wagui 0.9865 124 263 262 359
wagui 0.7433 241 1 345 40
wagui 0.0037 -1 279 12 361
wagui 0.0036 546 115 579 214
wagui 0.0018 35 -41 548 426
wagui 0.0010 565 106 581 222
