Kongrou 0.0016 419 244 488 296
Kongrou 0.0015 45 317 129 381
Kongrou 0.0015 300 316 390 381
Kongrou 0.0014 291 401 376 468
Kongrou 0.0013 529 242 601 299
Kongrou 0.0011 300 192 370 236
Kongrou 0.0010 424 316 508 372
Kongrou 0.0010 301 125 360 172
Kongrou 0.0010 89 17 649 552
Rouzaofun 0.0026 45 317 129 381
Rouzaofun 0.0024 529 242 601 299
Rouzaofun 0.0023 287 321 376 386
Rouzaofun 0.0018 314 126 375 172
Rouzaofun 0.0018 419 244 488 296
Rouzaofun 0.0017 424 316 508 372
Rouzaofun 0.0015 62 253 136 305
Rouzaofun 0.0014 448 393 533 468
Rouzaofun 0.0014 424 190 483 229
Rouzaofun 0.0014 536 319 618 373
Rouzaofun 0.0014 207 193 272 233
Rouzaofun 0.0013 148 94 198 127
Rouzaofun 0.0013 163 400 251 468
Rouzaofun 0.0012 118 141 179 174
Rouzaofun 0.0012 -1 256 38 300
Rouzaofun 0.0010 54 93 114 126
Rice_with_Shredded_Chicken 0.0029 522 118 593 170
Rice_with_Shredded_Chicken 0.0017 142 98 190 126
Rice_with_Shredded_Chicken 0.0014 207 193 272 233
Rice_with_Shredded_Chicken 0.0014 304 68 374 123
Rice_with_Shredded_Chicken 0.0014 110 142 176 175
Rice_with_Shredded_Chicken 0.0012 424 190 483 229
Rice_with_Shredded_Chicken 0.0010 179 315 260 380
migao 0.0082 0 252 38 296
migao 0.0031 522 118 593 170
migao 0.0027 -1 308 13 380
migao 0.0026 5 446 78 485
migao 0.0026 142 98 190 126
migao 0.0018 110 142 176 175
migao 0.0018 3 439 56 477
migao 0.0015 39 317 125 381
migao 0.0014 62 253 136 305
migao 0.0013 569 407 642 475
wagui 0.9993 536 244 612 299
wagui 0.9992 301 323 379 383
wagui 0.9984 439 319 515 373
wagui 0.9982 456 395 539 469
wagui 0.9970 300 199 369 237
wagui 0.9966 426 247 500 296
wagui 0.9959 43 324 124 383
wagui 0.9958 168 405 254 473
wagui 0.9916 549 322 626 373
wagui 0.9903 310 130 369 171
wagui 0.9840 427 190 488 229
wagui 0.9804 291 407 369 472
wagui 0.9803 186 320 259 384
wagui 0.9740 142 98 190 126
wagui 0.9728 512 194 575 231
wagui 0.9676 57 253 132 304
wagui 0.9592 63 96 114 125
wagui 0.9557 209 198 271 235
wagui 0.9234 0 252 38 296
wagui 0.8709 305 252 364 278
wagui 0.8482 110 142 176 175
wagui 0.7840 522 118 593 170
wagui 0.1924 304 68 374 123
wagui 0.0482 86 193 151 229
wagui 0.0352 -1 308 13 380
wagui 0.0269 59 141 100 173
wagui 0.0179 624 168 641 249
wagui 0.0155 50 99 112 137
wagui 0.0142 561 405 637 475
wagui 0.0127 49 80 115 123
wagui 0.0088 226 15 304 81
wagui 0.0080 202 133 279 185
wagui 0.0073 581 8 636 41
wagui 0.0069 606 178 640 241
wagui 0.0067 625 49 639 197
wagui 0.0064 39 121 93 146
wagui 0.0057 -3 256 24 303
wagui 0.0050 302 253 371 303
wagui 0.0047 506 47 612 122
wagui 0.0043 301 25 375 72
wagui 0.0042 441 50 527 120
wagui 0.0039 150 104 198 134
wagui 0.0034 84 -33 656 511
wagui 0.0030 585 19 632 49
wagui 0.0029 515 134 581 177
wagui 0.0028 624 250 641 314
wagui 0.0025 431 370 565 493
wagui 0.0023 95 124 184 144
wagui 0.0022 605 53 637 191
wagui 0.0022 503 202 641 340
wagui 0.0020 2 230 53 287
wagui 0.0018 227 89 301 177
wagui 0.0017 625 103 640 263
wagui 0.0017 39 128 96 163
wagui 0.0016 103 15 204 107
wagui 0.0015 153 374 274 491
wagui 0.0014 15 197 66 217
wagui 0.0014 152 278 282 414
wagui 0.0013 403 276 546 414
wagui 0.0012 391 202 532 340
wagui 0.0012 268 287 410 425
wagui 0.0012 273 72 403 225
wagui 0.0011 623 20 642 79
wagui 0.0011 124 105 188 133
wagui 0.0011 -35 61 483 610
wagui 0.0010 13 284 148 409
wagui 0.0010 106 32 225 190
