Kongrou 0.0029 172 336 440 591
Kongrou 0.0027 471 363 733 614
Kongrou 0.0014 564 163 796 342
Rouzaofun 0.0034 471 363 733 614
Rouzaofun 0.0027 150 328 425 567
Rouzaofun 0.0010 543 145 816 360
Rice_with_Shredded_Chicken 0.0188 189 320 458 546
Rice_with_Shredded_Chicken 0.0072 506 352 770 593
Rice_with_Shredded_Chicken 0.0011 559 145 836 361
migao 0.9825 193 328 454 565
migao 0.9663 506 366 770 610
migao 0.8287 559 145 836 361
migao 0.0674 259 47 424 174
wagui 0.0043 171 319 441 547
wagui 0.0033 502 384 775 623
wagui 0.0011 558 155 838 382
