Kongrou 0.0016 6 82 49 144
Rouzaofun 0.0047 6 82 49 144
Rouzaofun 0.0022 2 18 54 65
Rouzaofun 0.0022 68 85 128 161
Rice_with_Shredded_Chicken 0.0027 2 18 54 65
Rice_with_Shredded_Chicken 0.0017 62 16 126 74
Rice_with_Shredded_Chicken 0.0014 6 82 49 144
Rice_with_Shredded_Chicken 0.0010 57 74 130 163
migao 0.0183 58 84 127 161
migao 0.0082 4 77 45 136
migao 0.0025 62 16 126 74
migao 0.0020 2 18 54 65
wagui 0.9663 4 83 45 143
wagui 0.9228 58 83 127 155
wagui 0.7185 2 14 54 63
wagui 0.4596 62 16 126 74
wagui 0.0074 100 0 126 9
wagui 0.0034 0 158 35 176
wagui 0.0017 0 165 30 176
wagui 0.0016 51 3 73 27
wagui 0.0011 11 0 51 3
wagui 0.0011 43 0 74 9
wagui 0.0010 110 160 128 175
wagui 0.0010 -1 0 17 23
