Kongrou 0.0030 2137 1158 2792 1843
Kongrou 0.0028 1154 936 1995 1728
Kongrou 0.0022 2045 354 2756 997
Rouzaofun 0.0098 26 1457 476 1907
Rouzaofun 0.0045 641 672 1158 1221
Rice_with_Shredded_Chicken 0.9612 1159 894 1990 1680
Rice_with_Shredded_Chicken 0.6674 2137 1158 2792 1843
Rice_with_Shredded_Chicken 0.5414 2001 354 2706 993
Rice_with_Shredded_Chicken 0.1453 216 206 707 709
Rice_with_Shredded_Chicken 0.0342 56 775 563 1278
Rice_with_Shredded_Chicken 0.0248 604 675 1127 1223
Rice_with_Shredded_Chicken 0.0034 1686 1896 2354 2328
Rice_with_Shredded_Chicken 0.0024 26 1457 476 1907
Rice_with_Shredded_Chicken 0.0015 1226 116 1930 793
migao 0.0429 604 675 1127 1223
migao 0.0318 2130 1134 2797 1790
migao 0.0051 216 206 707 709
migao 0.0046 26 1457 476 1907
migao 0.0025 2001 354 2706 993
migao 0.0010 1116 858 1938 1633
wagui 0.0100 2130 1134 2797 1790
wagui 0.0039 2001 354 2706 993
wagui 0.0021 216 206 707 709
