Kongrou 0.0055 196 240 340 382
Kongrou 0.0035 -11 229 142 371
Kongrou 0.0030 373 246 510 377
Kongrou 0.0029 119 95 257 228
Kongrou 0.0020 284 109 437 252
Kongrou 0.0020 463 96 604 225
Kongrou 0.0017 502 229 598 392
Kongrou 0.0012 375 1 505 86
Rouzaofun 0.0132 129 106 269 237
Rouzaofun 0.0108 192 257 344 403
Rouzaofun 0.0082 208 7 348 100
Rouzaofun 0.0050 369 264 514 395
Rouzaofun 0.0043 -9 250 139 385
Rouzaofun 0.0037 430 103 576 233
Rouzaofun 0.0032 375 1 505 86
Rouzaofun 0.0022 0 93 95 220
Rouzaofun 0.0021 16 0 164 86
Rouzaofun 0.0021 284 109 437 252
Rouzaofun 0.0019 88 107 225 252
Rouzaofun 0.0015 531 -1 601 73
Rouzaofun 0.0014 507 239 597 380
Rice_with_Shredded_Chicken 0.0051 365 9 497 92
Rice_with_Shredded_Chicken 0.0034 186 0 353 107
Rice_with_Shredded_Chicken 0.0026 505 240 595 399
Rice_with_Shredded_Chicken 0.0024 284 109 437 252
Rice_with_Shredded_Chicken 0.0020 530 1 602 84
Rice_with_Shredded_Chicken 0.0019 115 110 261 248
Rice_with_Shredded_Chicken 0.0016 0 0 30 65
Rice_with_Shredded_Chicken 0.0016 194 249 341 393
Rice_with_Shredded_Chicken 0.0013 47 1 186 83
Rice_with_Shredded_Chicken 0.0012 373 255 510 386
Rice_with_Shredded_Chicken 0.0011 -8 -256 423 103
Rice_with_Shredded_Chicken 0.0011 -6 87 88 226
migao 0.0016 194 249 341 393
migao 0.0013 119 95 257 228
migao 0.0013 8 232 160 369
migao 0.0011 502 229 598 392
migao 0.0011 448 81 599 219
migao 0.0010 -4 79 86 218
wagui 0.9995 2 241 148 378
wagui 0.9994 175 250 322 392
wagui 0.9993 107 102 250 239
wagui 0.9976 441 93 586 227
wagui 0.9975 347 254 496 388
wagui 0.9968 33 2 181 82
wagui 0.9958 194 5 329 100
wagui 0.9905 363 4 498 84
wagui 0.9904 269 105 412 239
wagui 0.9874 520 237 600 397
wagui 0.9827 523 0 602 81
wagui 0.9623 -2 82 85 215
wagui 0.0155 0 0 30 65
wagui 0.0034 0 -5 15 90
wagui 0.0024 378 -3 484 52
wagui 0.0020 26 -45 575 441
wagui 0.0017 -2 231 14 295
wagui 0.0014 556 252 601 388
wagui 0.0012 285 57 680 425
