Kongrou 0.0018 86 189 139 244
Kongrou 0.0017 85 95 129 130
Kongrou 0.0014 69 137 115 177
Kongrou 0.0012 65 20 100 48
Kongrou 0.0012 97 53 133 84
Kongrou 0.0011 55 63 91 93
Kongrou 0.0011 4 67 41 98
Kongrou 0.0010 3 142 44 184
Rouzaofun 0.0041 -3 107 27 143
Rouzaofun 0.0038 85 97 129 133
Rouzaofun 0.0034 -3 146 37 187
Rouzaofun 0.0029 89 192 135 241
Rouzaofun 0.0027 22 37 60 67
Rouzaofun 0.0023 69 140 115 180
Rouzaofun 0.0020 27 180 74 230
Rouzaofun 0.0018 149 177 195 223
Rouzaofun 0.0016 0 69 33 102
Rouzaofun 0.0015 100 54 143 87
Rouzaofun 0.0014 31 104 71 139
Rouzaofun 0.0014 122 130 171 171
Rouzaofun 0.0014 65 20 100 48
Rouzaofun 0.0011 99 18 133 47
Rouzaofun 0.0010 137 31 174 61
Rice_with_Shredded_Chicken 0.0011 167 56 193 89
Rice_with_Shredded_Chicken 0.0011 81 193 136 247
migao 0.0010 62 19 99 48
wagui 0.9944 25 38 63 67
wagui 0.9939 62 22 99 51
wagui 0.9938 102 18 139 47
wagui 0.9927 99 55 136 86
wagui 0.9920 84 191 132 242
wagui 0.9894 139 31 177 62
wagui 0.9893 0 147 42 187
wagui 0.9853 66 140 110 179
wagui 0.9841 144 176 191 223
wagui 0.9836 35 105 75 139
wagui 0.9791 2 69 38 101
wagui 0.9789 84 96 124 130
wagui 0.9707 32 178 78 225
wagui 0.9702 120 131 165 169
wagui 0.9642 0 107 29 143
wagui 0.8636 52 65 89 96
wagui 0.7082 167 56 193 89
wagui 0.0674 175 138 193 175
wagui 0.0387 -11 1 205 252
wagui 0.0140 182 95 194 129
wagui 0.0051 25 97 84 147
wagui 0.0033 75 87 133 137
wagui 0.0024 129 22 188 72
wagui 0.0018 19 21 69 74
wagui 0.0013 95 9 151 56
wagui 0.0011 90 47 148 96
wagui 0.0011 51 11 109 63
wagui 0.0010 76 186 161 247
wagui 0.0010 126 171 202 230
wagui 0.0010 15 176 93 235
